2017-12-17 00:03:25 ; 27.7458332777; 27.6250001589; 27.5625001987; 27.4687498808; 27.3604161342; 27.4416664441; 27.4395831029; 27.4458331267; 27.3124992847; 84.6770831744; 85.6583337784; 79.2999998728; 77.8500000636; 76.6229168574; 78.8062493006; 84.4562498728; 76.4625004133; 81.9291671117; 0 
2017-12-17 00:08:28 ; 27.7875001431; 27.6874997616; 27.6437498331; 27.5250000954; 27.4124996662; 27.485416611; 27.5020833413; 27.4770832459; 27.3562494516; 85.1520835559; 86.0604168574; 79.8583332698; 78.3937501907; 77.0999994278; 79.1041668256; 84.7791666985; 76.4208331108; 81.9041665395; 0 
2017-12-17 00:13:32 ; 27.8346937141; 27.7163265384; 27.6510206729; 27.5346940099; 27.4285711561; 27.4857142312; 27.4795917589; 27.4734692865; 27.3489790157; 83.9816326219; 84.828571086; 78.8040815081; 77.4061221687; 76.2673469076; 78.1428569872; 83.5918367347; 75.4897963855; 80.7102038325; 0 
2017-12-17 00:18:37 ; 27.8187499841; 27.6708333095; 27.6125000715; 27.514583389; 27.3937495947; 27.4687498808; 27.4708332221; 27.4749999046; 27.3395827214; 83.1500002543; 84.1270833015; 77.7916660309; 76.5166668892; 75.3916662534; 77.4124997457; 82.8562502861; 74.9208332698; 80.2083336512; 0
2017-12-17 00:23:43 ; 27.7395833731; 27.6250001987; 27.5729169448; 27.4749999046; 27.3583327929; 27.4395831029; 27.4354164203; 27.447916468; 27.3208326499; 86.0833336512; 87.0541667938; 80.8562501272; 79.2479166985; 77.9458335241; 80.129166762; 85.8562502861; 77.3416662216; 82.7833334605; 0 
2017-12-17 00:28:50 ; 27.7897960507; 27.6816326064; 27.6204081555; 27.5163265929; 27.4040812668; 27.4673468142; 27.4693876383; 27.4693876383; 27.3469381916; 86.3020402558; 87.2306127743; 81.0857140677; 79.5061223556; 78.2265305811; 80.2938772708; 85.9959181182; 77.4061227915; 82.7897957004; 0 
2017-12-17 00:34:01 ; 27.9895834128; 27.8479163647; 27.7833331426; 27.6583337784; 27.5208334128; 27.5645835797; 27.5645835797; 27.5687502623; 27.4124996662; 83.2020834287; 84.0833331744; 78.168750604; 76.8812502225; 75.7562500636; 77.629166921; 83.0145832698; 75.0958333015; 80.2499996821; 0 
2017-12-17 00:39:05 ; 27.8312499523; 27.7083334525; 27.6375002861; 27.5541668733; 27.4354164203; 27.5083333651; 27.5083333651; 27.5020833413; 27.3312493563; 84.4854160945; 85.4270830154; 78.9979166985; 77.5354164441; 76.3749998411; 78.558333079; 84.2333332698; 76.1437500318; 81.5354162852; 0 
2017-12-17 00:44:11 ; 27.8042555058; 27.727659469; 27.6553188892; 27.5595746953; 27.4659573169; 27.5170213415; 27.5212766769; 27.4765956554; 27.355318597; 85.8510638298; 86.6085109305; 80.5191494556; 78.9787237289; 77.7085102162; 79.6297872016; 85.3255319798; 76.9319149585; 82.572340945; 0 
2017-12-17 00:49:19 ; 27.5510201746; 27.5142857688; 27.4571431608; 27.3693878018; 27.2632650259; 27.3142856286; 27.2959182506; 27.2755100484; 27.1142854496; 80.0938776756; 80.4306122138; 74.806122449; 73.5816328088; 72.597959246; 74.0795920236; 79.1591840472; 71.9244900139; 78.5653060602; 0 
2017-12-17 00:54:27 ; 27.3137256024; 27.200000015; 27.1431371277; 27.0392157611; 26.9254903606; 26.9372551114; 26.9392159032; 27.0372548945; 26.9627455169; 84.2039215985; 85.2294117049; 79.3098038318; 77.7725486007; 76.6666666667; 78.9941178864; 84.507842868; 75.7941173479; 81.0431376439; 0
2017-12-17 00:59:27 ; 28.1522726579; 27.7931815494; 27.6613637751; 27.5068183379; 27.324999896; 27.3181817315; 27.3840909004; 27.6090910651; 27.6318182078; 85.2613638098; 87.1386359822; 81.2454544414; 79.754545732; 78.8295459747; 81.488636537; 87.0909089175; 77.8590908051; 82.8750003468; 0 
2017-12-17 01:04:39 ; 28.9900001526; 28.6699998474; 28.5240000916; 28.3659999847; 28.1840000153; 28.23; 28.3279998779; 28.4979999924; 28.4339997482; 82.25; 83.9400001526; 77.9560002136; 76.9040002441; 76.1759999084; 78.2579997253; 83.5879997253; 74.9380001831; 79.606000061; 0 
2017-12-17 01:09:43 ; 29.1869563642; 28.8434782443; 28.7217388568; 28.5804348407; 28.4108696399; 28.4413044556; 28.5108697311; 28.6478259874; 28.5934786175; 81.0478258548; 82.6565221704; 76.7304349153; 75.6804346831; 74.9500002654; 77.0456521407; 82.3391307333; 74.1565221704; 78.8021741121; 0 
2017-12-17 01:14:48 ; 29.164583683; 28.9187496901; 28.808333079; 28.6687504053; 28.5500001907; 28.5541668733; 28.6229171356; 28.7000007629; 28.6104170879; 80.9624997775; 82.1062502861; 75.9937499364; 74.9520832698; 74.2437502543; 76.3562501272; 81.710416158; 73.9333337148; 78.9062495232; 0
2017-12-17 01:19:56 ; 28.9040812668; 28.7142861425; 28.6448982784; 28.5428572674; 28.4306119802; 28.4510202213; 28.4612243419; 28.536734834; 28.4142853873; 83.3142857454; 84.5408161708; 78.0877550086; 76.8346939087; 75.9142859323; 78.1000001868; 83.7530612556; 75.6693876617; 80.9326531546; 0 
2017-12-17 01:25:05 ; 28.7346939165; 28.5489797787; 28.5285715376; 28.4163262114; 28.3020408397; 28.3285714364; 28.3122448435; 28.3346938308; 28.224489757; 82.597959246; 83.593877987; 77.204081477; 75.9714285403; 75.038775697; 77.1326529055; 82.7795919302; 75.0387749185; 80.0469391492; 0 
2017-12-17 01:30:07 ; 28.6782615496; 28.473912944; 28.3956517759; 28.3065210425; 28.1934789989; 28.2000007215; 28.1978268416; 28.1978268001; 28.0978264601; 79.6500000332; 80.4260872551; 74.4065218386; 73.4565217391; 72.7000002654; 74.6130439095; 80.0304349816; 72.8304347163; 77.7652174908; 0 
2017-12-17 01:35:15 ; 28.4666665395; 28.2583334446; 28.2145835559; 28.1375005245; 28.0291667779; 28.0354168018; 28.0270834366; 28.0375001431; 27.9749999046; 82.7583332062; 83.7749999364; 77.3125; 76.0166667302; 75.1270833015; 77.3770833015; 83.1625000636; 75.3458333015; 80.5999997457; 0 
2017-12-17 01:40:24 ; 28.463265166; 28.2653060835; 28.2265304643; 28.1530611466; 28.0163265929; 28.0346940099; 28.0265307135; 28.036734834; 27.963265166; 82.6020412834; 83.5591841717; 77.2020413146; 75.9551017917; 75.0571429194; 77.0938775199; 82.9163267175; 75.0734693566; 80.216327278; 0 
2017-12-17 01:45:27 ; 28.5478262694; 28.3021736145; 28.2456521159; 28.1608701789; 28.0456523481; 28.0413045054; 28.0347827414; 28.0630437188; 27.9760868653; 80.0500002322; 80.9652170928; 74.9130433124; 73.8673915034; 73.1413045137; 75.0282611018; 80.4978256226; 73.1152176235; 77.9652172586; 0 
2017-12-17 01:50:32 ; 28.4617019816; 28.2085107844; 28.1744682637; 28.0787237046; 27.9702126523; 27.9744679877; 27.9829786585; 28.0170213415; 27.94468064; 82.1510637973; 83.2042547997; 76.8404256942; 75.6127656977; 74.7234044176; 76.8531916192; 82.4787227549; 74.7425528993; 79.763829982; 0 
2017-12-17 01:55:35 ; 28.4916666349; 28.2520833413; 28.2104167541; 28.1291668415; 28.0; 28.0062500238; 28.0208334128; 28.0812503099; 28.014583389; 83.3666667938; 84.5833330154; 78.160416762; 76.8000003497; 75.9062501589; 78.0833333333; 83.8895832698; 75.6312497457; 80.4229165713; 0 
2017-12-17 02:00:39 ; 28.5980000305; 28.3619999313; 28.3059999847; 28.2219999313; 28.0940003586; 28.0960003662; 28.1020003891; 28.1560005951; 28.070000267; 82.6859996033; 83.8559997559; 77.5419999695; 76.2559996033; 75.3480000305; 77.4559997559; 83.2180001831; 75.1860003662; 79.9020002747; 0 
2017-12-17 02:05:51 ; 28.6183674871; 28.3918364778; 28.3306119101; 28.2489794128; 28.1326535673; 28.1387760396; 28.1387760396; 28.1612251048; 28.0795921404; 81.9775508958; 83.0836734382; 76.8408162642; 75.591836579; 74.7265307368; 76.7795922416; 82.4693874437; 74.6632654618; 79.3387756348; 0 
2017-12-17 02:10:53 ; 28.6446810377; 28.3999997403; 28.3404252884; 28.2595742814; 28.1276600615; 28.1234047261; 28.1255323938; 28.1638304122; 28.0744683692; 80.8893619294; 81.9574466462; 75.7723403281; 74.7127657951; 73.8978722755; 75.9446803965; 81.5021276271; 73.8765956797; 78.3170219584; 0 
2017-12-17 02:16:02 ; 28.6219999695; 28.377999649; 28.323999939; 28.236000061; 28.1060003662; 28.0900003433; 28.1020003891; 28.1560004044; 28.0720002747; 81.3040000916; 82.306000061; 76.0519999695; 74.8940002441; 74.1260002136; 76.3119999695; 81.8779995728; 74.2140000916; 79.1200003052; 0
2017-12-17 02:21:06 ; 28.5979168812; 28.3729162216; 28.3208331267; 28.2354166905; 28.1083337466; 28.1166671117; 28.1291671197; 28.1666671832; 28.1083337466; 83.5541664759; 84.7937498093; 78.3291665713; 76.9979166985; 76.0604166985; 78.3062496185; 84.1020833651; 75.8874998093; 80.8562499682; 0 
2017-12-17 02:26:10 ; 28.6179997635; 28.4079997253; 28.3539999771; 28.2660000992; 28.1520001984; 28.1580004501; 28.1500005722; 28.206000061; 28.1440005493; 83.0240000916; 84.1699998474; 77.8140002441; 76.5340000916; 75.6340000916; 77.7619999695; 83.5579998779; 75.44; 80.3480001831; 0 
2017-12-17 02:31:14 ; 28.6369565881; 28.4065215484; 28.3543476851; 28.2652172006; 28.1434788082; 28.1413048869; 28.1500005722; 28.1978265099; 28.1130439095; 82.4086953868; 83.5130432792; 77.2630436109; 76.0152169932; 75.1543477929; 77.2673912048; 83.0195650847; 74.9695651842; 79.6782611349; 0 
2017-12-17 02:36:17 ; 28.6591838136; 28.4163262114; 28.3734689829; 28.2755100484; 28.1448985119; 28.1428576878; 28.1489801601; 28.2061227682; 28.110204502; 81.7244899516; 82.8204077896; 76.6673470322; 75.491837015; 74.6877551955; 76.7448978035; 82.3448978346; 74.4693879108; 79.202040069; 0 
2017-12-17 02:41:28 ; 28.6645833651; 28.4124996662; 28.3624998331; 28.2729166349; 28.1416670481; 28.1479172309; 28.1500005325; 28.1875002384; 28.1145837704; 81.0812497139; 82.1145830154; 75.9562503497; 74.852083842; 74.0583329201; 76.1395832698; 81.6291672389; 73.9145835241; 78.7104167938; 0
2017-12-17 02:46:32 ; 28.6085107682; 28.3765952739; 28.3148934385; 28.2212766688; 28.1021280492; 28.1127663876; 28.1276600615; 28.1574473685; 28.1063833845; 82.2617015433; 83.3914893942; 77.0765957122; 75.814893682; 74.9574466462; 77.1723405554; 82.7978723404; 74.9170214065; 79.7489367546; 0
2017-12-17 02:51:42 ; 28.5680000687; 28.357999649; 28.3119998932; 28.2300001907; 28.0980003738; 28.1040003967; 28.108000412; 28.1540004349; 28.0940003586; 83.1360002136; 84.3279997253; 77.946000061; 76.6480000305; 75.7540000916; 77.9079998779; 83.7199996948; 75.5760002136; 80.3499996948; 0 
2017-12-17 02:56:46 ; 28.5551022121; 28.3448978735; 28.2959183284; 28.2183674404; 28.0959187332; 28.1020412056; 28.091837085; 28.1367352155; 28.0591838992; 82.908163421; 84.0571427637; 77.65918358; 76.3551016049; 75.4448978658; 77.6346941578; 83.479591681; 75.3979594951; 80.07142826; 0 
2017-12-17 03:01:48 ; 28.5978723891; 28.3829784393; 28.3170213091; 28.227659469; 28.1106387199; 28.1085110522; 28.1106387199; 28.1553197414; 28.089362043; 82.7191490011; 83.8999999026; 77.5617023225; 76.2914894591; 75.4085105734; 77.6063833034; 83.4553190191; 75.3787233069; 79.8893617671; 0 
2017-12-17 03:06:54 ; 28.618000145; 28.3959996414; 28.3439997482; 28.2519999695; 28.1280004501; 28.1160004425; 28.1140004349; 28.1560005569; 28.092000351; 82.2859997559; 83.3899998474; 77.113999939; 75.8759997559; 75.0340000916; 77.1779995728; 82.9119996643; 74.9599998474; 79.3659999084; 0 
2017-12-17 03:12:00 ; 28.5937503576; 28.3791664044; 28.3249997298; 28.2374999523; 28.0979170402; 28.1020837228; 28.0916670163; 28.1458338896; 28.0625002384; 82.0750001272; 83.1312506994; 76.8895832698; 75.695833842; 74.8583332698; 77.0208334923; 82.6354163488; 74.7208334605; 79.1562501589; 0 
2017-12-17 03:17:06 ; 28.6083335082; 28.3770831029; 28.3270830313; 28.2374999921; 28.1104170879; 28.0958336989; 28.0937503576; 28.1541672548; 28.066666921; 81.804166317; 82.8750003179; 76.6374998093; 75.4229170481; 74.5833330154; 76.7208328247; 82.3354159991; 74.4749997457; 79.0229169528; 0 
2017-12-17 03:22:10 ; 28.6367347873; 28.408162915; 28.3551017995; 28.2571427871; 28.1326535283; 28.1265310949; 28.1265310949; 28.1795922883; 28.1142861503; 81.6755104843; 82.8081632342; 76.5877551643; 75.3938773019; 74.5938778313; 76.7204082255; 82.3204079453; 74.4326531546; 78.8755103909; 0 
2017-12-17 03:27:15 ; 28.6530612634; 28.4183670355; 28.3612243497; 28.2632652594; 28.1408167859; 28.1306127431; 28.1306127431; 28.1857144881; 28.1367352155; 81.6693878174; 82.8020410343; 76.5816328088; 75.3857141612; 74.6326532169; 76.7653059667; 82.3734692943; 74.5102045487; 78.9040810721; 0 
2017-12-17 03:32:25 ; 28.6999999285; 28.4374997616; 28.3708331585; 28.2791667382; 28.1604168812; 28.1458335718; 28.1645836035; 28.2166667382; 28.1625004212; 81.7812498411; 83.0145834287; 76.8604168892; 75.6541662216; 74.8458331426; 77.0499998728; 82.6229171753; 74.710416317; 79.285416762; 0
2017-12-17 03:37:27 ; 28.6999999751; 28.4760868653; 28.4043474612; 28.306521623; 28.1978263026; 28.1891308245; 28.1956525471; 28.2456522817; 28.1978268001; 82.641304182; 83.871739429; 77.5086958512; 76.2260871555; 75.3673906741; 77.5869566876; 83.2652176567; 75.2586953536; 79.7521740457; 0
2017-12-17 03:42:39 ; 28.6893617752; 28.4765956554; 28.4042549539; 28.3085103948; 28.2042556113; 28.2042556519; 28.2063834008; 28.2468085593; 28.1489367384; 82.5723401333; 83.7361701803; 77.4255317526; 76.1425531266; 75.2765957447; 77.4489363001; 83.1000005844; 75.1617019329; 79.5829784312; 0
2017-12-17 03:47:44 ; 28.6520833969; 28.4229163726; 28.3770828644; 28.277083238; 28.1708337466; 28.1604171197; 28.1500004927; 28.2166670163; 28.1416672071; 82.9770833651; 84.1541670163; 77.8083335559; 76.4562497139; 75.5854166349; 77.8541666667; 83.566666762; 75.4895830154; 79.8270831108; 0
2017-12-17 03:52:46 ; 28.6565217557; 28.4369562812; 28.3891300118; 28.2826086127; 28.1586960917; 28.1478266094; 28.1500004893; 28.197826427; 28.1369570442; 82.7804346499; 84.0108695652; 77.7152172586; 76.460869333; 75.556521706; 77.795651809; 83.4130434783; 75.3804347826; 79.7891303353; 0 
2017-12-17 03:57:56 ; 28.6408163966; 28.4244895079; 28.3836730256; 28.2816326375; 28.1612248323; 28.1428576489; 28.1408168248; 28.1938779013; 28.1387760396; 83.2102038325; 84.3877546349; 78.0999998754; 76.7448979592; 75.9224487616; 78.1591837358; 83.9326529989; 75.6979592771; 80.257142826; 0 
2017-12-17 04:03:04 ; 28.6782609276; 28.4478258879; 28.3956517759; 28.2934781779; 28.1804350563; 28.167391777; 28.1500005722; 28.232608961; 28.1586962575; 82.9543478593; 84.2391301031; 77.9065220045; 76.597826087; 75.7304347494; 77.9239128776; 83.6304351143; 75.5195650847; 80.067391437; 0 
2017-12-17 04:08:12 ; 28.6382977912; 28.4255316308; 28.3829783582; 28.2872341237; 28.1531918708; 28.1489366572; 28.1510642843; 28.2021277002; 28.1404260676; 83.2936169239; 84.5255321746; 78.1638302093; 76.8212770503; 75.9829788208; 78.2382978074; 83.9723405229; 75.763829495; 80.4234042878; 0 
2017-12-17 04:13:13 ; 28.6122447812; 28.4183670355; 28.3734692943; 28.2857142468; 28.1693881288; 28.1408168637; 28.1408168637; 28.1918369215; 28.1367352155; 82.887755102; 84.0204081633; 77.6959181805; 76.3897961986; 75.5795920236; 77.8326529678; 83.5510202525; 75.391836361; 80.0734692009; 0 
2017-12-17 04:18:20 ; 28.6061225813; 28.383673337; 28.3408162253; 28.2510202369; 28.1204086226; 28.1224494467; 28.1122453261; 28.165306753; 28.1183677985; 82.6244897648; 83.7673470633; 77.5163269043; 76.2510203147; 75.37346945; 77.5857142234; 83.2857138186; 75.1714281355; 79.7510203147; 0 
2017-12-17 04:23:25 ; 28.6319150722; 28.3978719508; 28.359573973; 28.257446776; 28.1382983999; 28.1340430645; 28.1340430645; 28.193617354; 28.144681403; 82.5021277894; 83.6936173135; 77.4340429103; 76.1510637973; 75.3829788857; 77.5085111577; 83.2212763036; 75.1170214389; 79.5851062207; 0 
2017-12-17 04:28:31 ; 28.6755102508; 28.4571426937; 28.4040812668; 28.3040814692; 28.1693882066; 28.1530618084; 28.1551026325; 28.2346939554; 28.1612251048; 82.3122448045; 83.4326526875; 77.2020405361; 75.9836735628; 75.1918367658; 77.3653059979; 82.9959181182; 74.9714285403; 79.4306117467; 0 
2017-12-17 04:33:35 ; 28.6673913624; 28.4565215733; 28.4021735399; 28.3043475773; 28.1847829404; 28.1652179386; 28.1543483734; 28.2326088781; 28.1521744935; 82.55869542; 83.6282607369; 77.3804346168; 76.110869532; 75.2869566213; 77.4891302689; 83.1369562564; 75.1130434119; 79.6000002985; 0 
2017-12-17 04:38:43 ; 28.6708333492; 28.4583331744; 28.4083329837; 28.3124997616; 28.1854169766; 28.168750445; 28.156250596; 28.2208334605; 28.1541672548; 82.2687500318; 83.3583334287; 77.1333332062; 75.9000004133; 75.0916666985; 77.2895833651; 82.9208334287; 74.9041668574; 79.4708331426; 0 
2017-12-17 04:43:49 ; 28.6729166508; 28.4562498331; 28.397916317; 28.308333079; 28.1916669607; 28.1750003894; 28.166667223; 28.2395834525; 28.1604172786; 82.0041661263; 83.1625000636; 76.9125005404; 75.6229171753; 74.8437501589; 76.9687503179; 82.5; 74.6395829519; 79.054166317; 0 
2017-12-17 04:48:54 ; 28.6617022169; 28.4468083077; 28.3999996185; 28.3063827271; 28.1936173135; 28.1787239237; 28.1787239643; 28.2425533051; 28.1531920737; 82.0531914894; 83.1489361702; 76.9978723729; 75.7255317201; 74.8574467111; 76.9936164694; 82.5659579013; 74.6808507392; 79.0914894266; 0 
2017-12-17 04:53:59 ; 28.6666666269; 28.4374997616; 28.3895829519; 28.2833332618; 28.1666670243; 28.1562505166; 28.1520838737; 28.2145834366; 28.1479172309; 82.1416670481; 83.2729167938; 77.0312495232; 75.808333238; 75.0416668256; 77.1916666031; 82.7500003179; 74.7708331744; 79.174999555; 0 
2017-12-17 04:59:05 ; 28.6571429116; 28.4346936284; 28.389795498; 28.2918366413; 28.1632656565; 28.1489801601; 28.1448985119; 28.2244901073; 28.1448985119; 81.9755097993; 83.0591835489; 76.8938774576; 75.6326529055; 74.8122449602; 77.014285652; 82.5102037702; 74.6428569872; 79.057142608; 0
2017-12-17 05:04:13 ; 28.6340425775; 28.410637957; 28.370212352; 28.2808509989; 28.1638301687; 28.1425537353; 28.144681403; 28.2127663633; 28.1340430645; 82.2297876236; 83.321276401; 77.0744679228; 75.7744679552; 75.012765925; 77.2361698556; 82.7723396788; 74.8638292678; 79.4255317526; 0
2017-12-17 05:09:17 ; 28.6444444868; 28.4155552334; 28.3666662428; 28.268888855; 28.1577781677; 28.1400005341; 28.1444449955; 28.2111114926; 28.1400005341; 82.4599997626; 83.6044445462; 77.379999627; 76.1088889228; 75.3000001695; 77.4822224935; 83.0733328925; 75.0888883803; 79.4955552843; 0
2017-12-17 05:14:26 ; 28.6673469933; 28.4387752767; 28.3897955369; 28.2938774654; 28.1693881288; 28.1571433009; 28.1571433787; 28.2387756815; 28.1612251048; 82.5; 83.7061225735; 77.4775508958; 76.2040819441; 75.4163264061; 77.6571429506; 83.222448855; 75.1469387132; 79.4142853095; 0
2017-12-17 05:19:28 ; 28.6630436027; 28.4478258879; 28.3999996185; 28.293478095; 28.1782611764; 28.1673916941; 28.1739134996; 28.2543478427; 28.20000068; 82.6934781282; 83.8413044473; 77.5652172254; 76.2869566213; 75.4391305343; 77.7108698306; 83.2695652506; 75.1543481246; 79.7499996683; 0
2017-12-17 05:24:35 ; 28.6872340263; 28.4744679877; 28.3999996185; 28.3127658519; 28.2063831573; 28.1936173135; 28.1957450623; 28.259574322; 28.2148941121; 82.7340423909; 83.9680847817; 77.7127656328; 76.4319152832; 75.5765952252; 77.8042553841; 83.4468088353; 75.2404259215; 79.6340431051; 0
2017-12-17 05:29:40 ; 28.6739130435; 28.4760868653; 28.4108692252; 28.3108692998; 28.1956524642; 28.1847830233; 28.1913047873; 28.2521738799; 28.2065223196; 82.8499999668; 84.0195654164; 77.7760877195; 76.415216363; 75.5239130103; 77.7608697311; 83.4239128776; 75.2152177562; 79.6217387656; 0
2017-12-17 05:34:46 ; 28.6777777778; 28.4733332316; 28.4066663106; 28.3044443342; 28.1866669125; 28.1777781592; 28.173333825; 28.2511110942; 28.1688895331; 82.7577775743; 83.9000003391; 77.6844443427; 76.4577782525; 75.5688886854; 77.7466666328; 83.3711108738; 75.2488888211; 79.5155558268; 0
2017-12-17 05:39:54 ; 28.6916666428; 28.4791665872; 28.4145830075; 28.3104164203; 28.2041668495; 28.1791671117; 28.1708337466; 28.2458333969; 28.1895840565; 82.4812499682; 83.6791667938; 77.4124999046; 76.1375002861; 75.3020834923; 77.5041664441; 83.1312502225; 75.0458334287; 79.2791663806; 0
2017-12-17 05:44:54 ; 28.6872339857; 28.4680849846; 28.4085102893; 28.3063828083; 28.1957449; 28.1723408395; 28.1787238425; 28.2574466949; 28.1617027445; 82.5936168914; 83.8148935196; 77.5042550919; 76.2872342049; 75.4234047748; 77.6680851388; 83.2851059285; 75.1851061557; 79.295745038; 0
2017-12-17 05:50:03 ; 28.7041666508; 28.4895832936; 28.4208330313; 28.3166664441; 28.2020835082; 28.1770837307; 28.1708337466; 28.2479166985; 28.1958340804; 82.7479170163; 84.0250000954; 77.7770835559; 76.5291674932; 75.6937497457; 78.0104168256; 83.6583333015; 75.4562500318; 79.5437498093; 0
2017-12-17 05:55:07 ; 28.7244897181; 28.518367417; 28.4469385731; 28.334693753; 28.2061226125; 28.1918369215; 28.1959186087; 28.2714285559; 28.2244901073; 82.5714285714; 83.7081635144; 77.4979593705; 76.2387754479; 75.4571427326; 77.7122449291; 83.2897952333; 75.2020406918; 79.5367346005; 0
2017-12-17 06:00:10 ; 28.7520833413; 28.5291667779; 28.4749999046; 28.3645828565; 28.2312501669; 28.2208335797; 28.222916921; 28.2791665395; 28.2375001907; 82.5000001589; 83.7020829519; 77.5375000636; 76.2874995867; 75.4770830472; 77.7520831426; 83.3145831426; 75.2708330154; 79.6562504768; 0
2017-12-17 06:05:13 ; 28.742553224; 28.5340426831; 28.47234032; 28.3723399385; 28.240425678; 28.2361704238; 28.231915129; 28.2872337585; 28.2276599154; 82.4787235666; 83.585106383; 77.4148928054; 76.1936169888; 75.3936175083; 77.6808509015; 83.2212759789; 75.1638297223; 79.3851061882; 0
2017-12-17 06:10:21 ; 28.6979591992; 28.4857142312; 28.4346936284; 28.3367341878; 28.2061226514; 28.1979595885; 28.1816331902; 28.2469388222; 28.1959190758; 82.6387754168; 83.8061219819; 77.5918368904; 76.2938772708; 75.4836732514; 77.7428573297; 83.3857143169; 75.2510209375; 79.3938774576; 15.5062178143
2017-12-17 06:15:26 ; 28.6999999513; 28.4936169969; 28.4170209601; 28.3042551812; 28.1893618563; 28.2127661198; 28.1723406771; 28.2382980509; 28.1553197414; 82.2659580961; 83.3978729248; 77.3063826865; 76.1042553516; 75.2702130257; 77.4063827839; 83.1127655354; 75.1042551893; 79.210638655; 13.6505584502
2017-12-17 06:20:33 ; 28.75; 28.6152177064; 28.46739118; 28.3239127449; 28.2456521573; 28.3978256972; 28.2173915531; 28.2304350812; 28.1586962575; 82.5130436109; 83.4500002654; 77.660868935; 76.4782608696; 75.5021743774; 77.1369567539; 83.4152176898; 75.4695655159; 79.6347832058; 13.6505584502
2017-12-17 06:25:35 ; 28.7521738799; 28.6413045137; 28.4695651013; 28.3130433041; 28.2826085713; 28.4826086293; 28.2369567208; 28.2152177147; 28.1304352802; 82.1565220045; 82.9739126123; 77.3152175572; 76.184782277; 75.056521706; 76.4369568203; 83.0456526383; 75.3499996351; 79.3304347163; 13.6505584502
2017-12-17 06:30:39 ; 28.7958333492; 28.6833335161; 28.485416611; 28.3416662216; 28.304166317; 28.5354168018; 28.2458333969; 28.1958336433; 28.1291671594; 82.254166762; 82.9666668574; 77.4479166667; 76.3270835876; 75.1583336194; 76.4041666985; 83.2083331744; 75.5395828883; 79.5770839055; 13.6505584502
2017-12-17 06:35:42 ; 28.84375; 28.722916762; 28.5208334128; 28.3833328883; 28.3416661024; 28.566666921; 28.2937498093; 28.2416666746; 28.1666673024; 82.1604173978; 82.9416662852; 77.4458333651; 76.2791665395; 75.0916663806; 76.2416666349; 83.0291666985; 75.4458332062; 79.5270833969; 13.6505584502
2017-12-17 06:40:50 ; 28.4083331426; 28.4395834208; 28.2541667223; 28.1520831188; 28.1604164044; 28.4187501272; 28.1541662614; 28.1395833095; 28.0791669687; 83.2104164759; 83.4958326022; 78.3604168892; 76.9708334605; 75.4270831744; 76.1312497457; 82.4937497775; 74.5145832698; 78.3208330472; 14.579699642
2017-12-17 06:45:50 ; 27.4106383628; 27.5489362351; 27.3914895565; 27.357446914; 27.4446812082; 27.742553021; 27.5127662902; 27.5531917329; 27.5361703507; 86.2000003571; 86.4085102487; 81.0425530292; 79.0297877535; 76.925532483; 77.453191392; 83.2553189866; 74.5872343347; 78.2936168427; 15.3209934849
2017-12-17 06:50:58 ; 27.7931818095; 27.7931817662; 27.6068181992; 27.5113637664; 27.4977276975; 27.7363632809; 27.4704548229; 27.5318185199; 27.4022726579; 88.1522730047; 88.5795452812; 83.3772732128; 81.311363567; 79.5545456626; 80.802272103; 87.4681821303; 78.2159089175; 82.8931815407; 15.9822759261
2017-12-17 06:56:09 ; 28.0392154245; 28.0588235668; 27.8843137704; 27.7901961757; 27.7666667863; 27.9843136657; 27.7078433691; 27.7098040861; 27.4882352492; 86.8999994315; 87.1823533002; 81.7431372848; 79.8725485708; 78.1705881755; 79.3333336325; 86.0313728183; 77.3078435262; 82.252941356; 15.6127171923
2017-12-17 07:01:14 ; 28.0042551325; 28.023404304; 27.8553192463; 27.7617021114; 27.7510638947; 27.9787233231; 27.6787237208; 27.6468090707; 27.4319146339; 86.395744973; 86.6212760438; 81.1425529642; 79.2617020303; 77.5595746953; 78.6191493907; 85.3446807861; 76.914893617; 81.9191493582; 16.1706633283
2017-12-17 07:06:13 ; 27.9239132508; 27.9499998093; 27.78260882; 27.7130435861; 27.7043478593; 27.9499998093; 27.6413048869; 27.5652176401; 27.3478255065; 86.2565219713; 86.3826084966; 80.9739132757; 78.9782608696; 77.2304344177; 78.3717390973; 85.0217387987; 76.6782608032; 81.8239124132; 21.0760685692
2017-12-17 07:11:25 ; 27.716666619; 27.7729165951; 27.6208333174; 27.5437501272; 27.5458335082; 27.8083331982; 27.5270834366; 27.4666665395; 27.3083330393; 85.7083331744; 85.6208338737; 80.0270833969; 78.2083333333; 76.4833335876; 77.5312501589; 84.2979168892; 76.2333332698; 81.4083336194; 21.6616809689
2017-12-17 07:16:30 ; 27.9413045386; 27.9652172586; 27.8108695901; 27.7326087537; 27.7260869897; 27.9913043147; 27.7043479837; 27.6934784599; 27.5717394041; 86.5173912048; 86.6760869234; 80.9869562232; 79.0891302358; 77.317391437; 78.2673912048; 85.0608697974; 76.7021731501; 81.7847822438; 21.0760685692
2017-12-17 07:21:36 ; 27.9979164998; 28.0333334605; 27.8874996503; 27.8083331188; 27.831249396; 28.0875003338; 27.8104162216; 27.7791662614; 27.6625006199; 86.4854167302; 86.5708333651; 80.9125000636; 79.0083333651; 77.2208334605; 78.2708333333; 85.1312499046; 76.9687495232; 82.1812504133; 18.7002019537
2017-12-17 07:26:35 ; 28.0108694408; 28.0282609774; 27.893477896; 27.8065215816; 27.8326080571; 28.0804350894; 27.8086950883; 27.7673910804; 27.6717397856; 85.8434783272; 85.8630439095; 80.0717386992; 78.2304354129; 76.5695649852; 77.5739135742; 84.3804347826; 76.3369565217; 81.421738666; 18.7002019537
2017-12-17 07:31:40 ; 28.0148935521; 28.0234043446; 27.8659569355; 27.7893613856; 27.8106376161; 28.0489363569; 27.7595744437; 27.7340428778; 27.640426027; 83.7021278219; 83.7297869743; 77.9808505444; 76.3999997403; 74.8893620917; 75.8574468734; 82.4361706997; 74.8319148612; 80.1957452652; 18.1463168571
2017-12-17 07:36:43 ; 28.6276596962; 28.5042554165; 28.3063826865; 28.1957447782; 28.163830047; 28.4319147556; 28.1638300064; 28.117021723; 27.9872339939; 79.9021270427; 79.8936168589; 74.7340422285; 73.6787237614; 72.4723406853; 73.1617025822; 79.263829982; 72.2744681176; 77.3957448107; 17.1610134786
2017-12-17 07:41:54 ; 28.7212765065; 28.6340427805; 28.4468083077; 28.3234039875; 28.3021274729; 28.5808513723; 28.3340422854; 28.2595742814; 28.0936173784; 80.3510639921; 80.2255318824; 74.9468091599; 73.8510635051; 72.651064122; 73.1893620592; 79.1893614099; 72.3255313305; 77.5255316876; 18.1463168571
2017-12-17 07:46:56 ; 28.6999999751; 28.6347826253; 28.4456519666; 28.347826004; 28.3326083888; 28.6021743028; 28.3717386412; 28.2869563725; 28.1413048869; 80.0673916029; 79.8891307997; 74.6195650515; 73.539130667; 72.3521740126; 73.0391301694; 79.067391437; 72.2543479256; 77.5521737804; 19.6916904759
2017-12-17 07:52:13 ; 28.680851145; 28.6340429428; 28.4638296493; 28.3510632616; 28.3361695878; 28.6255323938; 28.3723399385; 28.295744064; 28.2000007629; 81.2617020303; 81.1085102812; 75.7255320448; 74.5425533538; 73.3170213091; 73.9425530941; 80.072339971; 73.1531920737; 78.5170216662; 19.1270108305
2017-12-17 07:57:17 ; 28.5478259791; 28.5369564554; 28.3847821692; 28.2913042566; 28.3173906907; 28.5695654828; 28.3108692169; 28.2065220708; 28.0956525388; 82.8456517095; 82.6217392631; 76.9434779623; 75.5065214738; 73.9847830068; 74.6065216064; 80.9934781945; 73.9586952873; 79.3999998673; 18.1463168571
2017-12-17 08:02:22 ; 28.4936169969; 28.4702126523; 28.325532061; 28.2276595095; 28.2468084782; 28.5085106708; 28.2148935846; 28.1063833845; 27.9765956554; 82.3212760763; 82.019149131; 76.4276598667; 75.0489360728; 73.6063831411; 74.2978726651; 80.6702126036; 73.6808510638; 79.0808512911; 19.1270108305
2017-12-17 08:07:25 ; 28.4653063015; 28.4387753545; 28.2959180559; 28.2163265773; 28.2244898348; 28.4795917589; 28.1591842807; 28.036734834; 27.8979587944; 81.4163265618; 81.0959187722; 75.5795915565; 74.2551021965; 72.8612244275; 73.451020377; 79.8510205016; 73.0571432308; 78.418367814; 18.1463168571
2017-12-17 08:12:32 ; 28.3333331744; 28.2999998331; 28.1541670561; 28.0708336035; 28.0812503099; 28.337499698; 28.0166667302; 27.8979162772; 27.7895827691; 80.9270836512; 80.5979162852; 75.152083238; 73.964583079; 72.6708335876; 73.3187500636; 79.464583079; 72.5708330472; 77.4062498411; 19.1270108305
2017-12-17 08:17:38 ; 28.1791668336; 28.116666913; 27.9354164203; 27.7791665395; 27.7729165157; 28.0375001431; 27.7937496503; 27.7708333333; 27.6145837704; 80.2208334605; 79.9958333969; 74.852083683; 73.7833336194; 72.5583337148; 72.9916672707; 78.6395835876; 71.5479170481; 75.8562501272; 21.6616809689
2017-12-17 08:22:43 ; 28.9891299787; 28.8391307748; 28.5478258133; 28.3478264601; 28.3152176401; 28.5782606705; 28.3086958346; 28.3413044059; 28.0239130518; 78.9108697642; 79.1260873546; 74.4630433787; 73.7652178225; 72.5608701291; 72.7826085298; 78.4565214074; 70.8695652174; 75.5891302358; 19.1270108305
2017-12-17 08:27:50 ; 29.5043480915; 29.3717393875; 29.0652170181; 28.865217665; 28.8000001078; 29.0304348987; 28.7586956439; 28.778260853; 28.39999966; 79.0978257552; 79.1456522734; 74.4282616325; 73.6326088283; 72.5869565217; 73.0478260206; 78.8804349485; 71.297825523; 76.5152179884; 20.1034809375
2017-12-17 08:32:53 ; 29.8604165316; 29.7749997377; 29.4750000636; 29.2499996424; 29.1375005245; 29.3499997854; 29.0416668256; 29.0708336035; 28.6208337943; 77.9083334605; 77.7750002543; 73.1520827611; 72.660416762; 71.8999997775; 72.4333337148; 78.1708335876; 70.6666665077; 76.0562499364; 18.1463168571
2017-12-17 08:37:58 ; 30.0652176401; 29.9847825506; 29.7000000995; 29.4478258879; 29.3521735979; 29.5673915614; 29.2326086708; 29.260869192; 28.7521735896; 77.2217387324; 76.8347819784; 72.3347821443; 71.8956521076; 71.1260870229; 71.5826085961; 77.2521740457; 70.2369567208; 75.6043475607; 17.1610134786
2017-12-17 08:43:06 ; 29.846939048; 29.826530729; 29.5326529912; 29.2959184063; 29.2102039104; 29.4102044008; 29.1142853717; 29.1142854107; 28.7734690296; 77.3510212801; 77.0265300517; 72.6428569872; 72.238775915; 71.4387758216; 71.9489799032; 77.5653055931; 70.295918523; 75.2163263438; 15.3209934849
2017-12-17 08:48:11 ; 30.0260870975; 29.876086857; 29.6000002985; 29.3673912131; 29.271739006; 29.5239132176; 29.2478259543; 29.252173714; 29.0478262694; 76.4565215733; 76.3913046795; 71.8521736808; 71.4847823433; 70.7391301031; 71.2891300036; 76.9652172586; 70.2847830731; 75.0021740457; 17.2050402647
2017-12-17 08:53:13 ; 28.8673913375; 28.9869560988; 28.7695655823; 28.6608697228; 28.6978263026; 28.9521734404; 28.6913044971; 28.6608695569; 28.5847824345; 85.3673910058; 85.1130435778; 79.5413047127; 78.1195652174; 76.4782608696; 77.313042848; 83.8543478924; 75.7065217391; 80.9260872551; 15.3209934849
2017-12-17 08:58:25 ; 28.8999996185; 28.8956517759; 28.7000007629; 28.5978264601; 28.5673915614; 28.7804343182; 28.4434780453; 28.3217384919; 28.1934786672; 79.7260871555; 79.3500001327; 74.1913044142; 73.2500004976; 72.0391303353; 72.897826485; 79.186955991; 72.6043475607; 77.8086964151; 15.3209934849
2017-12-17 09:03:31 ; 28.8021272294; 28.7659572033; 28.5957450461; 28.4787233231; 28.47234032; 28.6765964183; 28.355318597; 28.1893623027; 28.0595746953; 78.5851065453; 78.0808509664; 73.0574470682; 72.1574466786; 70.9787237289; 71.6978720807; 77.9680851064; 71.7170212117; 77.0191488063; 15.3209934849
2017-12-17 09:08:35 ; 28.6367352155; 28.5877554368; 28.4346936284; 28.3306115987; 28.3367340711; 28.5469389546; 28.2081637091; 28.0489797787; 27.9163262114; 78.2897966346; 77.6979580315; 72.7122443063; 71.8183688728; 70.5897948596; 71.2244897959; 77.4571431997; 71.383674933; 76.6918366101; 14.3737807906
2017-12-17 09:13:37 ; 28.2729165157; 28.29583323; 28.1458328565; 28.0812502305; 28.1083334287; 28.3583332698; 28.0083333651; 27.8541665077; 27.7395831347; 83.0270819664; 82.8416660627; 77.4145828883; 75.9916656812; 74.4145840009; 75.1291659673; 81.7666667302; 74.706249396; 80.2416666349; 14.3737807906
2017-12-17 09:18:43 ; 27.9425529723; 27.9617019816; 27.7999992371; 27.7425533051; 27.79787161; 28.0063830031; 27.6404260676; 27.5255320123; 27.4340423016; 83.0148937144; 82.8680853336; 77.1617022575; 75.6893614099; 74.1297873639; 75.1361700829; 81.8851063505; 74.8893619294; 80.5595742084; 14.3737807906
2017-12-17 09:23:48 ; 27.9374997616; 27.9229163726; 27.8020825783; 27.6979174217; 27.704167366; 27.9104163249; 27.5979170402; 27.4124996662; 27.314582626; 80.2104169528; 79.8687496185; 74.5895838737; 73.429166317; 72.0500006676; 72.8604162534; 79.375; 72.9062503179; 78.3708338737; 14.3737807906
2017-12-17 09:28:54 ; 27.8562494516; 27.8562494516; 27.6979173024; 27.6125004292; 27.6291671594; 27.8708328406; 27.5083333651; 27.3229159911; 27.2333335876; 79.3458331426; 78.9229162534; 73.7666670481; 72.6833337148; 71.3062496185; 72.0958337784; 78.4708333015; 72.1458336512; 77.4354173342; 14.3737807906
2017-12-17 09:33:58 ; 27.3333331214; 27.4644441817; 27.3066668616; 27.2488889906; 26.3577778922; 27.5133330451; 27.1666665395; 27.0244444105; 26.9844447666; 78.2600007799; 77.1688893636; 72.2266671075; 70.9666667514; 69.4022226969; 70.0733325534; 75.6222223918; 68.9822218153; 73.4177780151; 22.6408205313
2017-12-17 09:39:00 ; 26.1957448188; 26.3148936008; 26.1574466381; 26.0829787153; 26.1085104435; 26.3617022088; 26.0914892237; 26.134042537; 26.2297873396; 88.9617023874; 88.9787234043; 83.7106384927; 81.6319148287; 79.5617023225; 80.6893614099; 87.6978724054; 78.7340425532; 84.1787239237; 13.4225047765
2017-12-17 09:44:10 ; 28.5061223556; 28.2346938386; 27.9755101885; 27.7428570961; 27.6244898816; 27.8326530846; 27.5510204471; 27.5734693566; 27.3673468609; 80.8204074782; 81.6163264683; 76.6448977723; 75.7836735005; 74.7122449291; 75.9816327776; 82.6938777067; 74.9673471256; 80.6061228538; 18.7309604825
2017-12-17 09:49:12 ; 27.795348855; 27.9627906444; 27.7162790964; 27.5255813155; 27.4813952779; 27.7093022369; 27.4069769216; 27.3674420202; 27.3674417097; 76.7093023256; 75.5465117166; 71.2000002307; 70.8604646727; 70.1395355047; 70.7069768684; 76.2279072251; 68.7674415943; 71.77906959; 19.0776116945
2017-12-17 09:54:22 ; 27.7000000166; 27.634782418; 27.3934783936; 27.195652091; 27.1282608198; 27.3000000663; 27.0891303601; 27.228260911; 27.267391039; 86.8695652174; 87.2413039829; 82.5326086957; 81.0608692998; 79.4499999337; 81.0130436109; 87.4978259543; 78.5086951878; 83.5260872219; 14.3737807906
2017-12-17 09:59:25 ; 29.2749998967; 29.1666669448; 28.8854163488; 28.7041669687; 28.5979166428; 28.8687498569; 28.670833389; 28.7333334287; 28.5437501272; 85.0020834605; 85.5312496821; 80.4270830154; 79.0541664759; 77.7583335241; 78.9062501589; 85.245833079; 76.6333328883; 81.8937501907; 14.3737807906
2017-12-17 10:04:26 ; 29.3897961597; 29.3693878018; 29.1387755336; 29.0081632964; 28.963265166; 29.2612245521; 29.0285715376; 28.9734692865; 28.767346713; 84.9081635767; 84.9346939398; 79.4224492287; 77.9959185853; 76.5918368904; 77.4693880665; 84.0122450225; 76.0612243341; 81.4306122138; 14.3737807906
2017-12-17 10:09:32 ; 28.7714283612; 28.9326529211; 28.748979841; 28.6408163577; 28.6163264683; 28.8897958094; 28.5673468843; 28.4489794751; 28.3020409565; 76.2346943447; 74.9999996886; 70.3897959651; 69.2999997042; 68.0612241005; 68.3387754791; 73.6326530612; 67.4734687805; 72.0877550865; 14.3737807906
2017-12-17 10:14:34 ; 28.68695653; 28.6500001161; 28.4804347909; 28.3521738882; 28.3000001078; 28.5000000415; 28.1739128776; 28.1260868155; 27.9630435861; 82.9521739794; 82.8326085961; 77.2456519085; 75.9413040825; 74.7000002654; 75.9391303684; 82.7608693994; 75.3108696316; 80.4478262196; 19.7459521983
2017-12-17 10:19:40 ; 28.2391303519; 28.4239131679; 28.2065216562; 28.0673912712; 28.0608695486; 28.3304347577; 28.0695651925; 28.0391303353; 27.9586954531; 77.6086949887; 76.2826085298; 72.0347825755; 70.9391302855; 69.9239131264; 69.7282606208; 74.4891302689; 67.3652174576; 70.9173911551; 23.7590113558
2017-12-17 10:24:46 ; 27.6499998569; 27.6541667779; 27.4333333174; 27.2874998649; 27.2562499046; 27.4604167541; 27.2062499921; 27.2937500477; 27.362500151; 87.0624998411; 87.5062506994; 82.2750004133; 80.7604169846; 79.0104166667; 80.3354164759; 87.2500001589; 78.2375001907; 82.8708333969; 14.3737807906
2017-12-17 10:29:51 ; 29.1893616128; 29.0893616372; 28.8382978642; 28.6297871204; 28.5000001217; 28.6680849765; 28.3574468734; 28.3553192058; 28.2170210899; 73.7510638136; 73.3851065128; 69.4808509502; 69.1021275622; 68.729787299; 69.8127662983; 75.742552737; 69.2957451191; 75.1085107682; 18.142609647
2017-12-17 10:34:55 ; 28.3812499046; 28.4270834525; 28.183333238; 27.96875; 27.9541666508; 28.1166665951; 27.8354168336; 27.831250151; 27.8166668812; 86.2062498728; 86.1874995232; 80.8187505404; 79.4770833651; 78.0270833969; 79.3833328883; 86.4875000318; 77.9229165713; 83.268749555; 15.3209934849
2017-12-17 10:40:03 ; 29.3999998569; 29.2999999126; 29.0312501192; 28.7958331903; 28.7166668574; 28.9395831426; 28.7000004053; 28.7541663249; 28.6875000795; 85.066666921; 85.6250003179; 80.5041666031; 79.4458328883; 78.2479168574; 79.6104167302; 86.3145828247; 77.5958333015; 82.566666762; 15.3209934849
2017-12-17 10:45:06 ; 28.9531914325; 29.0340426019; 28.8170214308; 28.6553189298; 28.6063826135; 28.8957450136; 28.6638296006; 28.6617019329; 28.6021274404; 84.251064057; 83.9595747603; 78.8595745006; 77.5340426831; 76.1553193762; 77.1106383953; 83.5489360728; 75.3723402632; 80.1595744681; 14.3737807906
2017-12-17 10:50:25 ; 29.1630432709; 29.1260868155; 28.928261052; 28.7673912463; 28.7173911385; 28.9717393129; 28.7173912214; 28.7065216147; 28.6391306753; 82.9652174245; 82.9217388319; 77.4695651842; 76.3282610023; 75.139130468; 76.2217397275; 82.7282607037; 74.9717388982; 79.7086954531; 24.2952835069
2017-12-17 10:55:36 ; 28.3510204237; 28.497959137; 28.3448979903; 28.2857144414; 28.2979593082; 28.57959179; 28.3612244664; 28.3836732592; 28.3040819363; 88.9959181182; 88.6673470322; 83.059184016; 81.0510204082; 79.155101854; 80.2081633587; 86.8428573608; 78.2020410032; 83.6795912762; 14.579699642
2017-12-17 11:00:41 ; 28.8659997177; 28.839999733; 28.6840002823; 28.5580002213; 28.5300001144; 28.7699998474; 28.4679998779; 28.375999527; 28.1980007553; 82.0939997864; 81.7399998474; 76.273999939; 74.9779998779; 73.7119998169; 74.7200001526; 81.2700003052; 74.2940000916; 79.5959997559; 18.142609647
2017-12-17 11:05:46 ; 28.4872336692; 28.5574466218; 28.4234038008; 28.3851059447; 28.3808506093; 28.6255319474; 28.3170213902; 28.2021278219; 28.0319150154; 87.8276596069; 87.578723177; 81.6319146664; 79.5829785935; 77.8319151858; 78.9000002273; 86.0829787559; 78.1148939741; 83.7361703426; 15.3209934849
2017-12-17 11:10:47 ; 28.5; 28.5; 28.3770828644; 28.2999992371; 28.2979159355; 28.5; 28.1500005722; 27.9916666349; 27.816666007; 82.3166666031; 81.8354167938; 76.2770835559; 74.8687502543; 73.4791669846; 74.4437497457; 81.0999997457; 74.4291667938; 80.0770834287; 15.3209934849
2017-12-17 11:15:55 ; 28.4553189785; 28.4340423016; 28.2936163557; 28.2042560172; 28.2106388579; 28.4425529723; 28.061702363; 27.8893612801; 27.7319151696; 80.4914894916; 79.8510638298; 74.5446811433; 73.3127649186; 72.0021277894; 72.8063825242; 79.3212770503; 73.0170219908; 78.4191491959; 15.3209934849
2017-12-17 11:21:01 ; 28.2770829598; 28.270832936; 28.1375005245; 28.0500002702; 28.0583335956; 28.3104163408; 27.9249999523; 27.7458329598; 27.6125004292; 77.743751208; 76.4104162852; 71.5604170958; 70.3499993483; 69.2270832856; 69.699999253; 75.7333327929; 69.9041670163; 74.8124998411; 27.1310670378
2017-12-17 11:26:06 ; 26.5977778541; 26.9088889228; 26.8044443342; 26.7888887617; 26.8444444021; 27.0733334435; 26.7466664632; 26.6466663784; 26.6955554962; 83.9799997965; 82.6311108059; 77.4799999661; 75.4044448853; 73.8066667345; 74.4688886854; 80.9844445123; 73.4555558946; 78.7977778117; 15.0188836076
2017-12-17 11:31:09 ; 27.9723404012; 27.8595744194; 27.6829788938; 27.5744680851; 27.5255319311; 27.7127658357; 27.3872340994; 27.3468084538; 27.059574533; 85.3765960044; 85.678723599; 80.0510640246; 78.2148939092; 76.729786812; 78.0021276271; 85.1042551893; 76.9297871691; 83.0999999351; 15.9822759261
2017-12-17 11:36:12 ; 28.4062501589; 28.4145835241; 28.2562500636; 28.1937499444; 28.1958332856; 28.4645831982; 28.1500000159; 28.0729169448; 27.7166667382; 87.6333335241; 87.6458333333; 82.2479166985; 80.089583238; 78.4145832062; 79.75; 86.6604164441; 78.8958331744; 85.5020836194; 15.0188836076
2017-12-17 11:41:21 ; 28.5119997787; 28.5679995346; 28.4240002441; 28.3860001373; 28.385999794; 28.6440000534; 28.3219998932; 28.2000001144; 27.875999527; 87.5640000916; 87.3359996033; 81.8920004272; 79.6280001831; 77.9039996338; 78.9619996643; 85.9559999084; 78.1499998474; 84.723999939; 15.0188836076
2017-12-17 11:46:22 ; 28.5978727138; 28.589362043; 28.4404253047; 28.3659569355; 28.3638292678; 28.617021723; 28.2702124575; 28.1000003815; 27.8042545724; 83.1680849765; 82.7468081535; 77.1191492284; 75.4829788208; 74.097872308; 75.0936167291; 81.8404255319; 75.0170210169; 81.2446810134; 15.0188836076
2017-12-17 11:51:26 ; 28.2586958512; 28.3652178308; 28.2260869897; 28.1999999337; 28.2326087122; 28.5152174494; 28.1456520661; 27.993478236; 27.7130434202; 87.9108697642; 87.6782609691; 82.1999994361; 79.8217393626; 78.0195650847; 79.0086960171; 86.063044009; 78.2195650184; 84.7173916361; 15.0188836076
2017-12-17 11:56:32 ; 28.2799996694; 28.2933330536; 28.1488893297; 28.1200004578; 28.1155559964; 28.3755552928; 28.0066666921; 27.8555553012; 27.5866669973; 82.2333326552; 81.6999996609; 76.1266664293; 74.406666904; 72.7688890245; 73.566666158; 79.7022216797; 73.1533331977; 78.9044436985; 31.0517930991
2017-12-17 12:01:39 ; 27.2145834764; 27.3916664918; 27.2479169369; 27.2479170561; 27.3375000556; 27.6833335559; 27.4604165157; 27.3624994755; 27.2020837069; 87.9166668256; 87.5437494914; 82.2687500318; 79.4645835559; 77.1395839055; 77.2208333015; 83.0874997775; 74.9208340645; 80.4541662534; 21.6616809689
2017-12-17 12:06:52 ; 27.1958333651; 27.3645835718; 27.2208335002; 27.2458335559; 27.2645835479; 27.6083332698; 27.4249997139; 27.3895829121; 26.9729165634; 90.9833334287; 90.3374996185; 85.9250000318; 83.4916671117; 81.433333238; 82.4125005404; 88.3833330472; 80.2416664759; 87.2583333651; 23.2859381949
2017-12-17 12:11:59 ; 27.2312502464; 27.408333381; 27.1416666508; 27.0479166905; 27.0041666826; 27.1500001351; 26.7479166587; 26.5416666667; 26.2541666031; 83.9166665077; 82.6229159037; 78.5083333651; 77.1687499682; 76.2604169846; 78.1270829837; 85.8312503497; 79.8312500318; 87.612499396; 15.0188836076
2017-12-17 12:17:02 ; 28.5020407463; 28.2918366802; 27.8734694111; 27.5857142624; 27.3387755958; 27.2591837669; 26.6693878174; 26.2224490107; 25.9714285792; 92.4816326219; 92.7816327153; 89.7510206261; 88.6979589657; 87.7408165445; 90.908163421; 97.6673471879; 94.9061226358; 98.6020417505; 14.0507123795
2017-12-17 12:22:05 ; 29.7276596719; 29.6489362108; 29.3000000081; 29.0510640246; 28.7638295356; 28.770212701; 28.2468086405; 27.8021273512; 27.1914894834; 91.2744682799; 91.2063829138; 87.6659571871; 86.3680846843; 85.5936167291; 88.6574466786; 95.6276592498; 92.0957445185; 97.2042556113; 14.3737807906
2017-12-17 12:27:10 ; 29.8042549783; 29.7851060096; 29.519149131; 29.3063826054; 29.1212770178; 29.2319148449; 28.7063829138; 28.295744551; 27.7382978886; 85.5404255644; 84.5872340101; 79.763829495; 78.4276593797; 77.8617024523; 80.3127660548; 89.8936168589; 84.8382980671; 91.9170215688; 15.3209934849
2017-12-17 12:32:17 ; 28.8446809485; 28.9382975964; 28.7382978886; 28.6404259053; 28.5553192788; 28.6829792185; 28.1808515102; 27.8404249232; 27.4468083077; 91.0212765957; 90.242553224; 85.6468080561; 83.5765958745; 81.9404256293; 84.5510636999; 92.7085107032; 87.8319151858; 93.427659542; 15.3209934849
2017-12-17 12:37:20 ; 29.1276600615; 29.1000003815; 28.8957442831; 28.7042560172; 28.6510644061; 28.8255312494; 28.3510633022; 28.0042553354; 27.6723410018; 85.191489524; 83.9042554815; 78.7765960693; 77.2787235341; 76.1872345945; 77.9936166317; 87.7723408151; 81.4574464839; 89.03404317; 15.0188836076
2017-12-17 12:42:26 ; 29.0659093423; 29.0431819829; 28.8295448043; 28.6750006676; 28.6295459487; 28.8477266919; 28.3977268826; 28.0681820783; 27.7772723111; 83.4136357741; 81.9749998613; 76.9818181125; 75.6227281744; 74.5340912559; 75.9636370919; 85.1704540253; 79.1136360168; 86.5386362943; 15.0188836076
2017-12-17 12:47:29 ; 28.9312497377; 28.8999996185; 28.710417072; 28.5812503099; 28.5416668256; 28.7666664124; 28.3041659196; 28.0; 27.7000007629; 82.4124999046; 80.8520832062; 75.9291664759; 74.6270836194; 73.5145831108; 74.6750003497; 83.5749994914; 77.6374998093; 84.625; 15.0188836076
2017-12-17 12:52:33 ; 28.7708330552; 28.7437500954; 28.552083532; 28.4437497854; 28.4208330313; 28.6479172309; 28.2062505881; 27.8916662534; 27.6270838181; 81.7749994596; 80.1479169528; 75.2645831108; 73.972916921; 72.84375; 73.866666317; 82.6291664441; 76.710416317; 83.7125000954; 14.579699642
2017-12-17 12:57:41 ; 27.8750002384; 28.033333381; 27.8937497536; 27.8333330552; 27.5624998013; 28.0937501192; 27.6520834366; 27.3583331903; 27.1583332221; 84.5104165077; 83.1291666031; 78.9562501113; 76.7500003179; 75.0562501748; 76.5062497457; 84.2958335876; 78.9333333969; 85.6624999046; 15.3209934849
2017-12-17 13:02:45 ; 27.7679998779; 27.7999999619; 27.6619999695; 27.5780002213; 27.5460001755; 27.7579999542; 27.3259999084; 27.0640002441; 26.8539997482; 88.9159999084; 87.8240002441; 82.1020005798; 80.0279997253; 78.3619995117; 80.2420004272; 89.8440003967; 82.6220001221; 89.7239993286; 15.3209934849
2017-12-17 13:07:52 ; 28.1244902708; 28.0979595574; 27.9551018695; 27.8285708914; 27.7918360963; 28.0020408241; 27.5836737886; 27.3346934027; 27.1346943914; 85.3551025391; 83.9775508958; 78.6734696992; 76.9408164511; 75.5959179937; 77.0183670667; 86.2408162331; 79.4061227915; 86.1551016983; 15.0188836076
2017-12-17 13:12:56 ; 28.1282613588; 28.1021743028; 27.993478236; 27.8891300118; 27.7999992371; 28.0978264601; 27.6500005722; 27.3999996185; 27.2000007629; 84.5978267504; 83.19130458; 77.9804350812; 76.330435048; 74.9565222367; 76.2695650847; 85.2826085298; 78.5739137401; 85.4652172586; 15.0188836076
2017-12-17 13:18:05 ; 28.1000003815; 28.1000003815; 27.9617019816; 27.8595739324; 27.7999992371; 28.0978727138; 27.6510644061; 27.3999996185; 27.2000007629; 84.3212772126; 82.9234039631; 77.7106384927; 76.0638291379; 74.6531906128; 75.8489370143; 84.6680849765; 78.125531298; 84.8234038657; 15.0188836076
2017-12-17 13:23:10 ; 28.1000003815; 28.1000003815; 27.8999996185; 27.8063822401; 27.7999992371; 28.0851067076; 27.6340430645; 27.3999996185; 27.2000007629; 84.0489357482; 82.6255319474; 77.4446812082; 75.7936174109; 74.4574468085; 75.5702125062; 84.3127667042; 77.8468092249; 84.4468083483; 16.2646141679
2017-12-17 13:28:13 ; 28.1000003815; 28.1000003815; 27.8999996185; 27.7999992371; 27.7999992371; 28.0255320123; 27.6191493907; 27.3999996185; 27.2042560172; 83.7659579338; 82.348936365; 77.1978733793; 75.5510630506; 74.2638307937; 75.3170216337; 84.0021273025; 77.5468087704; 84.2319149261; 15.3209934849
2017-12-17 13:33:16 ; 28.0978727138; 28.0531916923; 27.8999996185; 27.7999992371; 27.7999992371; 28.0106383385; 27.6127663876; 27.3999996185; 27.20212839; 83.1595736564; 81.6659575117; 76.6212762062; 75.0702120193; 73.742552737; 74.7085105409; 83.22340458; 76.8659568949; 83.4127658276; 15.0188836076
2017-12-17 13:38:20 ; 28.0478262694; 28.0021739213; 27.8999996185; 27.7826081981; 27.7999992371; 28.0043478427; 27.6043482241; 27.3999996185; 27.2043485227; 82.5130439427; 80.9717390641; 76.0630435114; 74.5847828077; 73.2521733823; 74.1217392631; 82.4826091269; 76.2760860609; 82.6413043478; 15.0188836076
2017-12-17 13:43:23 ; 28.0; 28.0; 27.8874995708; 27.7624998093; 27.795832634; 28.0; 27.6000003815; 27.3937495947; 27.2000007629; 81.9395836194; 80.4250005086; 75.5124999682; 74.0604162216; 72.8145834605; 73.6229165395; 81.895834287; 75.7895828883; 82.1687496503; 15.0188836076
2017-12-17 13:48:31 ; 28.0; 28.0; 27.8239993286; 27.7380001831; 27.7719996643; 28.0; 27.6000003815; 27.337999382; 27.2000007629; 81.7; 80.1659994507; 75.2520005798; 73.89; 72.65; 73.473999939; 81.706000824; 75.5199995422; 81.9140000916; 15.3209934849
2017-12-17 13:53:40 ; 27.981632583; 27.9897958794; 27.7959177445; 27.7000006462; 27.7326532091; 27.9857142312; 27.5897962609; 27.3265301062; 27.1877558183; 79.9244887683; 78.2387748251; 73.5040807919; 72.1734691542; 70.902040754; 71.5755105311; 79.35714348; 73.6224494467; 80.0795917122; 35.8492562637
2017-12-17 13:58:38 ; 26.7704543634; 26.9568182772; 26.8249998526; 26.809090701; 26.8568180691; 27.1159091863; 26.7409087961; 26.529545654; 26.4272727966; 84.9295451424; 83.1068184593; 78.0181815407; 75.7863632549; 74.2159096111; 74.8727274808; 83.1113638444; 76.0727273768; 83.050000104; 15.0188836076
2017-12-17 14:03:46 ; 27.5760869151; 27.4673913458; 27.2739130103; 27.1260868155; 27.0608694657; 27.2195652671; 26.8782608198; 26.839130526; 26.7043479007; 88.9608698306; 88.7086961166; 83.8434784931; 81.7543475939; 80.0913041156; 82.0869565217; 90.7043478593; 83.0891302358; 88.9760873214; 16.2646141679
2017-12-17 14:08:58 ; 28.6612244431; 28.6224493299; 28.4102037391; 28.2653061224; 28.153061458; 28.342856777; 28.0224490652; 28.0142857688; 27.8918365946; 89.9857145037; 89.5448977412; 84.7816327153; 82.7755098927; 81.2836733448; 83.1408160463; 91.179591899; 83.471428696; 88.9979589034; 15.0188836076
2017-12-17 14:14:03 ; 28.9680849846; 28.9425529723; 28.7404254345; 28.5914897107; 28.5021276677; 28.712765998; 28.357446427; 28.2659572033; 28.1234047261; 83.4914890046; 82.1851061557; 77.1148941365; 75.7297869743; 74.6361699206; 76.0127662496; 84.5744679228; 77.4361703751; 83.2531921711; 18.8484840044
2017-12-17 14:19:04 ; 28.5612244119; 28.5999999922; 28.4306117856; 28.3530608975; 28.342856738; 28.5673469621; 28.2306124629; 28.1224490574; 28.0061224723; 89.6102038014; 88.8265304565; 83.5795910894; 81.3775508647; 79.6285718023; 81.1959183362; 89.8183673158; 81.9938774887; 88.0000003114; 15.3209934849
2017-12-17 14:24:11 ; 28.6520005798; 28.6000003815; 28.4659998703; 28.3039992523; 28.2999992371; 28.5; 28.1800006866; 28.0; 27.8999996185; 83.7939997864; 82.3120002747; 77.1380001831; 75.5999998474; 74.3420004272; 75.5800003052; 84.0999996948; 77.2719993591; 83.0400001526; 16.2646141679
2017-12-17 14:29:15 ; 28.6333338817; 28.5854169925; 28.449999849; 28.2958327134; 28.2874994278; 28.4958333174; 28.1833340327; 27.9937499762; 27.8937495947; 83.4041666985; 82.0083333651; 77.0479168892; 75.5000001589; 74.1895828247; 75.1062496503; 83.2500004768; 76.4520834287; 82.1937499046; 15.3209934849
2017-12-17 14:34:21 ; 28.0571430362; 28.1346943524; 28.0081632964; 27.9285711561; 27.9204078596; 28.2204086537; 27.8469381916; 27.7469389779; 27.6653064416; 88.6285718023; 87.5387753856; 82.0224491042; 79.7979586854; 77.9530610065; 79.4632650881; 88.2326530924; 80.7367349741; 86.8102037079; 16.2646141679
2017-12-17 14:39:23 ; 28.2999992371; 28.2456522403; 28.1000003815; 27.9978260787; 27.9782607866; 28.2000007629; 27.8130427651; 27.7000007629; 27.5978264601; 83.3608696979; 81.8282608364; 76.6695652837; 75.1347832058; 73.8326089279; 74.960869333; 83.2282608696; 76.5782606705; 82.315216562; 14.3737807906
2017-12-17 14:44:30 ; 28.2999992371; 28.2591835333; 28.1000003815; 27.9979591759; 27.9897958794; 28.2061231185; 27.8183666541; 27.7000007629; 27.6000003815; 81.5816326531; 79.9387755102; 75.0306120892; 73.6836734694; 72.4775507401; 73.3775511761; 81.3102038636; 75.069386852; 80.6673465651; 16.2646141679
2017-12-17 14:49:31 ; 27.8081633509; 27.8999996964; 27.7632657654; 27.6959185698; 27.7081634366; 27.981632583; 27.6591838525; 27.5081632964; 27.4612243419; 89.616326624; 88.7224486993; 83.3204084124; 80.940815984; 79.0020407852; 80.3489797164; 89.0081631407; 81.1653057799; 87.1102047356; 15.0188836076
2017-12-17 14:54:36 ; 27.9531913108; 27.9404253047; 27.7829782202; 27.6936177599; 27.7000007629; 27.9021272862; 27.5978727138; 27.3999996185; 27.3021269048; 84.2680852362; 82.8617021277; 77.5553191165; 75.9297870068; 74.5042552542; 75.6446810783; 84.0999999351; 77.1340426181; 82.8702123114; 15.0188836076
2017-12-17 14:59:40 ; 28.0; 28.0; 27.8183666541; 27.7122454741; 27.7000007629; 27.9428569249; 27.6000003815; 27.4163262114; 27.3734689051; 81.7938774265; 80.1938769282; 75.2265307368; 73.84081642; 72.5387753856; 73.4489794361; 81.4612249258; 75.1265303943; 80.7020408475; 15.0188836076
2017-12-17 15:04:46 ; 27.4395833413; 27.5479168097; 27.4124999444; 27.3354167938; 27.3541669051; 27.6395831505; 27.3125000795; 27.1624999046; 27.1770833333; 84.8541666667; 83.4104170799; 78.4041660627; 76.497916619; 74.9708337784; 75.6500004927; 83.1666666667; 76.0916663806; 81.4104164441; 19.7971515592
2017-12-17 15:09:51 ; 27.4148934953; 27.4042553191; 27.2340423909; 27.1404254589; 27.1446806725; 27.4191491147; 27.1510636756; 27.1340424152; 27.2234042959; 89.9957442588; 89.5446804939; 84.6468085431; 82.3957446484; 80.3595741759; 81.9255319149; 90.2617021926; 82.2872340426; 88.1957451029; 16.2646141679
2017-12-17 15:14:59 ; 28.4468084295; 28.3106381842; 28.1234044826; 27.9829787396; 27.9297871691; 28.1999998701; 27.9191488712; 27.8638296736; 27.8510635863; 82.8297875587; 81.6638297223; 76.7340427155; 75.3468087379; 74.125531785; 75.2127657951; 83.1255319474; 76.0042550919; 81.7446806887; 19.7971515592
2017-12-17 15:20:01 ; 28.1872341481; 28.1957449406; 28.0170211386; 27.9085102893; 27.8999996185; 28.1914896052; 27.9063826216; 27.8489355939; 27.8723399385; 88.9063837579; 88.2468079912; 82.9531917166; 80.9361706997; 79.1489361702; 80.4191493582; 88.842553159; 80.6978720807; 86.678723599; 15.9822759261
2017-12-17 15:25:10 ; 28.3787229416; 28.3021272294; 28.1382983999; 28.0063830031; 28.0042553354; 28.2659572033; 27.9638296493; 27.8595739324; 27.827658917; 83.006383206; 81.6468083808; 76.6191489037; 75.1787237614; 73.8765958421; 74.9063829463; 82.82765912; 75.9446812082; 81.7638301444; 16.2646141679
2017-12-17 15:30:13 ; 28.2874997854; 28.2916664282; 28.1062504053; 28.0145834684; 28.0166667302; 28.3062497775; 27.9520831505; 27.8437497616; 27.818749547; 85.2354164124; 84.0979164441; 79.0833334923; 77.3458334605; 75.7812504768; 76.7083328565; 84.7312498093; 77.7145838737; 83.522916158; 15.9822759261
2017-12-17 15:35:20 ; 27.8108695072; 27.8826087454; 27.723912861; 27.6347823765; 27.6326083722; 27.9065218801; 27.5543477432; 27.4130437685; 27.4217394953; 80.7782614335; 78.9869567208; 74.4065223362; 72.9782604549; 71.7739125127; 72.5260873048; 80.4608690013; 73.8217391138; 79.7521742116; 31.1946200236
2017-12-17 15:40:21 ; 27.2770837148; 27.1791669528; 26.85833323; 26.6520833969; 26.6687500874; 26.9479164282; 26.6708336274; 26.6479170322; 26.7208337386; 88.6229163806; 88.3645834923; 83.7750004133; 82.1937500636; 80.4541665713; 81.6687498093; 89.8645836512; 81.4833332698; 86.3833332062; 29.8688030293
2017-12-17 15:45:28 ; 29.221276547; 28.8936170619; 28.5510637811; 28.365957463; 28.1659574306; 28.2595746061; 27.865957463; 27.7957447133; 27.5212765957; 84.4170212441; 84.4148939417; 79.9957447458; 78.6021272375; 77.8255316552; 79.8914897188; 88.8148933573; 80.8148933573; 87.2212764659; 21.6616809689
2017-12-17 15:50:35 ; 30.167391238; 30.0152173664; 29.7217390641; 29.536956331; 29.3956523564; 29.5586955444; 29.1586954697; 29.026087139; 28.5782606705; 83.1065217723; 82.6934777965; 78.2173919678; 77.0869566876; 76.4739127781; 77.9869570525; 86.0652173913; 78.5586957517; 85.0499999005; 30.8751408649
2017-12-17 15:55:35 ; 29.4255316308; 29.4021273268; 29.1234044014; 28.9191487089; 28.8489362027; 29.1170214795; 28.8553187594; 28.8510632616; 28.7191494069; 88.3723404255; 88.0404257267; 83.4617020627; 82.1744676955; 80.6510639596; 82.2085102162; 89.6595743058; 81.5978721456; 87.6957447782; 22.2219984708
2017-12-17 16:00:39 ; 29.2163266552; 29.1979591992; 28.9408162565; 28.7673471801; 28.7224491275; 28.9795915253; 28.7612247078; 28.763265454; 28.7061225346; 88.077550927; 87.7367349741; 83.0612244898; 81.8061221376; 80.299999782; 81.6755097058; 89.0999997197; 80.5285714597; 86.3979591837; 24.7520552974
2017-12-17 16:05:44 ; 29.0595749388; 29.0255322964; 28.7914890939; 28.6468084619; 28.6276597368; 28.9021276515; 28.6851064804; 28.6319153968; 28.5659576984; 86.0936170537; 85.5148935521; 81.0297874288; 79.7446811757; 78.2191493258; 79.1914896864; 86.2404260838; 78.3957448107; 83.993616794; 25.1763301019
2017-12-17 16:10:47 ; 28.8124997616; 28.7291666269; 28.5208334128; 28.395832936; 28.3833328883; 28.6645838817; 28.4520831505; 28.3999996185; 28.3374993801; 85.5770832698; 84.8187500636; 79.7020832698; 78.2729158401; 76.7291668256; 77.8937498728; 85.5958329837; 77.8249999682; 83.804166317; 21.6616809689
2017-12-17 16:15:55 ; 28.7041663726; 28.664582928; 28.4500003656; 28.3270833492; 28.3416667382; 28.645832936; 28.389583389; 28.2999998728; 28.2499998013; 86.4458327293; 85.933333238; 81.4541668892; 80.0000001589; 78.3479164441; 79.2729164759; 86.4833332698; 78.7291661898; 84.3875001272; 23.0107781315
2017-12-17 16:20:56 ; 28.5155556149; 28.4266663869; 28.235555564; 28.1155559964; 28.1377783034; 28.4311108483; 28.1755562252; 28.1000003815; 28.0333334605; 85.724444241; 84.9511111789; 79.7755552504; 78.2644441393; 76.6622221205; 77.8244445801; 85.5422220866; 77.8088887533; 83.9177778456; 22.0450772987
2017-12-17 16:26:07 ; 28.5702130338; 28.4893616615; 28.3106377784; 28.2021281466; 28.2340425938; 28.4872339939; 28.1936177193; 28.089362043; 28.0; 83.2659576091; 82.263829495; 77.6085109305; 76.3978727625; 74.9404251423; 75.7170210493; 82.7744679552; 75.5829785935; 81.0468087704; 22.0450772987
2017-12-17 16:31:10 ; 28.1382981564; 28.1170216824; 27.9404253047; 27.8340419607; 27.8382972555; 28.1361706916; 27.910637957; 27.8361695878; 27.8446802992; 88.1872341075; 87.625531785; 82.4127666392; 80.6340422935; 78.7744681176; 80.0595742084; 87.9531917166; 79.83617044; 86.1361705699; 20.4580132089
2017-12-17 16:36:13 ; 28.3340902762; 28.2272730741; 28.079545758; 27.9340906577; 27.9727271687; 28.2272730741; 27.9340906577; 27.802271973; 27.7999992371; 82.5181822343; 81.4204543721; 76.6431820609; 75.2818180431; 73.8681817488; 74.7477267872; 81.9681814367; 75.1454540599; 80.9363639138; 20.7429583244
2017-12-17 16:41:22 ; 27.7918364466; 27.8204079842; 27.6244899594; 27.5285715376; 27.5591838603; 27.8489795218; 27.6285711794; 27.5693874748; 27.6163264683; 87.7632658044; 87.1897958249; 83.0530611933; 81.2673467519; 79.3224491976; 80.4285718957; 87.2510203147; 79.136734943; 84.6673470322; 15.0188836076
2017-12-17 16:46:19 ; 27.6478263606; 27.619565632; 27.4413041239; 27.3543475607; 27.3652169601; 27.6391309655; 27.4021735399; 27.3152166864; 27.3173906078; 87.1586953868; 86.3913046795; 81.0173912048; 79.1934777965; 77.3826086625; 78.6434780618; 86.684782277; 78.5847826419; 84.7239132757; 15.9822759261
2017-12-17 16:51:25 ; 27.8304341358; 27.7891298377; 27.6000003815; 27.53260882; 27.5239131347; 27.806521084; 27.5173913707; 27.3869560905; 27.3239123718; 83.4434781282; 82.3239130766; 77.3608700296; 75.8413051108; 74.3000007298; 75.3239129108; 82.8782609027; 75.8369558583; 81.6434777301; 16.2646141679
2017-12-17 16:56:37 ; 27.8999996185; 27.853060664; 27.6897966424; 27.5979595574; 27.6000003815; 27.8918363221; 27.6000003815; 27.4061220909; 27.3857138497; 81.738775915; 80.4387753545; 75.6897962921; 74.3673474059; 72.9040809164; 73.7877550709; 80.9897957627; 74.3755100795; 80.0183664439; 15.0188836076
2017-12-17 17:01:39 ; 27.6952380226; 27.6880952744; 27.5166667302; 27.4142857506; 27.4428569249; 27.7380953743; 27.4952380771; 27.4166663488; 27.3999996185; 88.4000002543; 87.9809523083; 83.2214284624; 81.2857139224; 79.3571432204; 80.4071424575; 88.0380950201; 79.9357143584; 85.7380952381; 14.3737807906
2017-12-17 17:06:50 ; 28.2604165077; 28.1229166587; 27.9583334923; 27.8354165554; 27.8395831982; 28.1187500159; 27.8479165634; 27.7624998887; 27.6916666826; 84.6374998093; 83.9687496821; 79.0041664441; 77.518749555; 76.0062500636; 77.0708333651; 84.5812500318; 76.8854161898; 82.5541664759; 14.3737807906
2017-12-17 17:11:47 ; 28.1369563393; 28.0695651925; 27.8913044308; 27.7760869731; 27.7869565798; 28.0804347577; 27.8673909643; 27.8369560656; 27.8152167279; 88.0978264187; 87.6347827082; 82.6521735813; 80.7260871555; 78.8913043478; 80.1956523398; 87.9695655159; 79.9934783604; 85.8739124796; 14.3737807906
2017-12-17 17:16:56 ; 28.238297848; 28.2276595095; 28.0659573332; 28.0085106708; 28.0340426831; 28.3489359186; 28.0744683692; 27.9680849846; 27.8531909293; 87.9765956148; 87.3723405879; 82.5638299496; 80.4893618645; 78.5574469059; 79.6170214389; 87.4106385251; 79.6212765308; 85.7382979697; 14.3737807906
2017-12-17 17:21:57 ; 28.4042551568; 28.3191487333; 28.1787236396; 28.1042557169; 28.1382983593; 28.4361699693; 28.1234047261; 27.9744679877; 27.8191482463; 84.6617020952; 83.4787234043; 78.2574471007; 76.4361703751; 74.742553224; 75.6829783663; 82.9297874938; 76.4255322395; 82.5723407827; 17.2050402647
2017-12-17 17:27:07 ; 28.1499999088; 28.1500001576; 28.0217392134; 27.9782607866; 28.0369566627; 28.3478255065; 28.0369566627; 27.9152170679; 27.732608961; 88.817391437; 88.1369562564; 83.0021742116; 80.6869563227; 78.5891305675; 79.7347828409; 87.9108694325; 80.3173916029; 86.873913143; 14.579699642
2017-12-17 17:32:12 ; 28.2413041073; 28.2391301445; 28.0956521656; 28.0521741121; 28.0978264187; 28.4108695155; 28.0891307748; 27.9434780453; 27.7608693164; 87.1043478924; 86.3195654828; 81.6608695984; 79.6130439095; 77.6586962161; 78.5065216396; 86.1760869234; 78.9108695984; 85.1782609691; 14.579699642
2017-12-17 17:37:20 ; 28.2673467519; 28.2163264605; 28.073469668; 28.0081632964; 28.0632655475; 28.3591833309; 28.0326531858; 27.8734689051; 27.7204086148; 85.2387754479; 84.1428568315; 78.8122448045; 76.8755103909; 75.1714284469; 76.2040816327; 84.204081477; 77.1408166691; 83.3918368281; 14.579699642
2017-12-17 17:42:24 ; 28.0999999152; 28.113333257; 27.9688887702; 27.9422220018; 27.9911110772; 28.3000002119; 27.9755554623; 27.844443851; 27.666666921; 88.9688891941; 88.3111112807; 83.2222217136; 80.9022221883; 78.8377778795; 79.8799999661; 87.9511113485; 80.233333842; 86.6688883464; 13.6505584502
2017-12-17 17:47:25 ; 28.3387751287; 28.2795916188; 28.1265310949; 28.0632655475; 28.1061228538; 28.371428081; 28.0469389546; 27.8857138497; 27.700000724; 84.8530614425; 83.781632871; 78.7387760707; 76.8938780804; 75.1408166691; 75.9591835178; 83.7979593082; 76.6387755725; 82.9408161397; 13.6505584502
2017-12-17 17:52:35 ; 28.0539997482; 28.0500001907; 27.9259997177; 27.8699995804; 27.9379997635; 28.2500000763; 27.9399997711; 27.8099993515; 27.6380005264; 88.4039997864; 87.6619995117; 82.456000061; 80.1479998779; 78.0819999695; 79.3060002136; 87.5100001526; 79.996000061; 86.6659999084; 12.7184077963
2017-12-17 17:57:37 ; 28.2591832609; 28.226530114; 28.0857146516; 28.0346940488; 28.0591838992; 28.3591834088; 28.036734834; 27.8795913774; 27.6877557793; 85.9551024145; 84.9510199099; 80.2346935661; 78.1959181805; 76.3836735317; 77.2122446177; 84.8816321237; 77.7183669733; 84.116326624; 12.7184077963
2017-12-17 18:02:44 ; 28.1244895702; 28.0857143791; 27.9551020252; 27.8999998132; 27.944897749; 28.2448979592; 27.9204078596; 27.7857141689; 27.6306127431; 87.134693535; 86.2877549152; 80.8061226047; 78.6714287583; 76.7877553823; 77.9938771773; 86.257142826; 78.757142826; 85.5938781427; 12.7184077963
2017-12-17 18:07:45 ; 28.2391300616; 28.2413039415; 28.0956525388; 28.0456523481; 28.0869568535; 28.3673910887; 28.0456523481; 27.8782604052; 27.6869571935; 86.1847827746; 85.2652176567; 80.5847829736; 78.4391307002; 76.497826286; 77.3869560905; 85.0347822438; 78.0652172254; 84.5195652506; 12.7184077963
2017-12-17 18:12:52 ; 28.176086716; 28.1195654662; 27.9956521573; 27.9478258879; 28.0043478427; 28.2673910804; 27.9608694159; 27.8304341358; 27.6434788082; 86.7326087952; 85.8282610023; 80.3217395285; 78.2000004312; 76.33695619; 77.5478258548; 85.7652174908; 78.4456523398; 85.2739128445; 0 
2017-12-17 18:17:58 ; 28.3340421636; 28.22127675; 28.1680857476; 28.0957450461; 28.0851067076; 28.2468083564; 28.0510640246; 27.8999996185; 27.721277034; 84.0319150559; 83.0297866172; 77.776595907; 75.880850447; 74.3106384277; 75.5148937144; 82.6914891994; 75.7638296574; 82.3106377784; 0 
2017-12-17 18:23:04 ; 27.9085106951; 27.8595742165; 27.8425530373; 27.8340422854; 27.8255312494; 27.9170209601; 27.8404249232; 27.7808505931; 27.6276600615; 89.1042551893; 88.7638296574; 82.9680849441; 80.4574471332; 78.6893617346; 80.7851062531; 88.0999999351; 80.2617021926; 87.2340425532; 0 
2017-12-17 18:28:10 ; 27.9425535405; 27.8617024117; 27.8255321827; 27.7744682393; 27.7063828732; 27.8042555058; 27.7765958258; 27.7765958258; 27.617021723; 88.6936171511; 88.4404256293; 83.3787229822; 81.2404259215; 79.5744680851; 81.5489363975; 88.0531911647; 79.9382978399; 86.6723403931; 0
2017-12-17 18:33:12 ; 28.2869563725; 28.0847828077; 28.0500001907; 27.984782675; 27.9021737887; 27.9543476934; 27.9304346416; 27.9021737057; 27.7195652257; 85.1456519417; 84.7673907073; 78.9239128776; 77.0434782609; 75.7608693994; 77.8413042815; 84.6086956522; 77.0152174908; 83.5586957517; 0
2017-12-17 18:38:17 ; 28.1727273247; 28.0522727099; 28.0227273594; 27.9886363203; 27.9159087701; 27.9772726406; 27.9795453765; 27.9409088655; 27.7613636797; 89.5522727966; 89.4613637057; 83.8704540946; 81.5272726579; 79.8340906663; 81.9613637057; 89.0113631162; 80.6977272034; 87.570454164; 0 
2017-12-17 18:43:22 ; 28.4652172586; 28.2630431963; 28.2326087122; 28.1760875453; 28.0869568535; 28.1434788082; 28.0913046961; 28.0608697974; 27.8608690345; 83.5478261865; 82.8586959839; 77.1695651179; 75.4304351807; 74.2978263523; 76.2326079659; 82.7108691672; 75.6717393295; 82.1608694325; 0
2017-12-17 18:48:30 ; 28.1086956936; 28.0108695238; 27.9978260372; 27.9543476519; 27.8891300118; 27.9695651013; 27.9695651013; 27.9282605959; 27.7565218469; 89.7391306006; 89.6934784599; 84.0434779292; 81.6869568203; 79.9565222367; 82.1282609027; 89.0500000663; 80.8956521076; 87.9043477929; 0 
2017-12-17 18:53:35 ; 28.2630431548; 28.1152179138; 28.0934787004; 28.0369568286; 27.9608696647; 28.0108697311; 28.0000001244; 27.9543477349; 27.7804343597; 85.0304343182; 84.3760865253; 79.0869565217; 77.3500001327; 76.1239133088; 77.8999998673; 84.065217723; 76.3782609027; 82.3760871887; 0
2017-12-17 18:58:37 ; 28.0183673002; 27.8551022277; 27.8163266474; 27.72653062; 27.6530610688; 27.7244898348; 27.7489796853; 27.7836735784; 27.681632801; 89.0897957938; 89.1204080387; 83.5897961052; 81.506122667; 79.9183675026; 82.3265307679; 89.0265305188; 80.7632651816; 87.471428696; 0
2017-12-17 19:03:44 ; 28.5102042373; 28.3306119101; 28.2877548373; 28.2142857143; 28.1142861503; 28.1510209453; 28.1489801601; 28.1163269744; 27.9653059901; 85.2163261881; 84.908163421; 79.6265307057; 77.9693880665; 76.7081633587; 78.62653055; 84.9061224801; 77.3530608197; 83.4204082878; 0
2017-12-17 19:08:54 ; 28.2673468687; 28.1020412056; 28.0755104921; 27.9755101107; 27.8999996185; 27.9693876383; 28.0163265929; 28.0; 27.889795498; 87.9428572363; 87.8326531235; 81.9714283846; 80.0081634521; 78.5836734382; 80.8918366724; 87.6734695435; 79.5612241784; 86.1387754168; 0
2017-12-17 19:13:56 ; 28.4568180171; 28.2749995752; 28.1977279836; 28.1500005722; 28.0704548142; 28.0977276455; 28.0909094377; 28.0363637751; 27.8999996185; 83.6204549616; 83.0772725886; 77.4886363636; 76.0204542333; 74.9181816795; 76.7568180778; 83.113636537; 75.6613636017; 81.5272728313; 0
2017-12-17 19:19:02 ; 28.0652174742; 27.9565215733; 27.9195649106; 27.8347821858; 27.7673912463; 27.83260814; 27.8391298211; 27.8673907985; 27.7934775974; 89.0739129108; 89.0543474944; 83.4456525056; 81.3869564222; 79.847826087; 82.2260873214; 88.8434781614; 80.5717393626; 86.9804347494; 0
2017-12-17 19:24:07 ; 28.3619994736; 28.1660006332; 28.1060004044; 28.0520001984; 27.9639998627; 27.9919999695; 27.9859999466; 27.9699998856; 27.8019992447; 83.2860002136; 82.6740000916; 77.0779997253; 75.5040005493; 74.3960002136; 76.3379998779; 82.6220001221; 75.4879997253; 81.5779997253; 0
2017-12-17 19:29:13 ; 28.1234039144; 28.0085106708; 27.953191676; 27.8702130825; 27.7978724622; 27.8574470358; 27.8680852119; 27.8893612801; 27.7659572439; 87.8382975802; 87.6063834657; 82.5361704725; 80.6042555139; 79.2234044176; 81.2638291704; 87.4127656653; 79.468085918; 85.7148934222; 0
2017-12-17 19:34:26 ; 28.2395831347; 28.0395834843; 28.0125000477; 27.9124997854; 27.820833087; 27.8833330472; 27.8895829916; 27.8687494993; 27.7583332062; 85.8124998411; 85.5541664759; 79.6854171753; 77.8854165077; 76.6666665077; 78.8708333969; 85.4937500954; 77.5937501589; 83.9270834923; 0
2017-12-17 19:40:05 ; 28.2456519085; 28.1130440339; 28.0326089859; 27.9934784433; 27.8999999088; 27.9434782526; 27.952173855; 27.9108693081; 27.7804342353; 85.2913045469; 84.7956521407; 79.523913342; 77.8000003981; 76.5521741121; 78.3847827082; 84.5195652506; 76.7956519749; 82.6478259874; 0
2017-12-17 19:45:09 ; 27.8181819482; 27.7022726319; 27.6727271514; 27.6159088828; 27.5522727966; 27.6272727793; 27.6204549616; 27.6272732128; 27.4704544327; 83.7772716175; 82.9249995839; 77.0909094377; 75.2681817141; 74.2795455239; 76.1636364677; 82.3772726926; 74.7840910825; 80.8340910131; 0
2017-12-17 19:50:15 ; 28.1304347826; 27.9478261782; 27.8913045551; 27.8260872053; 27.7043478178; 27.7478261616; 27.7565218469; 27.7956523481; 27.6021738882; 89.5956522071; 89.6608699301; 84.0782603388; 81.7326084635; 80.3934782277; 83.0108693994; 89.9673909726; 81.5913042815; 87.8804349485; 0 
2017-12-17 19:55:25 ; 28.8104161819; 28.5770836274; 28.5125000477; 28.4187497298; 28.258333087; 28.3083331188; 28.3291664521; 28.3562496503; 28.1479172309; 84.5145839055; 84.2395833333; 78.5916665395; 76.8687499364; 75.9416662852; 78.2541666031; 84.8479161263; 77.160416921; 83.1958335241; 0 
2017-12-17 20:00:27 ; 28.7326088366; 28.5565219547; 28.4978260787; 28.4173909892; 28.2934775974; 28.3717386412; 28.3608690345; 28.3456515851; 28.1543484149; 83.6456509466; 83.0; 77.3673918351; 75.6956516763; 74.8021734486; 76.9086958844; 83.2782606042; 76.1760864258; 82.0021738799; 0 
2017-12-17 20:05:32 ; 28.5375001431; 28.3708328406; 28.3354160388; 28.2687497536; 28.1604171991; 28.2166669766; 28.2020836671; 28.1520838737; 28.0; 83.4583338102; 82.679166317; 77.0312495232; 75.4625005722; 74.4416672389; 76.4854167302; 82.8854169846; 75.9208343824; 81.7541673978; 0 
2017-12-17 20:10:36 ; 28.3733328501; 28.2000003391; 28.1688894908; 28.1133337657; 28.022222307; 28.0533335368; 28.0488890754; 27.9822221544; 27.8577772352; 83.2244425456; 82.4044459025; 76.7422214084; 75.2422220866; 74.1799979316; 76.1844423082; 82.5555550469; 75.6511091444; 81.3866678874; 0 
2017-12-17 20:15:44 ; 28.2270835638; 28.0812503099; 28.052083532; 27.9583331744; 27.8687494993; 27.9062496424; 27.8874995708; 27.8520827691; 27.7208337784; 83.4458341599; 82.6416667302; 76.9687504768; 75.3208355904; 74.3416671753; 76.3770834605; 82.7604166667; 75.8458342552; 81.7708339691; 0 
2017-12-17 20:20:44 ; 28.0829790399; 27.9553189785; 27.9361699693; 27.8617016001; 27.7744677118; 27.8191483274; 27.7680848304; 27.7319151696; 27.6148940553; 83.4914894916; 82.7425533863; 77.0659564404; 75.3382993658; 74.4063844072; 76.4361711867; 82.8893630657; 75.9234054241; 81.7936178978; 0 
2017-12-17 20:25:54 ; 28.0; 27.8608690345; 27.8369558998; 27.7608693994; 27.6869572349; 27.7086962824; 27.6673919429; 27.6282613588; 27.513043528; 83.2956523066; 82.5043477597; 76.8369566876; 75.1739123801; 74.2369573842; 76.2369555598; 82.6347817131; 75.7130428812; 81.517391039; 0 
2017-12-17 20:30:58 ; 28.0; 27.8579994583; 27.7999992371; 27.753999939; 27.6740006638; 27.7000007629; 27.6520005798; 27.6060004044; 27.5; 82.932000885; 82.1819993591; 76.5699990845; 75.057999115; 74.0399993896; 76.0319995117; 82.3940010071; 75.4720004272; 81.2419993591; 0 
2017-12-17 20:36:05 ; 28.0555557675; 27.8999996185; 27.8977773878; 27.8022214678; 27.7000007629; 27.7155560811; 27.7000007629; 27.6888896094; 27.5266667684; 82.5111112807; 81.7355555216; 76.244444614; 74.7022213406; 73.724444241; 75.6911102295; 81.9711115519; 75.1311102973; 80.844444614; 0 
2017-12-17 20:41:09 ; 28.1000003815; 27.9765956554; 27.9255316308; 27.8617016001; 27.7574466949; 27.7957439828; 27.7425533051; 27.7106388985; 27.6000003815; 82.2361701803; 81.4595750849; 76.0085105084; 74.4957447458; 73.5680840675; 75.5425525422; 81.7638303067; 74.9765961018; 80.927660516; 0 
2017-12-17 20:46:11 ; 28.1978268416; 28.0; 28.0; 27.8999996185; 27.7999992371; 27.8130427651; 27.7999992371; 27.7999992371; 27.6108699882; 82.2021718233; 81.3173934273; 75.9021754058; 74.3869582466; 73.5021738799; 75.4543485227; 81.7108680062; 74.9478268831; 80.876088018; 0 
2017-12-17 20:51:17 ; 28.1978730952; 28.0021276677; 28.0; 27.8999996185; 27.7999992371; 27.8446802586; 27.8021269048; 27.7999992371; 27.6617027445; 81.506382719; 80.5404255644; 75.217021861; 73.7404259215; 72.8148940066; 74.7361703426; 80.7723401658; 74.1553195385; 79.9127663146; 0
2017-12-17 20:56:26 ; 26.7391305592; 26.9152172752; 26.9021737472; 26.8673911302; 26.791304381; 26.7956522237; 26.7934783853; 26.8869566295; 26.9478260123; 78.2913038834; 75.8456523729; 70.9673921336; 69.8608699467; 69.3304352138; 71.1499997015; 76.3043478261; 69.0108688189; 74.7391306006; 4.47416825883
2017-12-17 21:01:32 ; 26.3934779374; 26.447825805; 26.3826082064; 26.2717394207; 26.0695653169; 25.9478258879; 25.8413041986; 25.9043474612; 25.8500000083; 79.7065220708; 77.5695648193; 72.497826286; 71.291304381; 70.7847824097; 73.2543477597; 79.8695652174; 72.7826088615; 80.1239126454; 0 
2017-12-17 21:06:34 ; 28.5739129937; 28.1869564886; 28.041304381; 27.860869615; 27.5065217225; 27.3000000249; 27.2565216811; 27.4086956771; 27.1999999751; 79.9347824428; 79.6652173581; 74.6326089942; 73.5934784931; 73.5260863926; 76.3673913375; 82.9326088947; 75.1456526051; 81.402173913; 0
2017-12-17 21:11:41 ; 29.5361703507; 29.2723405716; 29.1531916679; 28.97234032; 28.6595744681; 28.585106383; 28.5851064236; 28.7042553678; 28.4468083889; 83.6255324343; 83.546808608; 77.9489367871; 76.6978719184; 76.4808511937; 79.176595485; 85.9361700504; 77.5872336854; 84.1212763685; 0 
2017-12-17 21:16:47 ; 29.4916671117; 29.3645832539; 29.2624996503; 29.1125003894; 28.8833332459; 28.8416664203; 28.8104163806; 28.8291664124; 28.6250004768; 81.0833336512; 80.1875003179; 74.9375001589; 73.8041664759; 73.6333330472; 75.9229170481; 82.1083340645; 74.4833335876; 80.6333332062; 0 
2017-12-17 21:21:51 ; 28.9083333413; 28.8083334764; 28.7500000397; 28.6354166269; 28.4354164203; 28.3749998013; 28.3291665316; 28.3874995708; 28.1791669925; 86.7812496821; 86.3124998411; 80.2062500318; 78.4750005404; 77.7499998411; 80.5374995867; 87.6499997775; 79.289583683; 85.5541664759; 0 
2017-12-17 21:26:59 ; 29.3787230634; 29.2595742002; 29.1531920737; 29.02765968; 28.785105969; 28.7340425938; 28.6723410018; 28.678724086; 28.4361699693; 79.8999999026; 78.9000000649; 73.7085108656; 72.5425533538; 72.2936169239; 74.6063831411; 80.6297872016; 73.5319148936; 79.2978725028; 0
2017-12-17 21:31:58 ; 28.3760870229; 28.3521740126; 28.317391437; 28.2304348324; 28.06304347; 28.008695478; 27.9565214074; 28.0065215982; 27.8717388899; 87.4282608032; 86.5239130103; 80.4239125459; 78.6543476271; 77.8065212084; 80.4934785262; 87.4065220045; 78.9478257221; 85.0891302358; 0 
2017-12-17 21:37:04 ; 29.1208337545; 28.9416666428; 28.8437498808; 28.70208323; 28.4708332618; 28.3958332936; 28.3333332539; 28.3312498728; 28.0895836353; 82.3645831744; 81.7145835559; 76.2416666349; 74.8958331744; 74.4624999364; 77.0874997775; 83.8083337148; 76.3666669528; 82.5916663806; 0 
2017-12-17 21:42:12 ; 29.1791671912; 29.0291667779; 28.9499998093; 28.8166659673; 28.6145837704; 28.6000003815; 28.5083333651; 28.4916666349; 28.2541666031; 80.2083336512; 79.1812500954; 73.9750000636; 72.8166661263; 72.3708333969; 74.6104164124; 80.8124995232; 74.179166158; 80.1500004133; 0 
2017-12-17 21:47:16 ; 28.9130435612; 28.815217184; 28.7673909975; 28.6456526051; 28.4826086293; 28.4608694159; 28.4152171923; 28.3478257967; 28.1369570442; 82.9934775311; 82.1739127118; 76.5608697974; 75.1782613008; 74.5782611681; 76.8434781614; 83.4369561569; 76.1891293733; 82.2152174245; 0 
2017-12-17 21:52:24 ; 28.5711113824; 28.4422220018; 28.4133330027; 28.3133326213; 28.177778244; 28.1466671838; 28.0733336131; 28.0288889991; 27.8466660817; 84.2711112128; 83.5111111111; 77.6177775065; 76.0466664632; 75.2422222561; 77.6622224596; 84.520000373; 77.1288886176; 83.0422224257; 0 
2017-12-17 21:57:36 ; 28.4826086293; 28.3239123718; 28.2804343182; 28.1978267587; 28.0456523481; 28.0108696067; 27.9434780453; 27.8891300118; 27.7021746428; 81.4847825092; 80.4565220708; 74.9760871555; 73.665217524; 73.0043472622; 75.1978260538; 81.5826085961; 74.8152173913; 80.4413042483; 0 
2017-12-17 22:02:41 ; 28.353060664; 28.1857149163; 28.1551026325; 28.0653063716; 27.926530332; 27.9040812668; 27.8408157193; 27.7795913852; 27.6122453261; 80.436734725; 79.2693867586; 73.9857149708; 72.7408159217; 72.0938781427; 74.1571426392; 80.2918355514; 73.7795906845; 79.2285712106; 0 
2017-12-17 22:07:48 ; 28.2369566378; 28.0782611681; 28.0586958761; 27.9347823599; 27.8043470797; 27.8108688437; 27.7195656818; 27.6760875868; 27.506521764; 80.0217387987; 78.8347841346; 73.6413025234; 72.3804364412; 71.7543484232; 73.7239131098; 79.7782615993; 73.3565224357; 78.6847829404; 0 
2017-12-17 22:13:09 ; 28.0702130338; 27.9510636431; 27.9234039631; 27.8361695878; 27.7000006412; 27.6893623027; 27.6191493907; 27.5723407015; 27.410637957; 79.676594511; 78.5085105084; 73.3723422111; 72.1212755568; 71.4468093223; 73.3489375013; 79.3574480097; 73.0382974503; 78.2872340426; 0 
2017-12-17 22:18:58 ; 27.9187498093; 27.8104161819; 27.7770828406; 27.685417215; 27.5562502146; 27.5500001907; 27.5208334128; 27.4270830552; 27.2833328644; 81.3645830154; 80.3625009855; 74.9979170163; 73.6666665077; 72.958334287; 74.8687500954; 81.1333341599; 74.3020838102; 79.6687498093; 0 
2017-12-17 22:24:18 ; 27.8086956273; 27.6913043312; 27.6369566295; 27.5673915614; 27.3999996185; 27.3999996185; 27.3499994278; 27.302173656; 27.1673917356; 85.4499999337; 84.9847828409; 78.9065213411; 77.1956520081; 76.2152170928; 78.7108696647; 85.6934786258; 77.9065216728; 83.560869134; 0 
2017-12-17 22:29:41 ; 28.1000003815; 27.96739118; 27.8999996185; 27.7956515602; 27.6391309655; 27.5956525388; 27.5782611681; 27.53260882; 27.3782604052; 81.0108697311; 80.1695651179; 74.7717387987; 73.4217391636; 72.7782607701; 74.9130434783; 81.2195651842; 74.3478257552; 79.7152167611; 0 
2017-12-17 22:34:45 ; 28.1022226122; 28.0; 27.9044440799; 27.8377771589; 27.6911118401; 27.6822229173; 27.6044448429; 27.5977781508; 27.3999996185; 79.8600001017; 78.8822221544; 73.6533337063; 72.4377770318; 71.8400002374; 73.8177783542; 79.8733332316; 73.3422220866; 78.6466668023; 0
2017-12-17 22:40:01 ; 28.1249998411; 27.9687498808; 27.9208330313; 27.8291665713; 27.6562501987; 27.6270836194; 27.5895836353; 27.5729168653; 27.4374997616; 85.6250003179; 85.2541670799; 79.2250002225; 77.4875000318; 76.7125002543; 79.1812500954; 86.1812500954; 78.1729165713; 83.8333333333; 0 
2017-12-17 22:45:09 ; 28.5395834843; 28.3354162375; 28.260416468; 28.1666673024; 27.9624998569; 27.9374997616; 27.881249547; 27.8770828644; 27.6958338817; 82.1500002543; 81.4270831744; 75.995833079; 74.6416660945; 74.1041666667; 76.3208335241; 82.6895833015; 75.3520830472; 80.7187496821; 0 
2017-12-17 22:50:13 ; 28.4839999771; 28.2900000381; 28.2380000305; 28.1380000305; 27.9519998169; 27.9279997253; 27.8799995422; 27.8819995499; 27.7200001907; 84.6300001526; 84.1459999084; 78.2380000305; 76.6440002441; 75.8779998779; 78.3879997253; 85.2319996643; 77.4980006409; 83.2179998779; 0 
2017-12-17 22:55:16 ; 28.606383344; 28.44468064; 28.4042551568; 28.2978720969; 28.1276600615; 28.0914897107; 28.0531916923; 28.0574470277; 27.8489356751; 83.7617020303; 83.1085104435; 77.4212769853; 75.9638295275; 75.427659055; 77.6999998701; 84.3574468734; 76.60425454; 82.2425530616; 0 
2017-12-17 23:00:30 ; 28.6361706916; 28.4489359754; 28.4042549539; 28.299999724; 28.1085110522; 28.0680853661; 28.0127660061; 28.0063830031; 27.8170208221; 82.321276401; 81.6468090301; 76.046808608; 74.6574470033; 74.0170213415; 76.3319148612; 82.8063831735; 75.6148933248; 80.902127692; 0 
2017-12-17 23:05:44 ; 28.5311112298; 28.4066663106; 28.3488885244; 28.2466669295; 28.0644446903; 28.0577779982; 27.9933333079; 27.9799999237; 27.8222216288; 85.2444435967; 84.7333333333; 78.9000001695; 77.2599999322; 76.4933332655; 78.9822223239; 85.8066672431; 77.7933332655; 83.1044443766; 0 
2017-12-17 23:10:56 ; 28.6531920737; 28.4787233231; 28.4085102893; 28.2999992371; 28.1361707322; 28.0829790399; 28.0191490904; 28.0042553354; 27.8042545724; 81.3404252073; 80.4872342373; 75.0851062207; 73.7957443887; 73.3085103136; 75.5212767581; 81.8510631805; 74.6765962966; 79.9510637649; 0 
2017-12-17 23:16:02 ; 28.5; 28.3276592823; 28.2829786666; 28.2021278625; 28.0234043446; 27.9574466462; 27.9319146339; 27.9319146339; 27.7489361864; 84.940425467; 84.4212766607; 78.4744683124; 76.8553194087; 76.1042553516; 78.6553193762; 85.5106386225; 77.6999997078; 83.323404515; 0 
2017-12-17 23:21:13 ; 28.5750002861; 28.4229164918; 28.3687499364; 28.2499997218; 28.0791669687; 28.0375001431; 28.0083333651; 27.9874999523; 27.808333079; 83.9979162216; 83.2770833969; 77.4854165713; 75.9791665077; 75.4895834923; 77.8604165713; 84.4833335876; 76.5937493642; 81.8145833015; 0 
2017-12-17 23:26:43 ; 28.6297877291; 28.4361699693; 28.3914889883; 28.270212417; 28.0808513723; 28.0361703507; 27.9914893292; 27.9446807212; 27.7978719752; 81.1638297223; 80.3063833358; 74.9234041255; 73.612766347; 73.1297870392; 75.3468085756; 81.6000000974; 74.5446813056; 79.6404254994; 0 
2017-12-17 23:32:02 ; 28.5428573063; 28.3795913774; 28.328571086; 28.244898037; 28.0673471957; 28.0224490652; 27.9612243419; 27.9489793972; 27.8102034744; 84.7591834555; 84.2448979592; 78.314285434; 76.7081630473; 75.9204082878; 78.4000002803; 85.1469388689; 77.4387756659; 82.8489798721; 0 
2017-12-17 23:37:09 ; 28.6224488628; 28.4734692865; 28.4020404426; 28.3142855897; 28.1346943914; 28.0938779091; 28.0571430751; 28.055102251; 27.8591831363; 84.3918368281; 83.8346940644; 77.9775508958; 76.4448977101; 75.7918369527; 78.1326529055; 84.7163264995; 76.8959185542; 82.37346945; 0 
2017-12-17 23:42:14 ; 27.7488889058; 27.7822220696; 27.7066664802; 27.6244444105; 27.4866666582; 27.4444444444; 27.395555581; 27.3955556234; 27.277777693; 77.3288884481; 75.6599994236; 71.1888889737; 69.7311108907; 69.2733331468; 71.2111116197; 76.504443868; 69.0444443597; 74.1177780151; 4.47416825883
2017-12-17 23:47:36 ; 26.4808511125; 26.5510639028; 26.4553189379; 26.2978725028; 26.125531785; 26.0127658032; 25.9361702939; 26.0212763928; 26.0021275054; 82.0553189541; 80.6340427805; 76.5021276271; 75.2617018679; 74.7617021926; 77.2659573656; 83.1191481732; 75.0744679228; 81.046809095; 0 
2017-12-17 23:52:37 ; 28.4478258465; 28.0978262113; 27.9239128776; 27.6978263855; 27.4173911136; 27.2782608115; 27.2608695238; 27.4739130684; 27.4282608447; 87.6956528373; 88.3739124796; 83.5891305675; 82.0521736145; 81.3652177894; 84.6717393295; 90.7978258548; 81.8956521076; 86.519564753; 0 
2017-12-17 23:57:42 ; 29.274468077; 29.0361703102; 28.8808511369; 28.7212764253; 28.4765960206; 28.4340427886; 28.4702130987; 28.6404251342; 28.5574470682; 87.946808673; 88.3340423259; 83.1659576741; 81.4574472955; 80.612766347; 83.6957451029; 89.9191483843; 80.9361694011; 85.8468085756; 0 
