2017-12-16 00:03:43 ; 28.299999782; 28.1755105233; 28.1489801601; 28.0632655475; 27.8836730256; 27.8836730256; 27.7938770761; 27.7612242796; 27.518367417; 82.091836579; 82.9795918367; 76.2897958561; 75.1306119646; 74.3183674715; 76.3122444931; 82.5755102975; 75.0469389935; 80.7367351298; 0 
2017-12-16 00:08:42 ; 28.2382977262; 28.117021723; 28.0872343753; 28.0085106708; 27.8446802586; 27.8446802586; 27.7361704238; 27.7063835631; 27.4659573169; 82.1212763685; 83.2446808511; 76.3617019653; 75.2340428778; 74.5148933898; 76.7148934222; 82.9617019004; 75.4638295275; 81.2638301444; 0 
2017-12-16 00:13:51 ; 28.2619998169; 28.1700000381; 28.1300004959; 28.0400001526; 27.8779995346; 27.8739995193; 27.7799996185; 27.7499999619; 27.4979999924; 82.8480001831; 83.79; 76.9140002441; 75.6759992981; 74.8659996033; 76.9040000916; 83.266000061; 75.596000061; 81.4740002441; 0 
2017-12-16 00:18:58 ; 28.2695650432; 28.1347831229; 28.1043482241; 28.0282609774; 27.8565211918; 27.8499994278; 27.7369567208; 27.7065222367; 27.46739118; 81.5413037176; 82.5934778296; 75.7804351475; 74.7500004976; 74.05869542; 76.19130458; 82.3847828741; 75.0543476602; 80.7652171591; 0 
2017-12-16 00:23:58 ; 28.2458331585; 28.1541668574; 28.1250004768; 28.0375001431; 27.8708328406; 27.8708328406; 27.7749996185; 27.7416665951; 27.485416611; 83.0604166985; 83.9958329201; 77.1187497775; 75.8770831426; 75.0875002543; 77.1562493642; 83.5458332698; 75.7687500318; 81.6312499046; 0 
2017-12-16 00:29:01 ; 28.2918365245; 28.157143223; 28.1204086226; 28.0265307135; 27.8632647845; 27.8571423122; 27.7510204315; 27.7142861035; 27.4959183518; 81.3632655241; 82.42857174; 75.6448982394; 74.6469388689; 73.9775505844; 76.1367347873; 82.3020405672; 74.9387751988; 80.7959180559; 0 
2017-12-16 00:34:07 ; 28.285999794; 28.1820000839; 28.1460005569; 28.0640002441; 27.929999733; 27.8859995651; 27.8139995193; 27.7719996262; 27.5640002441; 82.56; 83.47; 76.6340000916; 75.466000061; 74.713999939; 76.6860003662; 83.0260002136; 75.4519999695; 81.3899996948; 0 
2017-12-16 00:39:07 ; 28.2361700586; 28.117021723; 28.0851067076; 28.0148936738; 27.8468079263; 27.8404249232; 27.740425678; 27.6914900516; 27.5; 82.3234040281; 83.4489359754; 76.540425889; 75.4340430726; 74.6872339452; 76.9361703751; 83.2404252722; 75.6893617346; 81.604255027; 0 
2017-12-16 00:44:11 ; 28.334042123; 28.1914900922; 28.1765964183; 28.0872343753; 27.8936166155; 27.8978719508; 27.79787161; 27.7425533051; 27.5021276677; 79.8148941689; 80.6914888747; 74.0978724703; 73.2255320448; 72.5276588278; 74.3361697907; 80.3106382654; 73.3702124738; 78.9936164694; 0 
2017-12-16 00:49:22 ; 28.1244898816; 28.0428573063; 28.0285715376; 27.9408161008; 27.8020400612; 27.7938769594; 27.68367417; 27.6367352155; 27.4387752767; 83.8285712417; 85.0183670667; 77.9734693255; 76.6224488239; 75.8122448045; 78.1877545727; 84.6591837358; 76.8163263749; 82.78571413; 0 
2017-12-16 00:54:21 ; 28.3130427651; 28.2000007629; 28.1260874375; 28.0739133254; 27.8999996185; 27.8934778545; 27.7891298377; 27.7304350812; 27.5021739213; 79.1978260538; 80.0434782609; 73.5130436109; 72.7782606042; 72.1978258879; 73.9847828409; 79.8043476602; 72.919564952; 78.4695650184; 0
2017-12-16 00:59:22 ; 28.1191489849; 28.02765968; 28.0106383385; 27.9340423016; 27.8021269048; 27.7957441452; 27.6893623433; 27.6468090707; 27.4361699693; 85.019149131; 86.1957442913; 79.1212766931; 77.6063831411; 76.7553193113; 79.178723599; 85.7723400035; 77.5893614749; 83.6148938118; 0 
2017-12-16 01:04:31 ; 28.3877546739; 28.2244901852; 28.1897966424; 28.0897962609; 27.9102037391; 27.8979587944; 27.8122442596; 27.7693874593; 27.5571430751; 79.3081633899; 80.1306124317; 73.6326532169; 72.8918362053; 72.2755103598; 74.1142858388; 79.9979595262; 73.1163263126; 78.7204079141; 0
2017-12-16 01:09:33 ; 28.1148937712; 28.0531916923; 28.0425533538; 27.9468083077; 27.8106375755; 27.8127653244; 27.7191494069; 27.6808515914; 27.4595743139; 85.1148931625; 86.2425535486; 79.1829790156; 77.6148933248; 76.7489361053; 79.1702129283; 85.7382979697; 77.5638297872; 83.5659575767; 0 
2017-12-16 01:14:43 ; 28.3062495391; 28.1770840089; 28.1354171832; 28.0625002384; 27.8895829121; 27.8791662057; 27.7770829201; 27.7333335876; 27.5020833413; 80.9104162852; 81.7000001272; 75.1104167302; 74.1374996503; 73.4395833015; 75.3583334287; 81.3187500636; 74.0833334923; 79.7104171117; 0 
2017-12-16 01:19:48 ; 28.1479166746; 28.0458335082; 28.0250000954; 27.947916468; 27.8104159832; 27.7958328724; 27.6979172627; 27.6541672548; 27.4374997616; 83.2375003497; 84.3645838102; 77.3812502225; 76.1374999682; 75.3437496821; 77.6458325386; 83.9437499046; 76.2333334287; 82.0229167938; 0 
2017-12-16 01:24:49 ; 28.2285712495; 28.1285718412; 28.1040820297; 28.0204082411; 27.8612239604; 27.8632647845; 27.7591834944; 27.7081635534; 27.4795917589; 83.4877551332; 84.3918366724; 77.5306125563; 76.2061224178; 75.3857141612; 77.5183672224; 83.8877546349; 76.034693971; 81.6306119646; 0 
2017-12-16 01:29:56 ; 28.285999794; 28.148000412; 28.1120004272; 28.0200000763; 27.8499994278; 27.8459994125; 27.7340002441; 27.6980004501; 27.4679998779; 80.7080001831; 81.6499998474; 74.9680000305; 74.0439996338; 73.3759999084; 75.47; 81.4879995728; 74.2999996948; 79.7040005493; 0
2017-12-16 01:34:58 ; 28.180851145; 28.0957448838; 28.0723407015; 27.9893616615; 27.827658917; 27.8297865847; 27.7297875425; 27.7085110279; 27.47234032; 84.887233653; 86.0489360728; 78.9531918789; 77.4595747603; 76.5872338478; 78.9872343997; 85.5936170537; 77.4638298522; 83.3148930326; 0 
2017-12-16 01:40:04 ; 28.3479162852; 28.2208336592; 28.1750006676; 28.0833336512; 27.9020829598; 27.8916662534; 27.7958327134; 27.7687497139; 27.5312501192; 81.2604166667; 82.1229165395; 75.4541665713; 74.4416666031; 73.7625001272; 75.7750000954; 81.8208335241; 74.5145832698; 79.9729166031; 0 
2017-12-16 01:45:08 ; 28.2521737969; 28.1347829155; 28.1065221455; 28.026087056; 27.8499994278; 27.8456515851; 27.7478261201; 27.7260872799; 27.5021739213; 82.830435048; 83.9326088947; 76.9695653501; 75.8086955858; 75.0391303353; 77.3913043478; 83.6217397607; 76.0021732164; 81.6347833716; 0 
2017-12-16 01:50:16 ; 28.2583333651; 28.1812498569; 28.1229171356; 28.066666921; 27.8999996185; 27.8645828168; 27.7812498411; 27.7604165077; 27.552083532; 83.8895837466; 84.8874996503; 77.9541665713; 76.6583336194; 75.847916921; 78.0874997775; 84.4270833333; 76.5020831426; 82.1874996821; 0 
2017-12-16 01:55:19 ; 28.362499555; 28.2333333492; 28.1791672707; 28.0854169925; 27.9041663011; 27.8874995708; 27.7854162057; 27.7624998093; 27.5125000477; 80.1770834923; 81.0999994278; 74.4687498411; 73.6458333333; 72.9937497775; 75.0041664441; 80.90625; 73.8583332698; 79.1145833333; 0
2017-12-16 02:00:24 ; 28.1933333927; 28.1044448429; 28.0866669973; 28.0177778456; 27.8399993896; 27.8311104669; 27.735555776; 27.7088894738; 27.4933333079; 85.1799997965; 86.2577775743; 79.1511110094; 77.6977781508; 76.8155559964; 79.3111106025; 85.8355556912; 77.6311109755; 83.3977771335; 0 
2017-12-16 02:05:28 ; 28.3040814692; 28.2122448123; 28.1571434177; 28.0877554368; 27.8877546739; 27.8836730256; 27.789795389; 27.7693874593; 27.5122449447; 82.8938769905; 83.777551145; 76.9653061847; 75.7918361742; 75.006122667; 77.1938780181; 83.4918365479; 75.8000002491; 81.3673466274; 0 
2017-12-16 02:10:29 ; 28.3111108568; 28.1933335622; 28.1488894569; 28.0622224596; 27.8799995422; 27.866666158; 27.7844440884; 27.7444445292; 27.5200000763; 81.0177780151; 81.9911109077; 75.2333333333; 74.2933334351; 73.5977778117; 75.7599999322; 81.8355553521; 74.5955549452; 79.9155553182; 0 
2017-12-16 02:15:35 ; 28.1782609691; 28.102174054; 28.0782611266; 28.0086956853; 27.8499994278; 27.8347819784; 27.7456523232; 27.7217393958; 27.506521764; 85.2478261201; 86.2913042151; 79.2173918019; 77.6978263855; 76.7760863926; 79.1217390973; 85.6434780618; 77.4347826087; 83.1782611349; 0 
2017-12-16 02:20:43 ; 28.3083329995; 28.2020835876; 28.1583339373; 28.066666921; 27.8854162296; 27.8791662057; 27.7895828485; 27.7687497139; 27.5083333651; 82.1937500636; 83.0083335241; 76.3062499364; 75.1562495232; 74.4062504768; 76.4625004133; 82.4958333969; 74.9833331108; 80.5437502861; 0 
2017-12-16 02:25:46 ; 28.219999822; 28.1044448429; 28.0866669973; 28.0022222307; 27.8422216203; 27.8288882785; 27.7244448344; 27.6955562592; 27.477777693; 82.3999998305; 83.4333335029; 76.5777772692; 75.4; 74.668888855; 76.9533326891; 83.0866663615; 75.564444987; 81.0444442749; 0 
2017-12-16 02:30:53 ; 28.1714286415; 28.1040817961; 28.0775513162; 27.9979591759; 27.8387748952; 27.8326525007; 27.7346941111; 27.6897962921; 27.4530610454; 84.700000218; 85.7387754479; 78.761224085; 77.2836738119; 76.3734697614; 78.7795919302; 85.2081630473; 77.0693874748; 82.8081621443; 0 
2017-12-16 02:35:58 ; 28.3102037469; 28.1959187644; 28.146939336; 28.0632655475; 27.8816322015; 27.8775505533; 27.7693874593; 27.7387756815; 27.5020408241; 82.048979623; 82.8591841094; 76.1693878174; 75.0755106089; 74.3285717088; 76.4244895468; 82.5612244898; 75.048979623; 80.4367345693; 0 
2017-12-16 02:41:03 ; 28.2395831744; 28.1333335638; 28.1062504053; 28.0166667302; 27.8499994278; 27.8416660627; 27.7333335876; 27.7000003656; 27.4749999046; 82.5250000954; 83.5312503179; 76.6541666985; 75.5249999364; 74.7979167302; 77.1041666667; 83.3145831426; 75.7020832698; 81.3125001589; 0 
2017-12-16 02:46:06 ; 28.2354166905; 28.158333381; 28.116667072; 28.0479168495; 27.8708328406; 27.8499994278; 27.7562499841; 27.737500151; 27.514583389; 84.6770830154; 85.6770833333; 78.6895833015; 77.2437500954; 76.3937501907; 78.7520831426; 85.2041665713; 77.039583683; 82.8916665713; 0 
2017-12-16 02:51:20 ; 28.3428569327; 28.2306121904; 28.1836738586; 28.091837085; 27.9204078596; 27.8877546739; 27.7938769594; 27.7612243185; 27.5142857688; 82.465306029; 83.3122448045; 76.5897964166; 75.4755097993; 74.7020408475; 76.8081632342; 82.9755101107; 75.3673470945; 80.7591840783; 0 
2017-12-16 02:56:20 ; 28.2916665077; 28.175000151; 28.133333842; 28.0687502623; 27.8749995232; 27.8604161342; 27.7583332856; 27.7354168892; 27.5062500238; 81.7062501907; 82.6958332062; 75.8812497457; 74.8833335241; 74.1583329837; 76.379166762; 82.504166762; 75.1124998728; 80.5291670163; 0
2017-12-16 03:01:25 ; 28.2145833572; 28.1375002066; 28.1041669846; 28.0375001431; 27.8562494516; 27.8499994278; 27.7562499841; 27.727083683; 27.5125000477; 85.3312498728; 86.3062500954; 79.2812504768; 77.8145833015; 76.9395831426; 79.379166921; 85.852083683; 77.6416668892; 83.3166664441; 0 
2017-12-16 03:06:27 ; 28.305999794; 28.2040000153; 28.1540005875; 28.0860003281; 27.9099996567; 27.8879995728; 27.7999993896; 27.7659997559; 27.5180000687; 82.9339996338; 83.786000061; 77.0340000916; 75.8419998169; 75.056000061; 77.2200001526; 83.39; 75.6780000305; 81.2719995117; 0 
2017-12-16 03:11:32 ; 28.2958331505; 28.1666669846; 28.133333842; 28.0437501669; 27.8624994755; 27.8520827691; 27.7520833015; 27.7250003815; 27.5; 81.6979161898; 82.6645830472; 75.8958333333; 74.8500000636; 74.1604164441; 76.3999996185; 82.4854165713; 75.097916921; 80.695833683; 0 
2017-12-16 03:16:38 ; 28.1791667144; 28.1249999603; 28.087500294; 28.0020833413; 27.8458327452; 27.8416661024; 27.737500151; 27.6979169051; 27.4583331744; 85.0437498093; 85.9604164759; 78.9854170481; 77.5166665713; 76.6187500954; 79.049999555; 85.6375007629; 77.4791666667; 83.3999996185; 0 
2017-12-16 03:21:42 ; 28.3581390824; 28.2116282707; 28.1697680895; 28.0790700691; 27.8906972575; 27.8651157645; 27.7674415943; 27.7348839516; 27.4953488195; 80.3209295938; 81.1534883366; 74.5627909816; 73.7162791407; 73.0465112731; 75.0674413637; 81.0581398897; 73.8930232913; 79.3255812179; 0
2017-12-16 03:26:48 ; 28.1583333413; 28.0812503099; 28.0583335559; 27.9645831982; 27.8166659673; 27.8104160229; 27.7125005722; 27.6770840089; 27.447916468; 84.9354165395; 85.9770835241; 79.0062499046; 77.5625003179; 76.714583238; 79.2187503179; 85.7083334923; 77.6395832698; 83.5395835241; 0 
2017-12-16 03:31:54 ; 28.3081630006; 28.1959184919; 28.1530618084; 28.0612247233; 27.8775505533; 27.8775505533; 27.7795913852; 27.742857174; 27.5061224723; 82.4775510515; 83.2755105155; 76.6163264683; 75.4551021031; 74.708163203; 76.8775513318; 83.0163265929; 75.4183668798; 81.1183675649; 0 
2017-12-16 03:36:55 ; 28.2551018851; 28.1306126264; 28.1020412056; 28.0081632964; 27.8428565434; 27.8346933637; 27.7224492832; 27.6877555458; 27.4653059901; 82.4571428883; 83.5367344448; 76.6877551955; 75.5632654307; 74.8244899828; 77.2020408475; 83.4285712729; 75.8367345382; 81.4489799032; 0 
2017-12-16 03:42:02 ; 28.2239998627; 28.1520000076; 28.1140004349; 28.0220000839; 27.8659994888; 27.8539995956; 27.7539998627; 27.7319999313; 27.4959999847; 83.746000061; 84.6580001831; 77.7980003357; 76.4220001221; 75.5740000916; 77.8239997864; 84.1859996033; 76.3680001831; 82.0620001221; 0 
2017-12-16 03:47:07 ; 28.2829784231; 28.1531920737; 28.1191493907; 28.0255320123; 27.855318597; 27.8382972555; 27.7297875019; 27.6851070079; 27.4680849846; 80.5978721456; 81.4510640895; 74.8170213091; 73.8808510963; 73.236170505; 75.314893682; 81.2297871366; 74.0191484817; 79.36170229; 0
2017-12-16 03:52:11 ; 28.1180000687; 28.0320001221; 28.0200000763; 27.9399997711; 27.8079993439; 27.7520000076; 27.6740005875; 27.6500005722; 27.429999733; 85.0740000916; 86.1259997559; 79.1580003357; 77.6319998169; 76.7719999695; 79.2260003662; 85.6880003357; 77.6000001526; 83.2119999695; 0 
2017-12-16 03:57:16 ; 28.2319147232; 28.1361704887; 28.1021280492; 28.0148936738; 27.8574462647; 27.8340421636; 27.7446808105; 27.7191492446; 27.4851063262; 83.9787235666; 84.8446804615; 78.0148937144; 76.6510639596; 75.8319146988; 78.1063824917; 84.4191491959; 76.3765958421; 81.9234039631; 0 
2017-12-16 04:02:21 ; 28.3291663726; 28.2125000556; 28.1583338976; 28.0687502623; 27.8854162296; 27.8645828168; 27.76458323; 27.7458332777; 27.5270834366; 80.8937500318; 81.8770831426; 75.1916666031; 74.2208337784; 73.5187498728; 75.6270833015; 81.5562499364; 74.2875000636; 79.6458331744; 0
2017-12-16 04:07:24 ; 28.1833333572; 28.1000003815; 28.0770836274; 28.0020833413; 27.8354160388; 27.8312493563; 27.7250003815; 27.6937506199; 27.4874999523; 84.9291666349; 85.9291674296; 79.0208331744; 77.5354164441; 76.6583334605; 79.1312505404; 85.5666666031; 77.5208333333; 83.0999999046; 0 
2017-12-16 04:12:29 ; 28.2083332539; 28.1270834208; 28.1000003815; 28.0062500238; 27.8499994278; 27.8416662216; 27.7437500556; 27.7208335002; 27.4770832459; 84.3624992371; 85.3270832698; 78.5166667302; 77.0895837148; 76.2979168892; 78.6479164759; 84.9416662852; 76.8291662534; 82.2395839691; 0 
2017-12-16 04:17:35 ; 28.3208330075; 28.1854171356; 28.1458338896; 28.0458335082; 27.866666158; 27.845832785; 27.7562499046; 27.7354168495; 27.4979166587; 81.4354163806; 82.3208335241; 75.6999996503; 74.65625; 73.9479168256; 76.0833333333; 82.0916670163; 74.6374998093; 79.7479166985; 0 
2017-12-16 04:22:41 ; 28.1804347246; 28.0913046132; 28.0630437188; 27.9760868653; 27.8282602144; 27.7956518505; 27.7043483568; 27.6956527129; 27.486956472; 83.8065218718; 84.8326084303; 77.9695655159; 76.6239133088; 75.8369563559; 78.3108689681; 84.5739127449; 76.69130458; 82.0956525388; 0 
2017-12-16 04:27:42 ; 28.2224490886; 28.132653178; 28.1000003815; 28.0265307135; 27.8408157193; 27.8387748952; 27.7469388222; 27.7387756815; 27.5285715376; 84.9897959184; 85.9857141923; 79.0591837046; 77.5959187722; 76.7673462848; 79.1734695435; 85.5306119335; 77.3469386198; 82.8632655241; 0 
2017-12-16 04:32:45 ; 28.3104163408; 28.2062500715; 28.1520839135; 28.0708336035; 27.8874995708; 27.8708328406; 27.7749996185; 27.7604165077; 27.5020833413; 82.8020830154; 83.6229170163; 76.9520832698; 75.7645832698; 75.0208334923; 77.1958335241; 83.2666670481; 75.5979166031; 80.9375001589; 0 
2017-12-16 04:37:59 ; 28.2979998016; 28.1820001221; 28.1360005188; 28.0560002136; 27.8679994965; 27.8539994431; 27.7480000305; 27.734000206; 27.4979999924; 81.5099993896; 82.4659999084; 75.76; 74.7300003052; 74.0380000305; 76.2800001526; 82.2219996643; 74.8380000305; 80.0020001221; 0
2017-12-16 04:42:53 ; 28.1543478344; 28.0826090108; 28.0630437188; 27.9760868653; 27.8217384504; 27.8043472871; 27.7173918019; 27.6804353465; 27.4695651013; 85.3521738467; 86.3413044473; 79.4347826087; 77.8869567539; 76.9826082976; 79.4913046464; 85.8913046795; 77.641304182; 83.1326088283; 0 
2017-12-16 04:47:59 ; 28.2291665872; 28.1520833572; 28.1125004292; 28.0291667779; 27.8562494516; 27.8437494834; 27.7562499046; 27.7250001431; 27.4770832459; 84.3833333651; 85.3041669528; 78.4895836512; 77.0645831426; 76.2187496821; 78.6270831426; 84.8583335876; 76.8187499046; 82.2687497139; 0 
2017-12-16 04:53:05 ; 28.3288885752; 28.2177778032; 28.1711116791; 28.0777780745; 27.8933329264; 27.866666158; 27.7733329773; 27.7511110518; 27.5200000763; 82.1377782186; 83.0200007121; 76.424444241; 75.2511108398; 74.5466666328; 76.7666664971; 82.7200000339; 75.1733335707; 80.4222217136; 0 
2017-12-16 04:58:12 ; 28.2520832618; 28.1375002464; 28.1083337466; 28.0187500715; 27.8458327452; 27.8333326976; 27.7333335876; 27.7291669846; 27.5083333651; 83.4812499682; 84.5145831108; 77.6562498411; 76.3770834605; 75.6104165713; 78.0979164441; 84.3229165077; 76.487499396; 81.9020835559; 0 
2017-12-16 05:03:16 ; 28.1877551565; 28.1244897648; 28.0918370461; 28.0061224723; 27.8510198399; 27.8367341489; 27.7408164667; 27.7387756426; 27.5244898893; 85.2591834555; 86.2163261881; 79.3285713974; 77.7918366413; 76.9020404426; 79.3714285091; 85.7428573297; 77.5244897336; 83.026529896; 0 
2017-12-16 05:08:18 ; 28.2739997101; 28.1900001144; 28.1320005035; 28.0560002136; 27.8779995346; 27.8639994812; 27.7719996643; 27.746000061; 27.5220000839; 83.4980003357; 84.316000061; 77.62; 76.2879994202; 75.4599998474; 77.7179994202; 83.9060005188; 76.0859999084; 81.4119996643; 0 
2017-12-16 05:13:20 ; 28.2851062125; 28.1744681419; 28.1255323938; 28.0297873477; 27.8638292678; 27.8382972555; 27.7425533051; 27.727659753; 27.5042553354; 81.5829785935; 82.5042552542; 75.7957447133; 74.7191491634; 74.0212765957; 76.2914894591; 82.2723401658; 74.9042553191; 80.0361699855; 0 
2017-12-16 05:18:25 ; 28.15625; 28.0895836353; 28.0625002384; 27.9812499285; 27.8270826737; 27.8249993324; 27.7208337784; 27.7020838658; 27.4729165634; 85.4395831426; 86.4208334287; 79.5604166985; 77.9895834923; 77.035416762; 79.5458331108; 85.8937505086; 77.7666672071; 83.3083338737; 0 
2017-12-16 05:23:30 ; 28.1978722836; 28.1234043608; 28.0936173784; 28.0063830031; 27.8510632616; 27.8382974584; 27.7404255968; 27.7148939092; 27.4680849846; 84.7680853986; 85.7340423909; 78.895744973; 77.4276597043; 76.5000003247; 78.8914892318; 85.2000001948; 77.1425528019; 82.6148934872; 0 
2017-12-16 05:28:36 ; 28.2999997042; 28.1897961753; 28.146939336; 28.0591838992; 27.8632647845; 27.8571423122; 27.7510203926; 27.7285716388; 27.4959183518; 82.7489792182; 83.6244897648; 76.9408166068; 75.753061567; 74.9938778001; 77.2387756036; 83.2979594639; 75.6979584986; 80.7693873814; 0 
2017-12-16 05:33:40 ; 28.2521738384; 28.1369567125; 28.1086960668; 28.026087056; 27.8456515851; 27.8369558998; 27.7304350812; 27.7108698721; 27.5021739213; 82.5130431134; 83.4521743111; 76.6760867575; 75.5173915365; 74.7565218055; 77.1217390973; 83.1717388319; 75.5956520412; 80.7739130103; 0
2017-12-16 05:38:46 ; 28.1624999444; 28.1000002623; 28.0708336035; 27.9874999523; 27.8249993324; 27.8187493881; 27.7166670958; 27.697917223; 27.485416611; 85.7375005086; 86.7041665713; 79.8375002543; 78.2124999364; 77.2770833969; 79.8062502543; 86.15625; 77.8895837466; 83.2624999682; 0 
2017-12-16 05:43:50 ; 28.1959183362; 28.1265306667; 28.0959187332; 28.0102041206; 27.8489790157; 27.8306118712; 27.7448979981; 27.7244899516; 27.4714284624; 84.9183671912; 85.7857139743; 79.0081637636; 77.4857141923; 76.5755106089; 78.9673469699; 85.2489795296; 77.1204080387; 82.4204082878; 0 
2017-12-16 05:48:55 ; 28.2638295356; 28.163830047; 28.1255323938; 28.0361703507; 27.8574462647; 27.8468079668; 27.7446808916; 27.7340427561; 27.4829786585; 83.7255322071; 84.5680848791; 77.9106382005; 76.53404317; 75.7234044176; 78.0382977749; 84.0978721456; 76.2808503496; 81.4999996753; 0 
2017-12-16 05:53:57 ; 28.3021274729; 28.1702128877; 28.1276600615; 28.0468086892; 27.8702122709; 27.8382974584; 27.740425678; 27.7319150072; 27.4936169969; 82.2680850739; 83.2723403281; 76.4659574793; 75.3021275946; 74.5638294626; 76.8319145365; 82.7914896214; 75.2340422285; 80.3787234692; 0
2017-12-16 05:58:58 ; 28.208695619; 28.121739429; 28.0934786175; 28.0108696067; 27.8413037425; 27.8326080571; 27.7304350812; 27.7195656818; 27.4978260787; 84.6869566544; 85.6217387656; 78.8413046132; 77.3586951546; 76.5456514773; 79.0869565217; 85.3130433456; 77.3413044473; 82.8195649852; 0 
2017-12-16 06:04:05 ; 28.2420000458; 28.156000061; 28.1180002213; 28.0360001373; 27.8739995193; 27.8479994202; 27.7480000305; 27.7420001221; 27.4939999771; 85.4120002747; 86.3619995117; 79.5300003052; 77.9519999695; 77.0540000916; 79.5480001831; 85.87; 77.7039997864; 83.246000061; 0 
2017-12-16 06:09:15 ; 28.3519998932; 28.2399998093; 28.1920001984; 28.1140004349; 27.9219997025; 27.8839995575; 27.7959994888; 27.7759996796; 27.5400001526; 83.5480000305; 84.3680001831; 77.7520002747; 76.446000061; 75.6819998169; 77.9779995728; 84.0300003052; 76.2519999695; 81.7919996643; 0 
2017-12-16 06:14:13 ; 28.3229165077; 28.2062500715; 28.1520837545; 28.0625002384; 27.881249547; 27.8583327929; 27.7437500954; 27.7333335876; 27.4937499762; 81.7770833969; 82.6770834923; 76.0145829519; 74.9270833333; 74.2250003815; 76.4062501589; 82.393749396; 74.9999996821; 80.2583328883; 17.3526113791
2017-12-16 06:19:18 ; 28.2297872584; 28.1957448594; 28.1085110117; 28.0148936738; 27.8787229416; 27.9680849846; 27.7531914407; 27.6957453058; 27.4617019816; 85.355319084; 86.097872308; 79.5234040605; 78.0191492933; 77.0063828813; 79.0361699855; 85.9319152832; 78.0042549296; 83.4638298522; 13.6505584502
2017-12-16 06:24:23 ; 28.3479167223; 28.3437499205; 28.1979165872; 28.0916670163; 27.9937499762; 28.1479172309; 27.8333328565; 27.7145835559; 27.4645831982; 84.6875; 85.2645834287; 78.9437500636; 77.5791668892; 76.4187501272; 77.9479166667; 85.3187495867; 77.5770835876; 83.0541667938; 13.6505584502
2017-12-16 06:29:30 ; 28.5040000153; 28.4379997635; 28.2839997482; 28.162000618; 28.0880003357; 28.243999939; 27.8619994736; 27.738000145; 27.483999939; 81.4220001221; 81.8900001526; 75.9100004578; 74.9019998169; 73.8620001221; 75.0740000916; 82.2099998474; 75.1659999084; 80.413999939; 13.6505584502
2017-12-16 06:34:30 ; 28.3416666587; 28.3124998808; 28.1687502464; 28.0708336035; 28.0250000954; 28.197917223; 27.8104159435; 27.6750006676; 27.4249997139; 83.4270833333; 83.9666665395; 77.6875003179; 76.4333337148; 75.2645831108; 76.7229162852; 84.21875; 76.9270833333; 82.3416666985; 13.6505584502
2017-12-16 06:39:36 ; 28.3333333731; 28.3312498728; 28.1708335082; 28.0729169448; 28.0270834366; 28.208333532; 27.816666166; 27.6437505484; 27.4249997139; 84.6854166985; 85.2624999682; 78.9062504768; 77.5208334923; 76.3187499046; 77.7083330154; 85.3937500318; 77.6979161898; 83.2604166667; 14.579699642
2017-12-16 06:44:41 ; 28.393750151; 28.3770833015; 28.2249998252; 28.1208337943; 28.0645835797; 28.2437499762; 27.8374994993; 27.6875005563; 27.4562498331; 83.3895837466; 83.8020830154; 77.6937500636; 76.4604171117; 75.2124999364; 76.4708334605; 84.0687499046; 76.6624997457; 81.8125003179; 14.579699642
2017-12-16 06:49:46 ; 28.4479165077; 28.3958330949; 28.2374999523; 28.133333842; 28.0729169448; 28.2520833015; 27.849999547; 27.6937504212; 27.4624998569; 82.2645831108; 82.6770833333; 76.5104165077; 75.4354165395; 74.2166666985; 75.3874999682; 82.8229166667; 75.7124993006; 80.8125004768; 14.579699642
2017-12-16 06:54:49 ; 28.3979167144; 28.3770831029; 28.2145833572; 28.1229171356; 28.0708336035; 28.2520833413; 27.8499994278; 27.7041671673; 27.4520831505; 82.8000001907; 83.3166666031; 77.0583333969; 75.9333335559; 74.7333331108; 76.1124997139; 83.6791669528; 76.5604166985; 81.7312498093; 14.3737807906
2017-12-16 06:59:56 ; 28.3714285481; 28.3612241161; 28.2102042607; 28.1163269744; 28.0693880198; 28.2408164667; 27.8367340711; 27.7020412756; 27.4387752767; 85.0877551643; 85.6163261569; 79.277551145; 77.8265304565; 76.4897962298; 77.8285717088; 85.6285716466; 78.0224492599; 83.5204080076; 14.3737807906
2017-12-16 07:05:03 ; 28.4340423422; 28.4191486277; 28.2531914407; 28.1468090301; 28.1000003815; 28.2617019897; 27.8617016001; 27.7148939904; 27.4617019816; 84.1574470033; 84.5957445185; 78.3574467111; 77.0468084457; 75.7936174109; 77.0659570897; 84.7829789507; 77.3659575442; 82.8872343023; 14.3737807906
2017-12-16 07:10:04 ; 28.4911112044; 28.4599998474; 28.2999997457; 28.1844448937; 28.1400005341; 28.2911107381; 27.8911106957; 27.7288891686; 27.4755554623; 82.6266662598; 82.9933327569; 76.9577777439; 75.7911112467; 74.6488886515; 75.7711112128; 83.235555013; 76.1533331977; 81.4466659546; 15.3209934849
2017-12-16 07:15:06 ; 28.4425531347; 28.397872032; 28.2489361459; 28.1574471656; 28.1000003815; 28.2702124981; 27.8595739324; 27.7106386956; 27.4617019816; 81.77659542; 82.2127661198; 76.1404250125; 75.0893617995; 73.9319149585; 75.157446354; 82.5574465813; 75.6404256618; 80.8042555464; 17.2050402647
2017-12-16 07:20:10 ; 28.3469387366; 28.3489792882; 28.1877553512; 28.0959187332; 28.0612247233; 28.2306125797; 27.8204074782; 27.6714291086; 27.4285711561; 85.3612245832; 85.9102045176; 79.5428571117; 78.0489794673; 76.6714287583; 78.0999998754; 86.0285714597; 78.3224487305; 83.7183674404; 15.3209934849
2017-12-16 07:25:14 ; 28.4130436027; 28.3956520246; 28.2369564305; 28.1391309655; 28.0869568535; 28.265217242; 27.8565211918; 27.6956525471; 27.4652172586; 83.952174477; 84.397826485; 78.2695654164; 76.9173909063; 75.6369565881; 76.9217391636; 84.6913042483; 77.2239124464; 82.6456519417; 14.3737807906
2017-12-16 07:30:20 ; 28.5000000389; 28.4489793972; 28.2877549152; 28.1632659289; 28.1061228538; 28.2755098538; 27.8612239604; 27.7122453573; 27.4775509348; 81.6918370772; 82.0979589346; 76.1265308614; 75.0551018228; 73.9061224801; 75.004081259; 82.3469387755; 75.3632653684; 80.5040807919; 15.3209934849
2017-12-16 07:35:25 ; 28.3489362027; 28.3276595258; 28.1787235179; 28.0787237046; 28.0382980184; 28.2340427967; 27.8234036222; 27.668085707; 27.438297637; 83.4999996753; 84.0340428454; 77.8510639921; 76.6297873639; 75.3723404255; 76.7468089652; 84.4106383628; 77.0829787559; 82.5212769204; 15.3209934849
2017-12-16 07:40:26 ; 28.3306124162; 28.3346939865; 28.1918368048; 28.091837085; 28.0653063716; 28.2469388611; 27.8448973675; 27.7000002569; 27.4510202213; 85.0448978969; 85.5510204082; 79.3061226047; 77.8367353167; 76.4448984886; 77.7183674404; 85.5714284157; 77.9510200656; 83.502041408; 15.3209934849
2017-12-16 07:45:33 ; 28.5234043446; 28.4553189785; 28.2851060096; 28.172341083; 28.1127663876; 28.2808506742; 27.8702122709; 27.7170217392; 27.4914893292; 80.0361701478; 80.3936170213; 74.5872340101; 73.7297871366; 72.7148932599; 73.7106383303; 80.9531915543; 74.3744678903; 79.5702133179; 18.8484840044
2017-12-16 07:50:41 ; 28.3083332777; 28.293749849; 28.1500004927; 28.0541668733; 28.0250000954; 28.2166671753; 27.8124992847; 27.6625006199; 27.4374997616; 85.5624998411; 86.1874996821; 79.8979166349; 78.4041666985; 76.9979165395; 78.5; 86.3916667302; 78.6666663488; 84.4458328883; 15.3209934849
2017-12-16 07:55:48 ; 28.4448980215; 28.4204081321; 28.2469381994; 28.146939336; 28.0897962609; 28.2693871479; 27.8714282756; 27.6959186865; 27.4734692865; 78.8918365167; 78.7326534038; 73.0428571896; 72.1775512695; 71.1755101729; 71.9653061847; 78.7061225735; 72.1510209064; 77.3673474837; 22.2219984708
2017-12-16 08:00:52 ; 27.6199998856; 27.6759999847; 27.5419997787; 27.4839997864; 27.4779998779; 27.7180001068; 27.3220000839; 27.2080001068; 27.0260000992; 86.4119998169; 86.8119995117; 80.6060002136; 78.8039997864; 77.1299996948; 78.26; 86.2200004578; 78.2339997864; 84.0459994507; 18.1463168571
2017-12-16 08:05:58 ; 28.4666665395; 28.3874996901; 28.1750000715; 28.0541668733; 28.0062500238; 28.2104166349; 27.8333330949; 27.7520829439; 27.4541665316; 84.3499997457; 85.2000001272; 79.2958331108; 77.9333335559; 76.6062502861; 77.7999998728; 85.3499999046; 77.522916317; 83.6791666349; 18.1463168571
2017-12-16 08:11:04 ; 28.4543476519; 28.3760864838; 28.1847833136; 28.0760872468; 28.0760872468; 28.2891298377; 27.8999996185; 27.7695649188; 27.4978260787; 81.4978259543; 82.0717391968; 76.1586953868; 75.1173921668; 73.8652172918; 74.9326087288; 82.2304342519; 75.4456520081; 81.2804346499; 25.6237855357
2017-12-16 08:16:03 ; 27.6113636277; 27.6227272207; 27.4272729267; 27.2931816795; 27.336363619; 27.5727275068; 27.2590908137; 27.1386361989; 26.9818181558; 84.5204540599; 84.9568179737; 79.9022725712; 78.8613635843; 77.6409093683; 78.8500005549; 85.7659088482; 77.1431816274; 82.0840909264; 15.9822759261
2017-12-16 08:21:06 ; 27.8355553097; 27.7199996948; 27.4888888889; 27.3088886685; 27.2733331468; 27.4444442749; 27.093333647; 26.9733332316; 26.8066663954; 80.9622216119; 81.8666675144; 76.286666531; 75.5422225952; 74.4; 75.9266665988; 83.2066662259; 75.535555013; 80.6533331977; 16.2646141679
2017-12-16 08:26:17 ; 27.5562498569; 27.5624998411; 27.3500001033; 27.2249999046; 27.2229164441; 27.4500004053; 27.1166662375; 26.9687502782; 26.8895831903; 83.4166663488; 83.9479166667; 79.1104164124; 78.0958337784; 76.8499995867; 78.2604166667; 85.1624997457; 77.352083683; 81.7270833651; 15.3209934849
2017-12-16 08:31:21 ; 27.495744624; 27.4574467679; 27.2425531428; 27.0957448026; 27.0851067076; 27.3212763198; 26.9957446646; 26.9382977587; 26.8744676468; 86.0170211792; 86.5702131555; 81.3042554652; 79.8170215526; 78.144680429; 79.5148935521; 86.5659570897; 78.161702501; 83.144681403; 15.3209934849
2017-12-16 08:36:24 ; 28.1020833254; 27.9791665475; 27.7541667223; 27.560416619; 27.4812500079; 27.7208332618; 27.4166667859; 27.3708335559; 27.2416666746; 85.2583335241; 86.0333333015; 80.2874997457; 79.0791662534; 77.6833333969; 79.2416664759; 86.8624997139; 78.6020832062; 83.9020837148; 15.3209934849
2017-12-16 08:41:30 ; 28.6591842807; 28.5081632964; 28.2795913852; 28.1204086226; 28.0408164822; 28.2999997042; 27.9571426937; 27.85714239; 27.6387760396; 79.5510202525; 79.7816327153; 74.3816325908; 73.8551017606; 72.8489795607; 73.6979594328; 80.6734690764; 73.8020413457; 78.8367339154; 15.3209934849
2017-12-16 08:46:35 ; 28.243478236; 28.2217395202; 28.0565219133; 27.9260866746; 27.9239127532; 28.1608698886; 27.8369558998; 27.7086960751; 27.473912944; 86.9891306006; 87.4326087288; 81.3543482241; 79.791304381; 78.2260868238; 79.5673911053; 87.434782277; 79.4326090605; 84.8956519417; 15.3209934849
2017-12-16 08:51:43 ; 28.3459994125; 28.2699996948; 28.1000003815; 27.9239997101; 27.8999996185; 28.1640006256; 27.7999992371; 27.6340005112; 27.3999996185; 80.7699998474; 80.923999939; 75.2360002136; 74.396000061; 73.1520005798; 74.1359996033; 81.323999939; 74.593999939; 79.8179997253; 15.3209934849
2017-12-16 08:56:49 ; 28.2749996185; 28.1916673581; 28.0395834843; 27.8999996185; 27.8791662057; 28.1083337466; 27.7312502861; 27.5770836274; 27.3229159911; 79.2291660309; 79.1979163488; 73.6875; 72.9750005404; 71.7624996503; 72.512500445; 79.5916673342; 73.2583335241; 78.4250001907; 15.3209934849
2017-12-16 09:01:50 ; 28.128571919; 28.1000003815; 27.9326528043; 27.8142850058; 27.7999992371; 28.0265307135; 27.646939336; 27.4612243419; 27.2346941111; 78.8122449602; 78.7734691075; 73.2918366413; 72.5653055931; 71.3836750887; 72.0530608819; 79.0836728154; 72.8612259845; 77.9612247701; 15.3209934849
2017-12-16 09:06:55 ; 28.0936173784; 28.0; 27.8872336124; 27.7531914407; 27.7574466949; 27.9659573169; 27.6000003815; 27.3999996185; 27.2000007629; 78.5063828813; 78.4574474578; 73.038297288; 72.3553208696; 71.1531901258; 71.7914899461; 78.8595756368; 72.6595736564; 77.8340426506; 15.3209934849
2017-12-16 09:11:58 ; 28.1000003815; 28.0; 27.8816322015; 27.7326533259; 27.7163270444; 27.9551018695; 27.6000003815; 27.3999996185; 27.2000007629; 78.2285718334; 78.1734692321; 72.8081641684; 72.1265293043; 70.936734725; 71.5448972741; 78.5224481699; 72.4102043619; 77.5061221999; 15.3209934849
2017-12-16 09:17:05 ; 27.8829787234; 27.8808506499; 27.7127660792; 27.6148939336; 27.6212769772; 27.8723399385; 27.52765968; 27.3489355939; 27.1553197414; 86.7063827515; 87.178723599; 81.0744679228; 79.4595744356; 77.8170209844; 79.0297872665; 87.1212770178; 79.0765957122; 84.5276593147; 14.3737807906
2017-12-16 09:22:05 ; 28.2680847898; 28.1808513885; 28.0106383385; 27.8595740541; 27.8340420824; 28.0404256861; 27.6936173135; 27.5574470277; 27.3510633428; 80.9425535811; 81.2468088028; 75.5510641869; 74.6340426181; 73.3872341399; 74.3744678903; 81.7127659574; 74.8319146988; 80.0340430077; 14.3737807906
2017-12-16 09:27:19 ; 28.242856629; 28.1918370772; 28.055102251; 27.8897955758; 27.8836730646; 28.110204502; 27.7693873425; 27.5836737886; 27.3673464327; 81.3632656798; 81.4204081321; 75.8897957315; 74.8591831752; 73.514285652; 74.2591837669; 81.522448637; 74.7999999377; 79.8591844208; 14.3737807906
2017-12-16 09:32:18 ; 28.0739129523; 28.0304348987; 27.8760866497; 27.7739130932; 27.7521739213; 27.9608694159; 27.6173917522; 27.4586954946; 27.2391306006; 84.4999995024; 84.9173917356; 78.7913042151; 77.4630432129; 75.9978259543; 77.2978258548; 85.1000001327; 77.6043480583; 83.023913342; 14.3737807906
2017-12-16 09:37:26 ; 28.3326080571; 28.2391306006; 28.1000003815; 27.9456519666; 27.8978256972; 28.1391309655; 27.7739126786; 27.6000003815; 27.3869560905; 79.5434782609; 79.5847821443; 74.0500000663; 73.276087056; 72.0956525388; 72.9499994361; 80.0500002322; 73.6304352802; 78.8956517759; 14.3737807906
2017-12-16 09:42:34 ; 28.281249404; 28.2041672468; 28.066666921; 27.9187496901; 27.895832936; 28.1145837704; 27.75; 27.5812503099; 27.3104159435; 79.4791661898; 79.4333340327; 73.8541674614; 73.0624990463; 71.8812497457; 72.4708328247; 79.5604165395; 73.2416669528; 78.2895828883; 15.3209934849
2017-12-16 09:47:41 ; 28.0021736726; 27.9956521573; 27.8413041986; 27.7413045634; 27.7521740043; 27.9586954946; 27.6195656735; 27.4499998093; 27.2304350812; 86.7260869897; 87.2543477597; 81.026087056; 79.3586961497; 77.7673915365; 79.1478261533; 87.2739131762; 79.3565216064; 85.206521905; 15.3209934849
2017-12-16 09:52:46 ; 28.3956517759; 28.3065212084; 28.1456527295; 27.9978260787; 27.9695651013; 28.180435388; 27.810869134; 27.6717397856; 27.4130431465; 79.917391238; 80.0608694657; 74.4478263855; 73.6543471295; 72.5; 73.3695652174; 80.5347824097; 73.9978261201; 79.1913042483; 15.3209934849
2017-12-16 09:57:55 ; 28.1645832856; 28.1458332539; 28.0083333651; 27.8937495947; 27.8833328883; 28.1062504053; 27.7479167779; 27.5916670163; 27.3479160865; 85.8395835559; 86.2083334923; 80.1479167938; 78.6104170481; 76.9958327611; 78.1666673024; 86.0666664441; 78.3229163488; 83.9687498411; 15.3209934849
2017-12-16 10:03:03 ; 28.3562496106; 28.2666663726; 28.104167064; 27.9812499285; 27.9499998093; 28.1625006199; 27.7916663488; 27.6375005245; 27.3874995708; 81.9625000954; 82.2687498728; 76.4041663806; 75.3895834287; 74.1104168892; 75.2333334287; 82.7166666985; 75.7625002861; 81.1166664759; 15.3209934849
2017-12-16 10:08:07 ; 28.3999996185; 28.3042545724; 28.1425537353; 28.0127660061; 28.0; 28.2106388985; 27.8446802586; 27.6808517537; 27.4042549539; 79.3042552218; 79.2765955824; 73.717021374; 72.9808510314; 71.8191486115; 72.5744679228; 79.6723402307; 73.3936171836; 78.7106388173; 15.3209934849
2017-12-16 10:13:11 ; 28.3042545724; 28.2297875425; 28.1000003815; 27.9702126523; 27.9489359754; 28.1744687506; 27.7872334744; 27.6021280492; 27.3531909293; 78.5723396464; 78.4212776346; 72.9702132205; 72.2744681176; 71.1063824917; 71.7553188243; 78.7489356183; 72.7085100539; 77.9638300145; 15.3209934849
2017-12-16 10:18:18 ; 28.1900006104; 28.1360005188; 27.9979999924; 27.8939995956; 27.8619994736; 28.0940003586; 27.6960007477; 27.5140000534; 27.2659997559; 78.5920010376; 78.4880007935; 72.9900007629; 72.2899983215; 71.0940003967; 71.6979994202; 78.6779997253; 72.603999939; 77.726000061; 15.5062178143
2017-12-16 10:23:23 ; 27.9085104922; 27.9212762954; 27.7787234935; 27.6808512262; 27.693617354; 27.9085102893; 27.5510640246; 27.3680846032; 27.1489367384; 86.9808510314; 87.4319152832; 81.1212763685; 79.440425467; 77.7851064154; 79.1510637973; 87.3276600939; 79.3978724378; 84.9148934547; 15.3209934849
2017-12-16 10:28:33 ; 28.2916661104; 28.1937505404; 28.0625002384; 27.9187496901; 27.8687494993; 28.0958336989; 27.7208334605; 27.566666921; 27.3479160865; 80.5291666985; 80.7041667302; 75.0458337466; 74.174999396; 72.9437499046; 73.9166671435; 81.1354165077; 74.4875008265; 79.7249997457; 15.3209934849
2017-12-16 10:33:35 ; 28.2999992371; 28.2173918019; 28.1000003815; 27.9217388319; 27.8999996185; 28.1326092015; 27.7891298377; 27.5978264601; 27.3608690345; 78.8217393626; 78.734781514; 73.2608685701; 72.4913054756; 71.3478259211; 72.0652182206; 79.0652180547; 72.9065228338; 78.1891303684; 16.2646141679
2017-12-16 10:38:44 ; 28.2145838737; 28.1520839135; 28.0020833413; 27.8999996185; 27.8791662057; 28.1020837228; 27.7062506676; 27.5291667779; 27.2937493324; 78.5562493006; 78.4291675886; 72.9687504768; 72.2583328883; 71.0791656176; 71.7479165395; 78.724998951; 72.670832475; 77.9312496185; 14.3737807906
2017-12-16 10:43:51 ; 28.1979599388; 28.1000003815; 28.0; 27.8816322015; 27.8040808853; 28.0938779091; 27.7000007629; 27.5; 27.2897953111; 78.4102054518; 78.2918385097; 72.8938791703; 72.1959160007; 70.967347437; 71.6265288372; 78.6142841261; 72.532652563; 77.887755102; 16.2646141679
2017-12-16 10:48:49 ; 28.0021276677; 27.9957446646; 27.857446914; 27.7595744032; 27.7531914001; 27.9893616615; 27.6382983999; 27.4404253047; 27.2446809322; 85.012765925; 85.2468083158; 79.3446802992; 77.8829787234; 76.3127663795; 77.3085108006; 85.1000000974; 77.6468090301; 83.2148932599; 16.2646141679
2017-12-16 10:53:57 ; 28.2468083158; 28.1617021358; 28.0; 27.8787232257; 27.8446805832; 28.0574470277; 27.6893618563; 27.5595746953; 27.3361699936; 83.1914893617; 83.6893618969; 77.6872342698; 76.5276598017; 75.1872342698; 76.4255324019; 84.0638293003; 76.7851065778; 82.3808506093; 15.3209934849
2017-12-16 10:59:00 ; 28.4043474612; 28.3260862931; 28.1978268416; 28.0434784267; 28.0; 28.267391039; 27.8913039332; 27.7065224026; 27.4978260787; 79.6847824428; 79.7826085298; 74.208695619; 73.415217524; 72.2326086293; 73.1065217723; 80.1956521739; 73.7760867243; 79.1586955527; 16.2646141679
2017-12-16 11:04:12 ; 28.2673466352; 28.2306118401; 28.0673471957; 27.9693876383; 27.9530610454; 28.1816330345; 27.8387752455; 27.6408168637; 27.3816322015; 82.5224492599; 82.5489794673; 76.8469389312; 75.6673473436; 74.2632658044; 75.0836732825; 82.4979589034; 75.6081633276; 80.9591836735; 15.0188836076
2017-12-16 11:09:12 ; 28.1382977506; 28.1063832222; 27.9638296493; 27.8510633834; 27.8425525909; 28.0531916923; 27.6829791373; 27.5382980184; 27.327658917; 84.7000003571; 85.176595485; 79.0085108331; 77.604255027; 76.1255324343; 77.4361700504; 85.2936167616; 77.8361697907; 83.5063830437; 15.0188836076
2017-12-16 11:14:15 ; 28.3978719508; 28.2999992371; 28.1000003815; 28.0; 27.9914893292; 28.2021283495; 27.8106375755; 27.6531920737; 27.4042549539; 79.9510634402; 80.0106381355; 74.3574468734; 73.5574469059; 72.3723399385; 73.2744681176; 80.3936173459; 73.9893617021; 79.2723401658; 16.2646141679
2017-12-16 11:19:24 ; 28.3255312494; 28.2553190678; 28.1000003815; 27.9808509908; 27.9787233231; 28.2000007629; 27.8063822401; 27.617021723; 27.3978719508; 78.4765965888; 78.3638294301; 72.9234038008; 72.1978725677; 71.0808512911; 71.7319144391; 78.6808512262; 72.6170216013; 77.8468085756; 15.3209934849
2017-12-16 11:24:28 ; 28.0224487149; 28.018367417; 27.8959180092; 27.777551145; 27.7857142468; 28.0081632964; 27.6612246766; 27.4979591759; 27.269387576; 86.2346937218; 86.6183670978; 80.4836737185; 78.8836739988; 77.2795916188; 78.4551024145; 86.3897954201; 78.6163267797; 84.4346939398; 15.0188836076
2017-12-16 11:29:37 ; 28.3312497139; 28.2312499285; 28.0645835797; 27.9437497854; 27.9062496424; 28.1270838181; 27.762499849; 27.618750453; 27.3770828644; 81.6854168574; 82.0041664441; 76.1791669528; 75.1979165077; 73.9187502861; 74.9916669528; 82.4166665077; 75.5333333015; 80.9124997457; 15.9822759261
2017-12-16 11:34:39 ; 28.3999996185; 28.2999992371; 28.1020412056; 28.0122449447; 28.0; 28.2183678296; 27.8489790157; 27.6918374665; 27.4285711561; 79.008162985; 78.9510202213; 73.4510200656; 72.7346945004; 71.5836732825; 72.3040819752; 79.3040819752; 73.1040814458; 78.308163857; 15.9822759261
2017-12-16 11:39:44 ; 28.3148929109; 28.2468085593; 28.1000003815; 27.9914893292; 27.9765956554; 28.1978730952; 27.8021269048; 27.6234047261; 27.3914889478; 78.2595744032; 78.1127650484; 72.7148930976; 72.0234040605; 70.8872344646; 71.5021276271; 78.4063834332; 72.4042566178; 77.670212279; 15.9822759261
2017-12-16 11:44:56 ; 27.9795916032; 27.9979591759; 27.8571427404; 27.777551106; 27.7775509503; 28.0163265929; 27.6448982784; 27.4734692865; 27.2653059667; 86.8816325908; 87.3265301451; 81.1448977723; 79.4530613179; 77.7428573297; 78.9551021031; 86.9755102664; 79.0918368904; 84.7061225735; 15.9822759261
2017-12-16 11:49:58 ; 28.3065213328; 28.219565433; 28.0652176401; 27.9239127532; 27.8956517759; 28.1239135162; 27.7478260372; 27.5891307748; 27.3760864838; 81.5239131762; 81.7934784267; 76.0173912048; 74.9956520744; 73.708695619; 74.7695652506; 82.1456519417; 75.3304352138; 80.832608762; 15.9822759261
2017-12-16 11:55:07 ; 28.3499994278; 28.2812495232; 28.1000003815; 27.9958333174; 28.0; 28.2000007629; 27.8020825783; 27.633333842; 27.3999996185; 79.297917366; 79.2708336512; 73.731250604; 72.9520834287; 71.7958334287; 72.5145835876; 79.5291663806; 73.3125; 78.6437497139; 16.2646141679
2017-12-16 12:00:16 ; 28.2999992371; 28.2145838737; 28.0979170402; 27.9562498331; 27.9270830552; 28.1770840089; 27.7916660309; 27.6000003815; 27.3687494993; 78.4124997457; 78.2624994914; 72.8624998728; 72.106250445; 70.9229170481; 71.602083683; 78.5541672707; 72.5437501272; 77.7770822843; 16.2646141679
2017-12-16 12:05:23 ; 27.9680849035; 27.9851063262; 27.8276594446; 27.7553192707; 27.7617022332; 27.9787233231; 27.6340429428; 27.4659573169; 27.2468085593; 87.1063829787; 87.6234041579; 81.3999999026; 79.6744681825; 77.9978722106; 79.1276595745; 87.1361700829; 79.2510637324; 84.9297871691; 15.9822759261
2017-12-16 12:10:35 ; 28.3419996643; 28.2379999161; 28.0720002747; 27.9399997711; 27.9199996948; 28.1480005646; 27.7619998932; 27.6200004578; 27.3999996185; 81.5820001221; 81.8899995422; 76.1020001221; 75.0899993896; 73.8280000305; 74.8759997559; 82.25; 75.3879994202; 80.886000061; 15.9822759261
2017-12-16 12:15:43 ; 28.3999996185; 28.3061217094; 28.1224494467; 28.018367417; 28.0020408241; 28.2224494; 27.8795913774; 27.7000007629; 27.4877550553; 79.0714276372; 79.022448637; 73.5204078519; 72.7795923973; 71.6224483568; 72.379592117; 79.4040818506; 73.1591840472; 78.4061224801; 15.9822759261
2017-12-16 12:20:44 ; 28.3374993801; 28.2812495232; 28.1000003815; 27.9979166587; 28.0; 28.2104172707; 27.814582626; 27.6479172309; 27.4041663011; 78.3208333651; 78.1979168256; 72.7833339373; 72.0749998093; 70.9375007947; 71.5749990145; 78.445833683; 72.4687504768; 77.6833333969; 15.9822759261
2017-12-16 12:26:04 ; 28.0490194582; 28.0411765529; 27.9117643693; 27.8176469616; 27.8333328845; 28.0588237538; 27.6705883998; 27.5235295015; 27.3313719058; 86.5882351445; 87.0215684479; 80.8960788203; 79.2647055832; 77.6098043404; 78.7333333633; 86.7137259689; 78.9372551114; 84.6117643469; 15.0188836076
2017-12-16 12:31:12 ; 28.3297868688; 28.2340425532; 28.0744683692; 27.94468064; 27.9127656247; 28.1425537353; 27.7595743626; 27.6127663876; 27.3936166155; 81.9553193437; 82.2680849116; 76.4170215688; 75.3765955174; 74.0787235017; 75.1893615723; 82.6276595745; 75.7319147638; 81.2936170862; 16.2646141679
2017-12-16 12:36:22 ; 28.3999996185; 28.2999992371; 28.1000003815; 28.0; 28.0; 28.2300003052; 27.8279993439; 27.6920007324; 27.4319997406; 79.4519999695; 79.4220002747; 73.8540003967; 73.0719995117; 71.9180001831; 72.6839997864; 79.6919998169; 73.4840002441; 78.8580001831; 15.3209934849
2017-12-16 12:41:28 ; 28.3204074782; 28.2755098148; 28.1000003815; 28.0; 28.0; 28.2040823333; 27.8102033576; 27.6224494467; 27.3999996185; 78.4714285403; 78.3510194117; 72.9204079764; 72.2061225735; 71.0693880976; 71.704081477; 78.6040820686; 72.5979595574; 77.8306121826; 16.2646141679
2017-12-16 12:46:34 ; 28.082608223; 28.0717393626; 27.9586954946; 27.8543478924; 27.8521737638; 28.1021743028; 27.7195651428; 27.5391305841; 27.3347821858; 84.6282602393; 84.8239134084; 78.8956517759; 77.4891310982; 75.9282613008; 76.8326097571; 84.4891302689; 77.1891313636; 82.7782607701; 16.2646141679
2017-12-16 12:51:44 ; 28.1895833015; 28.1208337545; 27.9812499285; 27.8583329519; 27.8354161183; 28.0625002384; 27.6833336751; 27.5312501192; 27.3291661342; 83.3416666985; 83.7479168574; 77.7520833015; 76.5083330472; 75.1249998411; 76.2875000636; 83.9270830154; 76.7645832698; 82.4437502225; 16.2646141679
2017-12-16 12:56:49 ; 28.3020825783; 28.2416667938; 28.1000003815; 27.9708332221; 27.9395831029; 28.1916673978; 27.7999992371; 27.6250004768; 27.3999996185; 79.9000000954; 79.9479169846; 74.3583332698; 73.5166668892; 72.2895828883; 73.1083332698; 80.1937495867; 73.8666671117; 79.0916668574; 16.2646141679
2017-12-16 13:01:58 ; 28.2999992371; 28.215217922; 28.1000003815; 27.9760868653; 27.9413041239; 28.2000007629; 27.7999992371; 27.6065221455; 27.3999996185; 78.9000000332; 78.8065213742; 73.3630434119; 72.5630433456; 71.358695818; 72.0782608364; 79.0521741121; 72.9173917356; 78.1934781282; 16.9413947703
2017-12-16 13:07:01 ; 28.2999992371; 28.2000007629; 28.0822225359; 27.9133330027; 27.9022218492; 28.155556149; 27.7977770487; 27.6000003815; 27.3999996185; 78.4533340454; 78.2933324178; 72.9200002035; 72.1244439019; 70.9466674805; 71.6199995253; 78.5399997287; 72.5266664293; 77.7600004408; 15.3209934849
2017-12-16 13:12:06 ; 28.2260873214; 28.1869572349; 28.0; 27.8999996185; 27.8999996185; 28.1260874375; 27.7456522403; 27.5891307748; 27.3521733491; 78.1999986068; 78.0608686364; 72.6347805521; 71.9369574837; 70.7978276792; 71.3695670418; 78.2739136737; 72.3630452363; 77.5739124132; 15.3209934849
2017-12-16 13:17:18 ; 28.2000007629; 28.1520839135; 28.0; 27.8999996185; 27.8999996185; 28.1020837228; 27.7333335876; 27.5500001907; 27.3041659196; 78.0854153633; 77.931251049; 72.5520825386; 71.8625020981; 70.7166657448; 71.2645840645; 78.1145822207; 72.2375003497; 77.3499997457; 15.3209934849
2017-12-16 13:22:23 ; 27.7333334684; 27.7395834128; 27.5729166667; 27.4645834366; 27.5062499841; 27.7708334525; 27.4083337784; 27.2458333572; 27.1020831664; 85.2187496821; 85.7270832062; 80.4708333015; 79.3416662216; 77.7208331426; 78.8416663806; 86.1666665077; 78.4374996821; 83.7520829837; 15.0188836076
2017-12-16 13:27:27 ; 28.1812497775; 28.0083336035; 27.810416619; 27.6604165634; 27.6562498411; 27.8229166667; 27.4333333572; 27.2291666667; 27.0791669687; 83.9520832698; 85.0687500636; 79.2374997139; 78.1166667938; 76.6125000318; 78.3333328565; 86.5104169846; 78.4958329201; 84.0604165395; 15.9822759261
2017-12-16 13:32:31 ; 28.4061220909; 28.2959176667; 28.1000003815; 27.9755101107; 27.9775509348; 28.1448985119; 27.7224492443; 27.5; 27.2775506; 80.2306124629; 80.7387756036; 75.234694189; 74.5122447111; 73.1632654618; 74.4816329333; 81.9102042062; 75.0244903564; 80.3081635456; 15.0188836076
2017-12-16 13:37:41 ; 28.3999996185; 28.2999992371; 28.1000003815; 28.0; 28.0212766769; 28.2000007629; 27.7999992371; 27.5659576984; 27.2999992371; 78.7936175732; 79.0531908401; 73.685106318; 73.0425531915; 71.729787299; 72.8212765633; 80.0276598017; 73.5702131555; 78.7234039307; 16.5904232145
2017-12-16 13:42:40 ; 28.3888885074; 28.2933326721; 28.0977781508; 27.9911110772; 28.0177778456; 28.1933340708; 27.7888882955; 27.5400001526; 27.2999992371; 78.8955551147; 79.2177776761; 73.9466671414; 73.5044452243; 72.2444439358; 73.2888883803; 80.6200008816; 73.9266665988; 78.8555555556; 16.5904232145
2017-12-16 13:47:47 ; 27.6139998627; 27.6279998779; 27.459999733; 27.3200001907; 27.4020001602; 27.6159999084; 27.2560001373; 27.0920000076; 26.9559998322; 86.1019998169; 86.4659996033; 80.8440002441; 79.3819995117; 77.6899998474; 79.0859997559; 86.7180000305; 79.0180000305; 85.3379998779; 15.6127171923
2017-12-16 13:52:55 ; 28.3019999695; 28.0699999237; 27.8620000839; 27.7179998779; 27.6499998093; 27.8780001068; 27.5160000992; 27.3900002289; 27.1239999771; 84.3619998169; 85.626000061; 79.7380003357; 78.4640000916; 77.0599996948; 78.4799998474; 86.5720004272; 78.7119996643; 84.9719996643; 15.0188836076
2017-12-16 13:57:58 ; 28.6000003815; 28.4229163726; 28.2416667938; 28.1020837228; 28.0583335559; 28.320832928; 27.9562498331; 27.7791662216; 27.4687498808; 81.1645835241; 81.808333238; 76.214583238; 75.3291670481; 74.0916671753; 75.058333238; 82.4708333015; 75.6916656494; 81.8562502861; 14.0507123795
2017-12-16 14:03:06 ; 28.5382980184; 28.4021272862; 28.2106388985; 28.1127663876; 28.1000003815; 28.3872336124; 27.9978723323; 27.7914887286; 27.5; 80.2276590226; 80.5638305989; 74.9595747603; 74.1638302093; 72.9234038008; 73.7319150884; 80.9680847817; 74.5893624488; 80.4914891669; 15.3209934849
2017-12-16 14:08:19 ; 28.433333079; 28.3208326499; 28.1520839135; 28.0375001431; 28.0500001907; 28.2999992371; 27.9166663488; 27.7145838737; 27.4041663011; 79.9229178429; 80.1208324432; 74.5520825386; 73.7333321571; 72.4875001907; 73.206249555; 80.3562509219; 74.1624986331; 80.0812498728; 15.0188836076
2017-12-16 14:13:19 ; 28.3543472705; 28.2478261201; 28.1000003815; 27.9760868653; 27.9826086293; 28.2260873214; 27.8456515851; 27.6391309655; 27.3869560905; 79.8847843668; 80.0934768345; 74.5434775974; 73.6913015946; 72.4108709252; 73.0891290748; 80.2652179884; 74.0999984741; 79.9086950551; 15.9822759261
2017-12-16 14:18:31 ; 28.2999992371; 28.1857149942; 28.0326531858; 27.8999996185; 27.8999996185; 28.1897966424; 27.7979584519; 27.5938779091; 27.2999992371; 79.7204110282; 79.9265301763; 74.3979593394; 73.5244880209; 72.2183694645; 72.902040754; 80.0734685781; 73.9224484502; 79.8489790936; 43.2068441525
2017-12-16 14:23:32 ; 27.5234043852; 27.5808508853; 27.4234043284; 27.3382980266; 27.3595746629; 27.642553086; 27.2936173703; 27.1425532077; 26.9829785773; 85.3255313305; 85.4191488712; 79.7957447133; 78.2382974828; 76.6510637973; 77.5957446809; 85.2021278219; 77.5851067076; 83.6276598991; 15.3209934849
2017-12-16 14:28:34 ; 28.1085104435; 28.0085107925; 27.795744551; 27.64042554; 27.6000002597; 27.868085009; 27.5787237451; 27.5127661685; 27.3680850496; 84.776595907; 85.3659573819; 79.9085107357; 78.5361701478; 77.0808512911; 78.1276598991; 85.5212767581; 77.6489366572; 83.3595743382; 16.2646141679
2017-12-16 14:33:42 ; 28.3829788046; 28.2659574874; 28.0553190759; 27.9063831897; 27.8829788857; 28.16595739; 27.8914895565; 27.8361702371; 27.6957446159; 86.4489361377; 87.2872338802; 81.4765954525; 80.0276598017; 78.4765957771; 79.7914897838; 87.5765960369; 79.3574470358; 85.1148944611; 15.3209934849
2017-12-16 14:38:43 ; 28.834693247; 28.7183677518; 28.4959183518; 28.3612239604; 28.3408158361; 28.6142861503; 28.32448936; 28.1959190758; 27.9959183518; 80.9816324662; 81.4102043619; 75.9183671912; 75.0591837046; 73.8224490419; 74.6857139432; 81.7346934104; 74.8387753234; 80.2816325596; 15.3209934849
2017-12-16 14:43:50 ; 28.7755098148; 28.7000007629; 28.5; 28.3857138497; 28.3918363221; 28.6530618084; 28.3265299505; 28.1612250659; 27.9408161008; 79.6306128988; 79.7489795296; 74.2979588411; 73.5408164822; 72.320408101; 72.9612241473; 79.8795916499; 73.5571427637; 78.8979588723; 15.3209934849
2017-12-16 14:48:54 ; 28.6630441002; 28.5978264601; 28.4152170679; 28.3021731584; 28.2999992371; 28.5695654828; 28.2456522403; 28.0630437188; 27.8369558998; 79.0347822438; 79.0086958512; 73.6239128113; 72.9086970454; 71.6586950551; 72.2739123469; 79.2130432129; 73.063042848; 78.4391305343; 15.3209934849
2017-12-16 14:53:57 ; 28.5795921404; 28.5061224723; 28.3265299505; 28.2102046889; 28.2510203926; 28.5; 28.1448985119; 27.9693876383; 27.7408164667; 78.7734701974; 78.6938767725; 73.3367350053; 72.5857136006; 71.3795918056; 71.9612250815; 78.8918368281; 72.8102047979; 78.1673465651; 16.2646141679
2017-12-16 14:59:04 ; 28.5; 28.408162915; 28.2387756815; 28.1591842807; 28.1755108736; 28.4183670355; 28.0673471957; 27.8857138497; 27.6714292254; 78.5530604148; 78.4265317333; 73.0693866963; 72.3938791703; 71.1510184152; 71.6938755269; 78.6040803559; 72.5551012; 77.7897950776; 15.3209934849
2017-12-16 15:04:13 ; 28.4040812668; 28.334693247; 28.1959191147; 28.0877554368; 28.0979595574; 28.3571423122; 27.9959183518; 27.8081625335; 27.6020412056; 78.2326521582; 78.1040812901; 72.777551145; 72.0897945482; 70.8816344592; 71.4040827848; 78.2836738119; 72.2816327153; 77.465306029; 15.3209934849
2017-12-16 15:09:13 ; 28.3624994755; 28.2999992371; 28.1000003815; 28.0166667302; 28.0312501192; 28.2999992371; 27.9229163726; 27.7666664124; 27.5333334605; 78.3312513034; 78.214583238; 72.868751208; 72.179166317; 70.9750003815; 71.5270829201; 78.3895832698; 72.4020843506; 77.6708332698; 16.2646141679
2017-12-16 15:14:17 ; 28.2999992371; 28.2244448344; 28.1000003815; 27.9888888465; 27.9977777693; 28.2377779643; 27.8977773878; 27.7022229513; 27.5; 78.5444437663; 78.457778422; 73.1311091105; 72.3955571493; 71.1466649373; 71.7022203234; 78.6488874647; 72.5911097209; 78.0133332994; 15.3209934849
2017-12-16 15:19:23 ; 28.29787161; 28.2000007629; 28.0808513723; 27.9276592985; 27.9659573169; 28.2063836443; 27.8446802586; 27.6914900922; 27.4957446646; 78.6893596243; 78.6063813554; 73.2723413021; 72.4957447458; 71.2553196359; 71.7851077141; 78.7617020303; 72.6957433173; 78.1553187269; 15.3209934849
2017-12-16 15:24:29 ; 28.2255322882; 28.1829794214; 28.0021276677; 27.8999996185; 27.9063826216; 28.2000007629; 27.8106375755; 27.6489367384; 27.4255316308; 78.5851050844; 78.5702116946; 73.1914864398; 72.461702712; 71.1787211641; 71.7510638947; 78.7063817775; 72.655316779; 78.0425530292; 15.3209934849
2017-12-16 15:29:40 ; 28.2000007629; 28.1425537353; 28.0; 27.8999996185; 27.8999996185; 28.1489367384; 27.7999992371; 27.6063833845; 27.4021272862; 78.3744680526; 78.302127757; 72.9787227549; 72.2595745655; 70.9872334257; 71.5319144066; 78.4638293652; 72.4510634402; 77.7127662821; 14.3737807906
2017-12-16 15:34:43 ; 27.916666468; 27.9270830552; 27.8083336353; 27.7166667382; 27.73541677; 28.0; 27.6500001748; 27.4812499285; 27.2958333095; 86.1208335559; 86.450000604; 80.3562501272; 78.816666921; 77.0916662216; 78.1499994596; 86.0729161898; 78.4062503179; 83.9729166031; 16.2646141679
2017-12-16 15:39:51 ; 27.866666158; 27.8708328406; 27.7000007629; 27.6000003815; 27.6020837228; 27.8854162296; 27.5; 27.3020825783; 27.1125004292; 83.4458333651; 83.8187499046; 77.7937499682; 76.5; 75.0083332062; 76.1645830472; 83.862499555; 76.6499999364; 82.2104167938; 15.3209934849
2017-12-16 15:44:56 ; 27.8999996185; 27.8999996185; 27.7086962824; 27.6000003815; 27.6043482241; 27.8999996185; 27.5282609774; 27.3282602144; 27.1130439095; 81.2434786921; 81.4608698306; 75.7043480251; 74.6956525056; 73.3173912712; 74.2630434451; 81.6521734155; 74.9152171923; 80.380434285; 14.3737807906
2017-12-16 15:50:03 ; 27.9041663011; 27.8999996185; 27.7145838737; 27.604167064; 27.6270838181; 27.8999996185; 27.5354168018; 27.3604161342; 27.1875007153; 80.3166662852; 80.4124997457; 74.816666762; 73.8916665713; 72.585416317; 73.393749396; 80.6270828247; 74.120833079; 79.5749999682; 14.3737807906
2017-12-16 15:55:05 ; 27.9510636431; 27.8999996185; 27.7574466949; 27.6340430645; 27.6893624245; 27.8999996185; 27.5680853661; 27.3851059447; 27.2000007629; 79.8829790481; 79.9297870068; 74.4191488712; 73.538297288; 72.2595752148; 72.9638293652; 80.1170212766; 73.7425540356; 79.2063832384; 15.3209934849
2017-12-16 16:00:08 ; 27.9659574387; 27.9595743139; 27.7872334744; 27.6851070891; 27.6893623839; 27.938297637; 27.5914897107; 27.4191486277; 27.2255322882; 79.4659581286; 79.53404317; 74.0553192788; 73.2787227225; 71.9425535811; 72.5851062207; 79.6148938118; 73.0808511288; 78.1957447782; 17.2050402647
2017-12-16 16:05:15 ; 27.6562499205; 27.641666611; 27.4874996742; 27.4187499682; 27.4520831505; 27.7229168415; 27.3979162772; 27.2875001431; 27.1625002623; 87.3958333333; 88.0479165713; 82.1270831426; 80.2854166031; 78.3708333969; 79.6374998093; 87.6708327929; 79.5124996503; 85.2104166349; 14.3737807906
2017-12-16 16:10:25 ; 28.342552875; 28.2148936251; 28.0510640246; 27.9319146745; 27.9085103299; 28.146808746; 27.8042551; 27.7000001542; 27.5106383385; 80.6021272375; 80.9638296898; 75.3808512586; 74.4212760114; 73.1170216013; 74.0808509664; 81.2191488388; 74.3893612801; 80.0042549296; 17.2050402647
2017-12-16 16:15:23 ; 28.0232555922; 28.0116277295; 27.846511486; 27.7883724834; 27.8348832685; 28.0720930765; 27.7627909461; 27.6581397833; 27.4976744097; 86.6558137051; 87.3325585654; 81.4372093733; 79.7302329485; 77.9418602877; 79.0023255459; 86.7186052189; 78.6720928813; 84.0255811824; 16.2646141679
2017-12-16 16:20:28 ; 28.0957450461; 28.0765960369; 27.9085102893; 27.8234035817; 27.8021269048; 28.0680853661; 27.7085112714; 27.6000003815; 27.4021272862; 80.5255321746; 80.7255315578; 75.1234043203; 74.1234043203; 72.7148935846; 73.5106382979; 80.4680851064; 73.7489362676; 78.6893618969; 17.2050402647
2017-12-16 16:25:34 ; 27.8183673547; 27.8142855119; 27.6653064806; 27.6000003425; 27.64285761; 27.908162915; 27.5857146127; 27.4387752767; 27.3142850058; 86.567346534; 87.1632654618; 81.1285714909; 79.4265306434; 77.5897961052; 78.8265306122; 86.5612244898; 78.6734690764; 84.073469668; 15.3209934849
2017-12-16 16:30:40 ; 28.0750002861; 28.0291667779; 27.8645828168; 27.7624998093; 27.772916317; 27.9937499762; 27.6458338896; 27.5083333651; 27.3562494516; 79.8958326976; 80.1187502543; 74.5729166667; 73.6562496821; 72.3062497775; 73.1145841281; 80.0583338737; 73.4625002543; 78.6583333015; 15.5062178143
2017-12-16 16:35:47 ; 28.0744683692; 28.0808513723; 27.8957443237; 27.8255314117; 27.7978716911; 28.0723407015; 27.7063835225; 27.5680853661; 27.3936166155; 78.6808510638; 78.7319146014; 73.263829982; 72.3978721132; 71.1148938118; 71.7234047423; 78.3595749875; 72.0170213415; 77.0234042229; 18.142609647
2017-12-16 16:40:54 ; 27.6399997711; 27.5959999084; 27.4499998093; 27.3640000916; 27.3620000076; 27.6380001068; 27.3020001221; 27.1920001602; 27.0220000458; 82.9659997559; 83.1019995117; 77.0920001221; 75.6879995728; 74.2339996338; 75.0460002136; 82.3679997253; 75.0240002441; 80.4820001221; 16.2646141679
2017-12-16 16:46:00 ; 28.5085103055; 28.2340428373; 27.9957446646; 27.8382975802; 27.7680852362; 27.9851063262; 27.6638299252; 27.6148936495; 27.3000001704; 83.8851065128; 85.119148579; 79.9170217311; 78.3510638298; 77.1425536135; 78.2276595095; 85.4617015757; 77.2808511612; 83.8468082509; 15.5062178143
2017-12-16 16:51:00 ; 29.0723403768; 28.7319148449; 28.4191490336; 28.2021275784; 28.0893614749; 28.3148937631; 27.9851061233; 27.9340424233; 27.6489361702; 86.2765955824; 87.9595747603; 83.0042559035; 81.6063828164; 80.3574465488; 82.0595748577; 89.348936365; 81.3787228199; 87.5212764334; 14.579699642
2017-12-16 16:56:14 ; 29.1579999542; 29.0219999313; 28.743999939; 28.554000206; 28.4540001678; 28.675999794; 28.3399999237; 28.1999997711; 27.9440000534; 81.5500001526; 82.5219996643; 77.4500010681; 76.4760011292; 75.6179998779; 76.6539994812; 83.6820001221; 75.8260002136; 81.9180001831; 14.579699642
2017-12-16 17:01:23 ; 28.6829785692; 28.5255318094; 28.3319150235; 28.1914893617; 28.1212766931; 28.3148936008; 27.9468083077; 27.8212761575; 27.6595748333; 87.0255320123; 88.1382978723; 82.4191483843; 80.7893611827; 79.4319147962; 81.1234036709; 88.9787235666; 80.8340423259; 87.2085097293; 14.579699642
2017-12-16 17:06:24 ; 29.0062500238; 28.895832936; 28.6791673501; 28.4937499762; 28.4145830075; 28.618750453; 28.2437499762; 28.0645835797; 27.8791662057; 80.754166762; 81.3583335876; 75.875; 75.0937503179; 74.1333335241; 75.2416666349; 82.5854169528; 75.5874999364; 81.6562504768; 14.579699642
2017-12-16 17:11:29 ; 28.9437497854; 28.8520827691; 28.6583339373; 28.5020833413; 28.4499998093; 28.7000007629; 28.2999992371; 28.1020837228; 27.8999996185; 79.3062491417; 79.5458337466; 74.1750009855; 73.4687495232; 72.4708331426; 73.2874999046; 80.3479161263; 73.8916665713; 79.8041666349; 14.579699642
2017-12-16 17:16:36 ; 28.8249993324; 28.7312502861; 28.552083532; 28.4145830075; 28.3895829121; 28.6083337466; 28.2333335876; 28.0333334605; 27.8395827214; 78.8145834605; 78.9520835876; 73.5958331426; 72.8687499364; 71.84375; 72.504166921; 79.5062502225; 73.28125; 79.0937501589; 13.6505584502
2017-12-16 17:21:43 ; 28.702083985; 28.6145837704; 28.4437497854; 28.3104159435; 28.2999992371; 28.5208334128; 28.1541672548; 27.9458331267; 27.7749996185; 78.6479152044; 78.7291658719; 73.3875015577; 72.6270817121; 71.5770823161; 72.1979152362; 79.1479155223; 72.9375009537; 78.7625010808; 13.6505584502
2017-12-16 17:26:43 ; 28.5978727138; 28.5021276677; 28.3361695878; 28.2255322882; 28.2106388985; 28.4659573169; 28.0744683692; 27.8872336124; 27.6957454276; 78.3617026146; 78.4255319149; 73.1042555139; 72.3744680526; 71.2978723404; 71.8978721132; 78.7893621566; 72.6617033938; 78.3319143742; 13.6505584502
2017-12-16 17:31:49 ; 28.3340425694; 28.3063828489; 28.1531912621; 28.0787237046; 28.0489363569; 28.3042551812; 27.9191488307; 27.7404252722; 27.55531936; 82.5446806563; 82.9234041255; 77.1765958096; 75.9170207571; 74.6021278868; 75.421276823; 82.7808509989; 75.6148930002; 81.4765954525; 13.6505584502
2017-12-16 17:36:55 ; 28.0791669687; 28.0187500715; 27.8999996185; 27.7999992371; 27.7999992371; 28.0166667302; 27.633333842; 27.4583331744; 27.3208326499; 82.2937501272; 82.6708335876; 76.7833334605; 75.5333334605; 74.2520837784; 75.2270833651; 82.6041666667; 75.6458331744; 81.4958337148; 13.6505584502
2017-12-16 17:42:04 ; 28.1000003815; 28.0083333651; 27.8979162772; 27.7687497139; 27.7583332062; 27.9812499285; 27.6000003815; 27.3999996185; 27.2520833015; 79.4666666985; 79.5770831108; 74.116666158; 73.2291661898; 72.0749999682; 72.7604168256; 79.7875005404; 73.3854160309; 78.9354170163; 13.6505584502
2017-12-16 17:47:08 ; 28.0311112298; 27.9977777693; 27.8088881599; 27.7000007629; 27.7000007629; 27.9311108483; 27.5977781508; 27.3777773115; 27.2000007629; 78.8; 78.8800004747; 73.4644444784; 72.6577765571; 71.5111109416; 72.1066662259; 79.1244440715; 72.835556878; 78.3666671753; 13.6505584502
2017-12-16 17:52:13 ; 28.0; 27.9083329837; 27.7979159355; 27.6666673024; 27.6770840089; 27.8999996185; 27.5312501192; 27.3312493563; 27.1979174217; 78.5854153633; 78.5999986331; 73.2854180336; 72.4812502861; 71.3270847003; 71.8937516212; 78.8000005086; 72.5958321889; 78.1499989827; 13.6505584502
2017-12-16 17:57:17 ; 27.9416664441; 27.8999996185; 27.7208337784; 27.6000003815; 27.604167064; 27.8708328406; 27.5020833413; 27.2895827293; 27.1166671117; 78.4041670163; 78.4479173024; 73.1187496185; 72.3291670481; 71.1729164124; 71.7999997139; 78.6520824432; 72.4333343506; 77.9604169528; 13.6505584502
2017-12-16 18:02:25 ; 27.8999996185; 27.8744676062; 27.6957454276; 27.5936173784; 27.5531916923; 27.8085099078; 27.4319146339; 27.240425678; 27.1000003815; 78.3702147464; 78.4574474578; 73.1425510163; 72.4106396614; 71.2595742408; 71.8446824094; 78.6574447307; 72.4574474578; 78.1297860653; 13.6505584502
2017-12-16 18:07:34 ; 27.8957442831; 27.7999992371; 27.6148940553; 27.5063830031; 27.5; 27.7893611015; 27.3999996185; 27.2000007629; 27.0978727138; 78.3021285686; 78.3531922685; 73.0446801693; 72.3468092249; 71.1936163395; 71.8021284063; 78.5808499925; 72.3851079738; 78.1212760438; 13.6505584502
2017-12-16 18:12:42 ; 27.9041663011; 27.8312493563; 27.6604172786; 27.5375001431; 27.5020833413; 27.7874994278; 27.4041663011; 27.2145838737; 27.1000003815; 77.8666675886; 78.004166762; 72.7625001272; 72.1083316803; 70.9812502861; 71.6145815849; 78.3166680336; 72.1604150136; 77.8312506676; 0 
2017-12-16 18:17:45 ; 27.9195652008; 27.7826083225; 27.6630441002; 27.5695654828; 27.4847825506; 27.6500004478; 27.4086953039; 27.2913037176; 27.1369570442; 81.2043490203; 81.9173907404; 76.167391238; 75.0695644876; 73.9217389977; 75.0152176567; 81.6413040161; 74.3608700296; 80.2043476934; 0 
2017-12-16 18:22:51 ; 27.9791668256; 27.7687499523; 27.6833332777; 27.57916677; 27.4604165157; 27.5062500238; 27.4041663011; 27.354166468; 27.2395834128; 83.1270833015; 84.441666921; 78.0895829201; 76.7729164759; 75.7062497139; 77.6937502225; 84.1333333651; 76.3229163488; 82.1645835241; 0 
2017-12-16 18:28:00 ; 28.2979584519; 28.0795921404; 27.9877550553; 27.8632647845; 27.6938782906; 27.7142862592; 27.6387760396; 27.6020412056; 27.4693876383; 79.0693885648; 79.8816324351; 74.0326539643; 73.2448979592; 72.5387753856; 74.1979594328; 79.877550709; 72.8775503976; 78.5734692009; 0
2017-12-16 18:33:04 ; 27.9708332221; 27.8229165077; 27.7604167461; 27.6687503656; 27.5458335082; 27.5583335559; 27.5312501192; 27.4958333174; 27.3770828644; 85.9666665395; 87.3145833015; 80.7124996185; 79.0499998728; 77.9937499364; 80.2354164124; 86.7333331108; 78.1624999046; 84.3354164759; 0 
2017-12-16 18:38:09 ; 28.2891298377; 28.0717394041; 27.9847825506; 27.8608690345; 27.6934787916; 27.6956526715; 27.6413048869; 27.6086960668; 27.4695651013; 80.0869565217; 81.0195649188; 74.9934781945; 74.128260571; 73.4065220045; 75.2804348158; 80.963043047; 73.7891305011; 79.5804342187; 0 
2017-12-16 18:43:20 ; 28.2020831108; 28.0250000954; 27.9604165951; 27.8645830154; 27.685417374; 27.7291667859; 27.6687506437; 27.6125004292; 27.4729165634; 80.8812499046; 81.6458331744; 75.6229168574; 74.6437497139; 73.9125003815; 75.6479169528; 81.3833330472; 73.9145828883; 79.7812503179; 0 
2017-12-16 18:48:25 ; 28.0170211792; 27.8297872746; 27.7829787883; 27.6765959314; 27.5382980184; 27.5446810215; 27.5191490092; 27.4893616615; 27.3489355939; 84.3042553841; 85.6382980347; 79.0446811433; 77.5744679228; 76.6425534512; 78.9276593797; 85.1595744681; 77.0382976126; 83.1617022575; 0 
2017-12-16 18:53:31 ; 28.2999992371; 28.0937503576; 28.0041666826; 27.895832936; 27.7250003815; 27.727083683; 27.6729173263; 27.6520839135; 27.5; 79.5395841599; 80.3562498093; 74.3958338102; 73.5875002543; 72.9125000636; 74.7124996185; 80.2791670163; 73.2541661263; 79.0166665713; 0 
2017-12-16 18:58:40 ; 28.0531910835; 27.917021447; 27.8595746223; 27.7723403687; 27.6255322314; 27.6510639191; 27.6127663876; 27.5808513723; 27.4510636431; 84.3893612801; 85.446808186; 79.0148935521; 77.5468082834; 76.5829787559; 78.6021275622; 84.7468084782; 76.6999993832; 82.748935943; 0 
2017-12-16 19:03:44 ; 28.2041665316; 27.9833332698; 27.9187496901; 27.8020832141; 27.6375005245; 27.6375005245; 27.5958336989; 27.5729169448; 27.4458331267; 81.7916668256; 82.9541664124; 76.6395831108; 75.5458334287; 74.745833238; 76.8145833015; 82.6937503815; 75.1104167302; 80.9520835876; 0 
2017-12-16 19:08:49 ; 28.2999992371; 28.1000003815; 28.0; 27.8999996185; 27.7300003052; 27.7759996033; 27.7000007629; 27.6480005646; 27.5; 79.0020002747; 79.7060002136; 73.762000885; 72.9919998169; 72.3300003052; 74.0779998779; 79.5219998169; 72.6860006714; 78.4780006409; 0 
2017-12-16 19:13:51 ; 28.0911113739; 27.9333332909; 27.8999999576; 27.8044441647; 27.6511116876; 27.6755560133; 27.6200004578; 27.5755558438; 27.411110772; 82.1866672092; 83.0355556912; 76.9355545044; 75.6955559625; 74.8555560642; 76.64666765; 82.4911112467; 74.8999989827; 80.855555386; 0 
2017-12-16 19:18:56 ; 28.0543477846; 27.8521738467; 27.8043478261; 27.6978261782; 27.5478262694; 27.5521741121; 27.513043528; 27.4717390226; 27.3499994278; 83.7260869897; 85.0347825755; 78.4869568866; 77.1304346168; 76.2173908068; 78.460869333; 84.6108698638; 76.639130468; 82.7521742116; 0 
2017-12-16 19:24:04 ; 28.2999992371; 28.0956525388; 28.0; 27.8913039332; 27.7000007629; 27.7043485227; 27.6521744935; 27.6152178308; 27.4956521573; 79.6478258216; 80.5043477597; 74.4934786921; 73.6956518422; 72.9978257884; 74.8391305675; 80.3804346168; 73.3500002985; 79.1847826087; 0 
2017-12-16 19:29:10 ; 28.1775515031; 28.0061224723; 27.9673468142; 27.8489790157; 27.7020415481; 27.7020415481; 27.6387760396; 27.5979595574; 27.4204078596; 78.6857140989; 79.2897952333; 73.4428567692; 72.6551021654; 71.9795919924; 73.6183683434; 79.0959184608; 72.4040827848; 78.1489793427; 0 
2017-12-16 19:34:21 ; 28.0574470277; 27.8999996185; 27.8659569355; 27.759574322; 27.6106387199; 27.6297877291; 27.5978727138; 27.5021276677; 27.3468079263; 78.3936186446; 78.9531922036; 73.0893605009; 72.3276613925; 71.6404243632; 73.2446803641; 78.7361696933; 72.0744671111; 77.842553646; 0 
2017-12-16 19:39:26 ; 27.9897958794; 27.8306115987; 27.7897953111; 27.6857149942; 27.5346940099; 27.5714288439; 27.5081632964; 27.426530332; 27.2938768815; 78.9877562231; 79.6938792637; 73.7551015737; 72.9285722071; 72.2081627359; 73.7999985364; 79.3693863226; 72.4469388067; 78.1795911205; 0
2017-12-16 19:44:33 ; 27.8428573219; 27.6857143714; 27.6306123539; 27.5530614269; 27.4020404426; 27.4367344525; 27.3918363221; 27.353060664; 27.2326533259; 85.8061222933; 87.1673471879; 80.5571429194; 78.9204078207; 77.8959180871; 80.3040819752; 86.6244899205; 78.193877551; 84.4632652438; 0 
2017-12-16 19:49:39 ; 28.2916660309; 28.0625002384; 27.9770832459; 27.8437496424; 27.6687506437; 27.6812504133; 27.6270838181; 27.6020837228; 27.4541664918; 79.9229168892; 80.9604164759; 74.9604169528; 74.1041663488; 73.4416662852; 75.379166762; 80.9812498093; 73.7729169528; 79.5979164441; 0 
2017-12-16 19:54:42 ; 28.2702124575; 28.0702130338; 28.0; 27.8936166155; 27.7063836443; 27.7361704238; 27.6936177599; 27.6361707322; 27.4872339939; 78.5148938767; 79.1787232744; 73.3319140495; 72.6000005844; 71.9382973529; 73.619149553; 79.0319147313; 72.3297873964; 78.1021273999; 0
2017-12-16 19:59:54 ; 27.9354164203; 27.8020833333; 27.7458333969; 27.6729169687; 27.5125000477; 27.5395834843; 27.5020833413; 27.4645831982; 27.3395827214; 86.133333683; 87.4541662534; 80.777083238; 79.1145833333; 78.1416668892; 80.4770833651; 86.7958331108; 78.1354169846; 84.3791664441; 0 
2017-12-16 20:05:04 ; 28.2895827293; 28.0687502623; 28.0083333651; 27.8708328406; 27.7041670084; 27.7062503099; 27.6458338896; 27.6145837704; 27.4708332221; 80.4395836194; 81.4499999682; 75.3770837784; 74.4520834287; 73.7645834287; 75.7479165395; 81.4145830472; 74.1312499046; 80.0145827929; 0 
2017-12-16 20:10:03 ; 28.295832634; 28.1000003815; 28.0333334605; 27.8999996185; 27.7854161263; 27.7854161263; 27.7020840645; 27.6645839612; 27.5; 78.7020827929; 79.3729163806; 73.4979165395; 72.7249999046; 72.1291670799; 73.8249998093; 79.2166666985; 72.4854172071; 78.2208334605; 0 
2017-12-16 20:15:10 ; 27.9680849846; 27.8276598504; 27.7893618726; 27.7191490011; 27.5787236234; 27.5978725515; 27.5531916923; 27.5085106708; 27.3574462647; 85.1297875262; 86.244681338; 79.7659571222; 78.1617027445; 77.2063825891; 79.3978719508; 85.5319147313; 77.2744674683; 83.4340430726; 0 
2017-12-16 20:20:13 ; 28.2083332141; 27.9812499285; 27.914583087; 27.7854164441; 27.6229171356; 27.6229171356; 27.5708336035; 27.5437501669; 27.3833328883; 81.6583334605; 82.8583334287; 76.5875004133; 75.4770830472; 74.7250002225; 76.835416317; 82.6416668892; 75.1187502543; 81.049999396; 0 
2017-12-16 20:25:24 ; 28.2702124575; 28.0659576984; 28.0; 27.8957442831; 27.7000007629; 27.70212839; 27.6425537353; 27.6000003815; 27.44468064; 79.0936172161; 79.7936169239; 73.8914892318; 73.0914897513; 72.4042551568; 74.1702124413; 79.6276590875; 72.8127663795; 78.6297872016; 0 
2017-12-16 20:30:24 ; 28.1326092015; 27.973912944; 27.9282605959; 27.8173906078; 27.6804354709; 27.6847833136; 27.6043482241; 27.5500001907; 27.3891300118; 78.4108707594; 79.0065214738; 73.1630428148; 72.3847837033; 71.7652179884; 73.4065221704; 78.7847822438; 72.1326081649; 77.8456527047; 0 
2017-12-16 20:35:36 ; 27.8612245832; 27.7265306979; 27.6816328399; 27.6000002258; 27.4530610454; 27.4795917589; 27.4428569249; 27.4040812668; 27.2571427482; 86.1224491353; 87.4591835178; 80.7714280109; 79.0857142234; 78.1224489796; 80.4551019474; 86.751020159; 78.2244899516; 84.3591836423; 0 
2017-12-16 20:40:37 ; 28.2583330075; 28.0229167541; 27.947916468; 27.8229162693; 27.6458338896; 27.6395838658; 27.5895836751; 27.5645835797; 27.4083329837; 80.5229169528; 81.5708330472; 75.4875000318; 74.5604170163; 73.8770836194; 75.8687497775; 81.5124994914; 74.183333238; 80.0312495232; 0 
2017-12-16 20:45:47 ; 28.2653058889; 28.0653063716; 28.0; 27.8938771462; 27.7081639037; 27.7204086148; 27.6816333459; 27.6122453261; 27.4612243419; 78.6897959806; 79.3714285091; 73.4979595262; 72.767347219; 72.1285714909; 73.8551022277; 79.2469389001; 72.4510205327; 78.1367340088; 0
2017-12-16 20:50:51 ; 27.9604165157; 27.808333238; 27.7708334128; 27.6687504053; 27.5354168018; 27.5437501669; 27.5125000477; 27.4666665395; 27.3354160388; 86.2645832698; 87.6166666349; 80.9937499364; 79.2875000636; 78.2875003815; 80.6395831108; 87.0229171117; 78.4583336512; 84.8374999364; 0 
2017-12-16 20:55:58 ; 28.3081626503; 28.0755104921; 28.0204082411; 27.8734689051; 27.7020411978; 27.6959187644; 27.6489801601; 27.6122453261; 27.463265166; 80.4183673469; 81.4571424212; 75.3959183985; 74.477551363; 73.8183674715; 75.7999993149; 81.4408164511; 74.1612245209; 80.1081627048; 0 
2017-12-16 21:00:59 ; 28.2893610609; 28.0936173784; 28.0212766769; 27.8978719508; 27.7744677118; 27.7723400846; 27.7000007629; 27.6319153968; 27.4914893292; 78.9872343997; 79.7531915218; 73.855318597; 73.0425531915; 72.4702130581; 74.191489037; 79.5468087704; 72.6468083808; 78.4000002273; 0
2017-12-16 21:06:05 ; 27.9708332221; 27.8124999205; 27.7770833174; 27.6791669528; 27.5395834843; 27.5541668733; 27.5291667779; 27.4916666349; 27.3479160865; 86.3062504133; 87.6437500318; 81.0687495867; 79.3499997457; 78.370833079; 80.745833079; 87.1374999682; 78.4854168892; 84.8937503497; 0 
2017-12-16 21:11:12 ; 28.2959176667; 28.0775513162; 27.9959183518; 27.8816322015; 27.7020413535; 27.7122452405; 27.6530618084; 27.6142861503; 27.4734692865; 80.3816330579; 81.3632655241; 75.2795916188; 74.3795919613; 73.7000003737; 75.6816325285; 81.3102044865; 74.0612246455; 80.0387753856; 0 
2017-12-16 21:16:19 ; 28.259574322; 28.0638300307; 28.0; 27.8978719508; 27.7170217798; 27.7468085593; 27.6829794214; 27.6042557169; 27.4489359754; 78.8000002922; 79.4425530941; 73.5574470682; 72.7936167616; 72.1553188892; 73.9148937793; 79.3255319798; 72.5553200904; 78.4595745979; 0 
2017-12-16 21:21:24 ; 28.1125004292; 27.9583331744; 27.9145830075; 27.8083326022; 27.6750006676; 27.6895840565; 27.6020837228; 27.5416668256; 27.3833328883; 78.4145846367; 78.9895834923; 73.1291650136; 72.3645853996; 71.7500006358; 73.4083345731; 78.8104178111; 72.1645828883; 78.0499992371; 0 
2017-12-16 21:26:36 ; 27.9959183518; 27.8795914163; 27.8122443374; 27.7040821776; 27.5816329645; 27.5877554368; 27.5448981305; 27.4591835178; 27.2918360963; 79.2897966346; 80.0551030684; 74.0795914008; 73.1938773953; 72.5306113107; 74.1183663193; 79.7020397576; 72.6285711794; 78.4734694812; 0 
2017-12-16 21:31:39 ; 27.8204083345; 27.6510204782; 27.6102041906; 27.5142857688; 27.3734689051; 27.3918363221; 27.3591831363; 27.33673411; 27.2204086148; 85.8265306122; 87.2020410032; 80.6040814458; 78.9612247701; 77.9775505844; 80.4040813835; 86.7326532481; 78.2387751365; 84.6020405049; 0 
2017-12-16 21:36:42 ; 28.2791662216; 28.0437501669; 27.9645831982; 27.8270829121; 27.6500005722; 27.6520839135; 27.604167064; 27.5729169448; 27.4145830075; 80.1000002225; 81.1083334287; 75.102083842; 74.2250000636; 73.5604166985; 75.5083333651; 81.1062499682; 73.8687504133; 79.8333326976; 0 
2017-12-16 21:41:52 ; 28.2291669846; 28.0187500715; 27.985416611; 27.8520827691; 27.7000007629; 27.7000007629; 27.6375005245; 27.5958336989; 27.4124996662; 78.6874996821; 79.3458336194; 73.5062499046; 72.7250003815; 72.0791667302; 73.7708333333; 79.1770833333; 72.4333329201; 78.2291668256; 0 
2017-12-16 21:46:56 ; 27.9020408708; 27.7734695357; 27.7285715998; 27.6530612245; 27.5061224723; 27.5387756581; 27.4857142312; 27.4530610454; 27.3020405283; 85.2510207818; 86.4387759773; 79.9326529989; 78.379592117; 77.4755104221; 79.6795917433; 85.7857144414; 77.3122449602; 83.559184016; 0 
2017-12-16 21:52:02 ; 28.2450977026; 28.0137255426; 27.9372546626; 27.8098037196; 27.6352946338; 27.6333338046; 27.5882356307; 27.556862962; 27.4137251611; 80.931372549; 82.0764706182; 75.9372546626; 74.9333331538; 74.2509806016; 76.3137253406; 82.0019606048; 74.5450986974; 80.4274508906; 0 
2017-12-16 21:57:14 ; 28.142856559; 27.9938777223; 27.9326531546; 27.8244895935; 27.6877551565; 27.6857144103; 27.6448985119; 27.6040820297; 27.4612243419; 83.1081633276; 84.1040816015; 77.9510205327; 76.6693876617; 75.9387759773; 77.9959181182; 83.9632657109; 75.8959187099; 81.8408165757; 0 
2017-12-16 22:02:17 ; 28.1799997965; 27.9644443512; 27.9044443342; 27.7755554623; 27.6133337657; 27.611111535; 27.5711113824; 27.5533335368; 27.4177774641; 83.1799997965; 84.5177776761; 78.0622221205; 76.7666663276; 75.9911110772; 78.2888888889; 84.2866667006; 76.3133338081; 82.3377778795; 0 
2017-12-16 22:07:21 ; 28.3795913774; 28.1122453261; 28.1000003815; 27.9142853873; 27.7959176667; 27.7836729556; 27.7163270444; 27.7000007629; 27.5; 79.1367344759; 79.8938769905; 74.0346944381; 73.2224486993; 72.6571420164; 74.493877333; 79.9183671912; 72.9755105778; 78.7020403804; 0 
2017-12-16 22:12:31 ; 27.993877333; 27.8551019163; 27.8204081788; 27.7183675571; 27.5857143791; 27.5877552032; 27.5632655475; 27.5285715376; 27.3938771462; 86.2836735005; 87.6653059356; 81.1510204393; 79.4489792804; 78.5102040816; 80.8673467831; 87.1224491353; 78.4306122138; 84.6265303943; 0 
2017-12-16 22:17:32 ; 28.284782078; 28.0717394041; 28.0021739213; 27.8717386412; 27.686957152; 27.6934787087; 27.6456527295; 27.5956525388; 27.4434780453; 80.6086954863; 81.6652171923; 75.556521706; 74.5891302358; 73.923913541; 75.9956519085; 81.6152172918; 74.2847825755; 80.25; 0 
2017-12-16 22:22:43 ; 28.061999588; 27.9160001373; 27.8319999695; 27.7539997101; 27.6200000381; 27.6280001068; 27.5860004807; 27.5260002136; 27.3959999084; 82.1280001831; 83.1920002747; 77.4580001831; 76.1999995422; 75.4100001526; 77.3799998474; 83.0199993896; 75.0399996948; 80.7379998779; 0 
2017-12-16 22:27:43 ; 27.3791666031; 27.2375002305; 27.193750302; 27.15833354; 27.081250151; 27.1020835241; 27.0791668495; 27.1354169448; 27.1125003099; 86.7041668892; 87.8229171435; 81.5187492371; 79.4291669528; 78.1562496821; 80.4812499682; 86.339583238; 77.4687504768; 83.4041671753; 0
2017-12-16 22:32:51 ; 28.2627450532; 28.0588237912; 27.996078566; 27.8980392007; 27.7372546102; 27.7529410194; 27.7352940055; 27.7803919923; 27.6411764855; 84.2725490495; 85.2941180958; 79.1235294716; 77.5725488102; 76.6274508308; 78.8294112262; 84.6803917978; 76.3568626853; 82.5745092654; 0
2017-12-16 22:37:57 ; 28.280850796; 28.1191493907; 28.0765960369; 27.9936169969; 27.8659569355; 27.9021272862; 27.882978277; 27.8999996185; 27.70212839; 82.9489363001; 83.8361706024; 77.380851421; 75.9638298522; 75.0404255644; 77.1659578364; 82.8829790481; 75.1957447782; 81.3638294301; 0
2017-12-16 22:43:03 ; 28.0659571709; 27.9808509908; 27.9276592985; 27.8957443237; 27.7787235341; 27.8085105977; 27.7936170862; 27.7914893779; 27.6191493907; 86.0340426831; 86.8382977425; 80.2425528993; 78.4744684747; 77.323404515; 79.4319144716; 85.4255319149; 77.1085107682; 83.5382982619; 0
2017-12-16 22:48:30 ; 28.0877554368; 27.9734692865; 27.9367344525; 27.8632647845; 27.744898037; 27.7775506; 27.7040823333; 27.7000007629; 27.5020408241; 80.4204079764; 81.0122443997; 74.8346935973; 73.6551020097; 72.7979591525; 74.6020405049; 79.9938776444; 73.0183667553; 78.961224303; 0
2017-12-16 22:53:34 ; 27.408333381; 27.39166677; 27.3833334446; 27.3312500715; 27.2687501113; 27.3437502782; 27.3375002543; 27.3250002066; 27.2354168097; 84.7999998728; 85.0374997457; 79.1770830949; 77.2791665395; 76.0083330472; 77.6875000795; 83.2270832062; 75.1854161421; 80.3604168892; 0 
2017-12-16 22:58:49 ; 27.9877550553; 27.7632652594; 27.6755100562; 27.5265306356; 27.3673470166; 27.4183675416; 27.4489797475; 27.5163266707; 27.3632653295; 83.0306122449; 84.2612242407; 77.9918365479; 76.7653061224; 75.8244899828; 77.9265304877; 83.5061225113; 75.4775512073; 80.5469388378; 0
2017-12-16 23:03:49 ; 28.0297870636; 27.910637957; 27.82978695; 27.6872342698; 27.5531916923; 27.6297877291; 27.6468089895; 27.7148938686; 27.5446810215; 86.8404256942; 87.9829783338; 81.729787299; 80.112766347; 78.9297870068; 81.0106379732; 86.8702124738; 78.3170209844; 83.4893620268; 0 
2017-12-16 23:09:06 ; 28.0937503576; 27.8999996185; 27.8645828168; 27.704167366; 27.5979170402; 27.6479172309; 27.618750453; 27.618750453; 27.4749999046; 80.5770832698; 81.2958327929; 75.2624996503; 74.2499998411; 73.3791662852; 75.1395831108; 80.4270831744; 73.2770833969; 78.3979166349; 0
2017-12-16 23:14:13 ; 27.7782609774; 27.6717394539; 27.6021741784; 27.5456523481; 27.4217388319; 27.506521764; 27.493478236; 27.4695651013; 27.3239123718; 86.6326088283; 87.6760870892; 81.1717389977; 79.5130434451; 78.2543475939; 80.4391300367; 86.5086953536; 78.0826092596; 83.319565151; 0 
2017-12-16 23:19:17 ; 27.3555554708; 27.3488887787; 27.2866669549; 27.1955556658; 27.0955554962; 27.1400000678; 27.1488889482; 27.1488889906; 27.0311110179; 77.9955559625; 78.1666668362; 72.4555548774; 71.6244445801; 70.6288887872; 71.8711108738; 75.9866663615; 68.7288880242; 74.1155554877; 0
2017-12-16 23:24:25 ; 27.2695651262; 27.0739130352; 26.9804347909; 26.8608694906; 26.7282606208; 26.7434781531; 26.7760868487; 26.8978261118; 26.8586956936; 86.3891301362; 87.7195653501; 81.9739134415; 80.2586958512; 78.8565216064; 81.2869564554; 87.0173917024; 77.9782607037; 83.1826087288; 0
2017-12-16 23:29:28 ; 28.2104165951; 28.0; 27.8749998013; 27.6958334446; 27.5104167064; 27.5666668812; 27.6083335479; 27.7416667541; 27.6166671117; 86.5020828247; 87.7687500318; 82.0833328565; 80.660416762; 79.5916666985; 81.9437499046; 87.2770827611; 78.2416667938; 83.1041663488; 0
2017-12-16 23:35:20 ; 28.0680850009; 27.9276592985; 27.8361701965; 27.6914894429; 27.5638300307; 27.6106386793; 27.6361707322; 27.7170217798; 27.5957450461; 84.7680850739; 85.6893617346; 79.5808509664; 78.217021374; 77.138298197; 79.3425528344; 84.8829788857; 76.4957449081; 81.5723401333; 0
2017-12-16 23:40:37 ; 27.9499997659; 27.8636360168; 27.7818182598; 27.6681821997; 27.5590911345; 27.6068185893; 27.6204549616; 27.6431822777; 27.5204546235; 86.4477272034; 87.3749996532; 81.2340911518; 79.5977276889; 78.3045451424; 80.5295451771; 86.2840909091; 77.6818180084; 82.9681817835; 0 
2017-12-16 23:45:49 ; 27.8895835479; 27.8062502146; 27.7250000238; 27.6208332777; 27.514583389; 27.5833336512; 27.5791669687; 27.5958336989; 27.447916468; 85.9479163488; 86.9124999046; 80.7291668256; 79.2020831108; 77.9395834605; 79.9729166031; 85.6312500636; 77.1500000954; 82.4458332062; 0 
2017-12-16 23:51:02 ; 27.9130433953; 27.8043474944; 27.7326085878; 27.6152178308; 27.4695651013; 27.5391305841; 27.5565219547; 27.5369566627; 27.3934778545; 83.4586954531; 84.3086959175; 78.3260872882; 77.0369561237; 75.9021737472; 77.7391301031; 83.273913342; 75.1869568203; 80.5000001659; 0 
2017-12-16 23:56:11 ; 27.8085106789; 27.6638298035; 27.6127661441; 27.5; 27.3872336124; 27.4553189785; 27.4468083077; 27.4553189785; 27.3255312494; 83.8531917816; 84.8595745006; 78.4021280167; 77.0148930651; 75.8851061882; 78.0446806563; 83.7276596719; 75.7319146014; 81.3319150235; 0 
