2017-12-19 00:01:19 ; 27.9395836194; 27.8041667541; 27.7374999921; 27.6145832539; 27.4791665872; 27.4749999046; 27.4395831029; 27.4437497854; 27.285416166; 87.0562500954; 86.7604168256; 81.6645835241; 79.6895831426; 78.360417525; 80.960416317; 87.0291666985; 78.9062504768; 84.6958332062; 0 
2017-12-19 00:06:22 ; 27.8875001669; 27.7812500397; 27.7312500477; 27.6166667938; 27.4708332221; 27.4666665395; 27.433333079; 27.4416664441; 27.2687497139; 88.6229168574; 88.4583331744; 83.5208333333; 81.370833079; 79.8708327611; 82.5708335241; 88.4666666985; 80.3333331744; 86.0104161898; 0 
2017-12-19 00:11:26 ; 27.8913045551; 27.7891305426; 27.7369565964; 27.623913143; 27.480434708; 27.4782607866; 27.4369562812; 27.4478258879; 27.2999993615; 89.1130434119; 89.0391305011; 84.2782611018; 82.0760872882; 80.6065222699; 83.2565213079; 89.1217385997; 80.8521738467; 86.4521738135; 0 
2017-12-19 00:16:33 ; 27.9282610935; 27.8130436773; 27.7434783604; 27.6326085796; 27.480434708; 27.4760868653; 27.4347823599; 27.4499998093; 27.326086376; 88.5260865585; 88.3434778296; 83.5891300699; 81.5934786589; 80.0695654828; 82.7586953536; 88.5543476602; 80.2739125127; 85.8347829736; 0 
2017-12-19 00:21:33 ; 27.9577782101; 27.8377777523; 27.7822220696; 27.6488888635; 27.4933333079; 27.4888888465; 27.4355553097; 27.4622220781; 27.3088882446; 87.9288887872; 87.6888893975; 83.0711113824; 81.0933336046; 79.6133332994; 82.3400000678; 88.0511110094; 79.9466671414; 85.3511111789; 0 
2017-12-19 00:26:39 ; 28.0136365457; 27.8863636797; 27.8204545108; 27.6863636537; 27.5250000954; 27.5068182078; 27.4727271687; 27.4909090562; 27.3386357914; 87.4022723111; 87.1613642953; 82.2818180431; 80.3977276195; 78.9636355313; 81.5250001387; 87.4568178003; 79.256818598; 84.8636360168; 0 
2017-12-19 00:31:46 ; 28.0148939173; 27.8638298359; 27.80638293; 27.6723403931; 27.52765968; 27.5063830031; 27.4787233231; 27.4808509908; 27.3212759951; 87.0085111577; 86.7936169239; 81.6170216013; 79.7276595095; 78.348936365; 80.9978722106; 87.2042556113; 78.7936167616; 84.4106382005; 0 
2017-12-19 00:36:48 ; 27.9212768636; 27.7914894997; 27.7340425938; 27.6106383547; 27.4702126523; 27.47234032; 27.4574466462; 27.4553189785; 27.3212759951; 88.0021276271; 87.7191485141; 82.829787234; 80.7021276596; 79.2680852362; 81.9978722106; 87.9340425857; 79.9319147962; 85.4595744356; 0
2017-12-19 00:41:53 ; 27.9090910391; 27.7863637317; 27.7181818702; 27.6136364937; 27.4681816968; 27.461363489; 27.4409088655; 27.459090753; 27.3204538605; 89.1636359475; 89.1045459401; 84.2749997919; 82.1477272727; 80.7068183205; 83.3295458013; 89.1590905623; 80.7681815407; 86.1840910478; 0 
2017-12-19 00:46:54 ; 27.9111114502; 27.7955557505; 27.7199999915; 27.5977776421; 27.4577776167; 27.4422220018; 27.4044440799; 27.4466664632; 27.2755552928; 88.6933334351; 88.5711112128; 83.9555558946; 81.9200000339; 80.4600004408; 83.1599999322; 88.86222229; 80.5222227308; 86.2777777778; 0 
2017-12-19 00:52:01 ; 28.0468088921; 27.9234042066; 27.851063708; 27.7191488388; 27.5425533538; 27.5234043446; 27.4936169969; 27.4957446646; 27.3404249638; 86.908510411; 86.6659575117; 82.0744680851; 80.0914887773; 78.8829788857; 81.5319153806; 87.2234039307; 79.0723407827; 84.6574465163; 0 
2017-12-19 00:57:03 ; 28.0021741701; 27.8500000498; 27.7804347329; 27.6608695155; 27.506521764; 27.480434708; 27.4478258879; 27.4608694159; 27.3347820199; 86.4891304348; 86.1304347826; 80.8739128113; 78.897826485; 77.6413043478; 80.4217389977; 86.6347820448; 78.5413048786; 84.3260871224; 0
2017-12-19 01:02:10 ; 27.880851218; 27.7702129039; 27.7063830355; 27.600000138; 27.4702126523; 27.4638296493; 27.4510636431; 27.4680849846; 27.3340419201; 89.4234039631; 89.3936166966; 84.5574464189; 82.4404251423; 80.8574468734; 83.5765952252; 89.3531919439; 80.8914895565; 86.5553189541; 0 
2017-12-19 01:07:16 ; 27.9812502066; 27.8687502543; 27.7895833651; 27.6770830552; 27.5354168018; 27.5270834366; 27.4979166587; 27.5083333651; 27.3645828168; 88.2395830154; 88.0645834605; 83.522916158; 81.4541665713; 80.1166664759; 82.7354165713; 88.3583331108; 80.2333331108; 85.7624996503; 0 
2017-12-19 01:12:16 ; 28.0382981808; 27.8957445672; 27.8276594446; 27.6957446971; 27.2297873193; 27.5106383385; 27.4702126523; 27.4680849846; 27.3361695878; 86.9446812082; 86.6851061557; 81.8829785611; 79.9148937793; 77.8446811108; 81.242553224; 87.1553192139; 78.9191491959; 84.144680429; 0 
2017-12-19 01:17:21 ; 27.9425534999; 27.797872381; 27.7404254751; 27.6212765308; 27.4957446646; 27.4787233231; 27.4404253047; 27.4531913108; 27.321275914; 86.729786812; 86.4489363001; 81.2361696933; 79.2617020303; 78.0021279518; 80.6872339452; 86.7680850739; 78.5446808186; 84.0999996104; 0
2017-12-19 01:22:29 ; 27.8791668812; 27.764583389; 27.7041666905; 27.5791668495; 27.4437497854; 27.4291663965; 27.3999996185; 27.4354164203; 27.3020826578; 88.4625002543; 88.28125; 83.4750002225; 81.3812499046; 79.8375000954; 82.5791665713; 88.3770831426; 80.3187502225; 85.9020822843; 0 
2017-12-19 01:27:34 ; 27.8829788857; 27.7765958258; 27.7191489605; 27.5978723891; 27.4531913108; 27.4595743139; 27.4042549539; 27.4361699693; 27.2872336773; 89.0255320123; 88.8851061882; 84.0680848791; 82.006382719; 80.4914893292; 83.2148937469; 89.019149131; 80.7170216986; 86.4680847817; 0 
2017-12-19 01:32:35 ; 27.9279072784; 27.8116280312; 27.7488372714; 27.6232557075; 27.4837208681; 27.4767440973; 27.4558137849; 27.4697673265; 27.3232551397; 88.3883718446; 88.265116492; 83.520930268; 81.4418606425; 80.0767439022; 82.8093022191; 88.5999995387; 80.3209301261; 86.1232564172; 0 
2017-12-19 01:37:38 ; 27.990909403; 27.8659092296; 27.7954545455; 27.6659090736; 27.5136364157; 27.5045454719; 27.4795453765; 27.5; 27.3477266919; 87.9613633589; 87.6977277236; 83.1090909784; 81.0022726926; 79.5999998613; 82.3772723458; 88.1727275848; 79.9181821997; 85.4772725539; 0 
2017-12-19 01:42:43 ; 27.9847829238; 27.8630433705; 27.7869564554; 27.6695651593; 27.5217392134; 27.506521764; 27.4760868653; 27.4891303933; 27.3369559827; 87.4717392299; 87.3021741121; 82.5695656486; 80.5478261865; 79.256521142; 81.873913143; 87.6086953205; 79.4934778628; 84.8021739462; 0 
2017-12-19 01:47:54 ; 27.9729168018; 27.8458333413; 27.7770833572; 27.6458333731; 27.4916666349; 27.4958333174; 27.4687498808; 27.4749999046; 27.3312494755; 87.737499555; 87.5395828883; 82.668750445; 80.6708334287; 79.1979169846; 81.7666665713; 87.679166158; 79.4270836512; 84.5458332698; 0 
2017-12-19 01:52:55 ; 27.9888891008; 27.8444445292; 27.7955555386; 27.6711110433; 27.522222307; 27.5044444614; 27.4755554623; 27.4866666158; 27.3355549282; 87.3533328586; 87.1577774048; 82.2311114841; 80.0222222222; 78.7022225274; 81.4666663276; 87.5288887872; 79.1777779473; 84.6155556573; 0
2017-12-19 01:58:02 ; 27.9408165289; 27.8183673936; 27.7612245521; 27.6408163966; 27.4979591759; 27.4836734071; 27.463265166; 27.4795917589; 27.3326524228; 87.9877551332; 87.746938433; 82.9265304877; 80.7938772708; 79.3938776133; 82.0999997197; 87.9979590591; 79.8510203459; 85.3693875683; 0
2017-12-19 02:03:08 ; 27.8979593394; 27.7836735395; 27.7122448512; 27.6020408942; 27.4755101107; 27.4714284624; 27.463265166; 27.4938775277; 27.3591831363; 89.1306119646; 88.9653061847; 84.2775509893; 82.1081628605; 80.5632657421; 83.3224488862; 88.9612246144; 80.751020159; 86.1551023211; 0 
2017-12-19 02:08:08 ; 27.9409092123; 27.8250001127; 27.7681819309; 27.6409091949; 27.4931817922; 27.4886363203; 27.4795453765; 27.5272728313; 27.379544995; 89.1045454199; 89.0295453505; 84.2636365024; 82.2500005202; 80.6772724498; 83.3409089175; 89.1500001387; 80.7431815754; 86.1590912559; 0 
2017-12-19 02:13:14 ; 28.0276593959; 27.910638444; 27.8574469952; 27.7340425532; 27.5638300307; 27.5638300307; 27.5170213415; 27.5489363569; 27.3914889478; 88.5638297872; 88.4127659899; 83.6638298846; 81.5361694985; 80.1021275622; 82.8702126361; 88.4957447458; 80.2914892968; 85.7255315578; 0 
2017-12-19 02:18:17 ; 28.0466668871; 27.9266668108; 27.8577777439; 27.7333331638; 27.5644446903; 27.5466668447; 27.5177778456; 27.5288889991; 27.3733328501; 87.5777777778; 87.4133329603; 82.8288887872; 80.7355555216; 79.3977781508; 82.0622221205; 87.813333469; 79.6777774387; 85.1844443427; 0 
2017-12-19 02:23:22 ; 28.0108696896; 27.8847825838; 27.8195651096; 27.6891304514; 27.5217392134; 27.5108696067; 27.46739118; 27.4717390226; 27.3239123718; 87.556521706; 87.2847830731; 82.5304349816; 80.4478258879; 79.0999996351; 81.7739131762; 87.6782613008; 79.4152178557; 84.6760864258; 0 
2017-12-19 02:28:30 ; 27.9630437105; 27.8217391553; 27.7739130103; 27.6478260704; 27.4978260787; 27.4826086293; 27.4521737306; 27.4456519666; 27.3217384504; 87.5217392963; 87.2717392963; 82.334782476; 80.1652173581; 78.7717392963; 81.5065216396; 87.6086959839; 79.3152173913; 84.8369566876; 0
2017-12-19 02:33:39 ; 27.8875002066; 27.7687500715; 27.7041666905; 27.5812499921; 27.4416664441; 27.433333079; 27.4104163249; 27.4374997616; 27.2937494119; 88.3166664441; 88.1708334287; 83.4083333015; 81.2729164759; 79.8291668892; 82.6020828883; 88.3145831426; 80.2333329519; 86.1250004768; 0
2017-12-19 02:38:36 ; 27.8767443369; 27.7720931741; 27.7023255991; 27.5883722084; 27.4348834725; 27.430232292; 27.395348438; 27.4348834725; 27.2930227768; 89.4534885495; 89.3581395704; 84.5465114505; 82.5976743476; 80.9441861885; 83.7232557785; 89.4441858336; 81.013953098; 86.5395351676; 0 
2017-12-19 02:43:44 ; 27.9090911692; 27.8045456193; 27.7340910218; 27.6159089695; 27.4704544327; 27.4659089609; 27.4477270733; 27.4477270733; 27.3068175749; 88.6590907357; 88.5409088135; 83.8386363983; 81.9136357741; 80.3250005895; 82.9340910478; 88.6227269606; 80.2954547188; 85.7090913599; 0 
2017-12-19 02:48:48 ; 27.9652177147; 27.8413044473; 27.7608694823; 27.6304346997; 27.46739118; 27.4586954946; 27.4239127532; 27.4391302026; 27.2804345255; 88.2304349153; 88.0826085961; 83.5326091932; 81.519564753; 80.1456522734; 82.8630434119; 88.4717388982; 80.2652171591; 85.6152179552; 0 
2017-12-19 02:53:53 ; 28.0113639398; 27.875; 27.7977271514; 27.3340909698; 27.4749999046; 27.4863635843; 27.422726978; 27.4272724498; 27.261363463; 87.2909091603; 87.1159088828; 82.5318183899; 79.7295453332; 79.2340909784; 81.8681817488; 87.6272721724; 79.4613640525; 84.9704544761; 0 
2017-12-19 02:58:53 ; 28.0046513136; 27.8441861175; 27.7720929523; 27.6255812978; 27.4790696876; 27.4534881947; 27.4046507991; 27.3999996185; 27.251162773; 86.8441862949; 86.7186050415; 81.5000001774; 79.6255816083; 78.355813847; 81.0767439022; 87.1813955972; 78.8534883011; 84.4186048286; 0
2017-12-19 03:03:59 ; 27.934042748; 27.8063830518; 27.7510639353; 27.6234042797; 27.4659573169; 27.4489359754; 27.4148932924; 27.4404253047; 27.2872335962; 88.2404255968; 88.0425531915; 83.2531913595; 81.1127658601; 79.7319147638; 82.5234042229; 88.3659575442; 80.3170216337; 85.8319143742; 0 
2017-12-19 03:09:05 ; 27.9326086874; 27.8152175157; 27.7456522403; 27.6086957351; 27.4695651013; 27.4543476519; 27.3934778545; 27.4304345172; 27.2565218469; 88.9478260538; 88.869565715; 84.0934784931; 82.0760872882; 80.776087056; 83.5195650847; 89.3608693662; 81.0608701291; 86.7434786921; 0 
2017-12-19 03:14:11 ; 27.8444446988; 27.7444445716; 27.6844443851; 27.5644442664; 27.4355553097; 27.4088885413; 27.3799995422; 27.4266663869; 27.2533332825; 88.8999996609; 88.7488888211; 84.1377773709; 82.055555386; 80.6444444444; 83.331111145; 89.1066667345; 80.6666668362; 86.1022218492; 0 
2017-12-19 03:19:17 ; 27.928889211; 27.8244444529; 27.7511110094; 27.6133333418; 27.4755554623; 27.4488886939; 27.4088885413; 27.4511109246; 27.2822217306; 88.2555552165; 88.0577775743; 83.4466668023; 81.4288886176; 79.9888887193; 82.7466664632; 88.4644443088; 80.0777777778; 85.4888887193; 0 
2017-12-19 03:24:22 ; 27.9900002956; 27.8574999809; 27.7924999237; 27.65; 27.4849999428; 27.4724998951; 27.4324997425; 27.4499998093; 27.2974994183; 87.7249996185; 87.3775001526; 82.8750001907; 80.9449996948; 79.6300001144; 82.2675001144; 88.075; 79.8949996948; 85.2524997711; 0 
2017-12-19 03:29:22 ; 27.9863638011; 27.8454545194; 27.7772727013; 27.650000052; 27.4749999046; 27.459090753; 27.4136360342; 27.4318179217; 27.2727270126; 87.8431814367; 87.5909094377; 82.7704547535; 80.8000002774; 79.490908536; 82.2386361902; 88.1704547188; 79.684091568; 84.9613633589; 0 
2017-12-19 03:34:31 ; 27.9391307002; 27.7934783023; 27.7260869068; 27.5891304016; 27.4239127532; 27.4108692252; 27.3891300118; 27.4260866746; 27.2347828409; 87.5913036181; 87.4065216728; 82.3934783936; 80.3521743443; 79.0347832389; 81.8347823102; 87.8978259874; 79.5108695652; 85.0630438431; 0
2017-12-19 03:39:31 ; 27.9085108574; 27.7765958258; 27.6999999919; 27.5723403768; 27.4212762954; 27.4085102893; 27.3680846032; 27.3531910917; 27.2319151696; 88.0148933898; 87.8042553841; 83.0297871042; 80.9978720482; 79.5936170537; 82.4212764983; 88.1659575117; 80.0978724703; 85.7617018679; 0
2017-12-19 03:44:38 ; 27.9227274981; 27.7909091603; 27.711363619; 27.5795455412; 27.4340906577; 27.4159087701; 27.3840904669; 27.4181815061; 27.2363638444; 88.8818179044; 88.8522725539; 84.1500001387; 82.1818180084; 80.5772725886; 83.4159096805; 89.0681818182; 80.8113633936; 86.3045453158; 0 
2017-12-19 03:49:40 ; 27.9304348075; 27.8217391968; 27.734782675; 27.5956521656; 27.4521737306; 27.4260866746; 27.3847821692; 27.4260866746; 27.232608961; 89.0086960171; 88.9478262196; 84.3217391968; 82.4086957185; 80.8826088283; 83.6999997678; 89.3086957517; 80.9347826087; 86.7586961829; 0 
2017-12-19 03:54:48 ; 27.904545784; 27.7840911258; 27.711363619; 27.5704544241; 27.4272724498; 27.4113632982; 27.3818177743; 27.3999996185; 27.2250003815; 88.5568180084; 88.4454543374; 83.9272733168; 81.8795459054; 80.5477274114; 83.2522721724; 88.9249999306; 80.4704544761; 86.2545455586; 0 
2017-12-19 03:59:49 ; 27.9065220045; 27.7934782609; 27.7130433373; 27.5826088035; 27.4282605959; 27.4065213825; 27.3760864838; 27.3934778545; 27.2304350812; 88.5934778296; 88.5521741121; 83.9086957185; 81.8456520412; 80.4369564886; 83.2173911385; 88.8804349485; 80.5891304016; 86.1369562564; 0 
2017-12-19 04:04:55 ; 27.9500003295; 27.825000026; 27.7454544414; 27.6204546148; 27.4454543374; 27.4295451858; 27.3840904669; 27.3863632029; 27.2136369185; 88.2340906317; 88.0409088135; 83.5159085014; 81.4818181125; 80.0909085707; 82.9749995145; 88.7181817835; 80.4295456626; 85.9022731781; 0 
2017-12-19 04:10:04 ; 28.0288889567; 27.8822222816; 27.804444419; 27.6711111705; 27.4911110772; 27.4644443088; 27.4066663106; 27.433333079; 27.2422223409; 87.7844445123; 87.7155554877; 82.9755555895; 81.1555548774; 79.7844443427; 82.5888887193; 88.2577777439; 79.9288889567; 85.4688883464; 0 
2017-12-19 04:15:05 ; 28.039999983; 27.9; 27.813333257; 27.6755555895; 27.5111111535; 27.4866666158; 27.4355553097; 27.4599998474; 27.2599998474; 87.611110772; 87.4333333333; 82.6800003052; 80.8222223918; 79.495556132; 82.2755550808; 88.1288891262; 79.7711112128; 85.3555555556; 0 
2017-12-19 04:20:15 ; 27.9914895727; 27.8404256537; 27.7638298197; 27.6148936089; 27.4595743139; 27.4319146339; 27.3851059447; 27.4148932924; 27.221277034; 87.4191485466; 87.3957444861; 82.3361701154; 80.3765956797; 79.0425531915; 81.8510633428; 87.8914893942; 79.6340426181; 85.2531913595; 0
2017-12-19 04:25:10 ; 27.9272729267; 27.7909091169; 27.7204545194; 27.6022728573; 27.4340906577; 27.4136360342; 27.3840904669; 27.3954541466; 27.2227276889; 88.361363671; 88.1931816448; 83.4409091256; 81.3568179391; 79.9045453505; 82.8340906663; 88.5636362596; 80.5318182165; 85.986363671; 0 
2017-12-19 04:30:20 ; 27.8860467423; 27.77441872; 27.6953489171; 27.5627907154; 27.4186043407; 27.4186043407; 27.3790693061; 27.4279067017; 27.248837227; 89.3976740283; 89.3906979228; 84.9209305519; 82.8534891883; 81.2023251556; 84.020930268; 89.5813951714; 81.2604648679; 86.9209305519; 0 
2017-12-19 04:35:21 ; 27.9181820696; 27.8068183119; 27.7272728573; 27.5977271253; 27.4454543374; 27.4318179217; 27.3931814107; 27.422726978; 27.2477273074; 88.9954546148; 88.9318185286; 84.3772730394; 82.3636361902; 80.8749996532; 83.7772723111; 89.2272725539; 80.8681820956; 86.5272726579; 0 
2017-12-19 04:40:29 ; 27.9311113569; 27.8088890076; 27.7377776676; 27.6066666073; 27.4444442325; 27.4222219255; 27.3777774387; 27.388888465; 27.2400001526; 88.4333333333; 88.313333469; 83.8177778456; 81.6933334351; 80.3444449531; 83.1933332655; 88.8377783881; 80.5800004747; 86.1444447835; 0 
2017-12-19 04:45:28 ; 27.989130808; 27.8521738882; 27.7804346914; 27.6413043893; 27.4717390226; 27.4521737306; 27.3847822936; 27.4043474612; 27.2347828409; 87.7195651842; 87.5891305675; 83.0586955858; 81.2086952873; 79.8456525388; 82.584782476; 88.1282610686; 80.0456528042; 85.3913043478; 0 
2017-12-19 04:50:34 ; 27.9955557081; 27.8466666328; 27.7755554623; 27.631111145; 27.4622220781; 27.4377775404; 27.3866662343; 27.3977773878; 27.2400001526; 87.588889228; 87.3266665988; 82.4955557929; 80.5888887193; 79.368888855; 82.0955551147; 88.0155558268; 79.7155559964; 85.1955554538; 0 
2017-12-19 04:55:43 ; 27.9767444965; 27.8232558494; 27.7534883632; 27.6139534795; 27.4511626044; 27.4325578823; 27.395348438; 27.4093019796; 27.2441861352; 87.2046510563; 87.0767439022; 82.1674421443; 80.0860467955; 78.776744399; 81.5418601812; 87.6790696965; 79.2302324162; 84.7186048641; 0
2017-12-19 05:00:47 ; 27.9065218801; 27.7847826999; 27.7108695403; 27.5847826004; 27.4347823599; 27.4130431465; 27.3739125625; 27.3978256972; 27.2195656818; 88.1086954863; 87.9369561569; 83.2043476934; 81.206521905; 79.7000000995; 82.4847823433; 88.2391307665; 80.2478256226; 85.8891307997; 0
2017-12-19 05:05:48 ; 27.9044446309; 27.7800000932; 27.6977778117; 27.557777871; 27.4155552334; 27.4088885413; 27.3644439697; 27.3933329264; 27.228889211; 89.2355558607; 89.1800001356; 84.5622221205; 82.5866667006; 81.0222222222; 83.8022221883; 89.5200000339; 81.242221917; 86.7533328586; 0 
2017-12-19 05:10:56 ; 27.8844447242; 27.7822223239; 27.6977778117; 27.5799998813; 27.4266663869; 27.4244441562; 27.3799995422; 27.4266663869; 27.2400001526; 89.0177778456; 88.9466669718; 84.3733334012; 82.324444241; 80.7800001356; 83.5422225952; 89.1799999661; 80.8355553521; 86.2599994236; 0 
2017-12-19 05:15:57 ; 27.9311113569; 27.8266668108; 27.7600001017; 27.6066665226; 27.4511109246; 27.4266663869; 27.3822217729; 27.4199996948; 27.2377779643; 88.93777771; 88.8533333672; 84.3199996948; 82.2799997965; 80.931111145; 83.6844443427; 89.3000008477; 80.9999996609; 86.4511106703; 0 
2017-12-19 05:21:04 ; 27.947826427; 27.8282610023; 27.7586956024; 27.6217390558; 27.4717390226; 27.4369562812; 27.3913039332; 27.4130431465; 27.232608961; 88.4760869897; 88.3369565217; 83.7782612676; 81.8239127449; 80.3434789906; 83.1304347826; 88.7978260206; 80.569565151; 85.9282609691; 0 
2017-12-19 05:26:05 ; 27.9844447666; 27.8599999746; 27.7844444275; 27.639999983; 27.4866666158; 27.4577776167; 27.411110772; 27.4377775404; 27.2555555132; 88.2933332655; 88.2; 83.713333469; 81.8133339776; 80.3555558946; 83.2044443766; 88.7555557251; 80.5377778795; 86.0622226291; 0 
2017-12-19 05:31:13 ; 28.0208334525; 27.8916667302; 27.8166667223; 27.6708333095; 27.5104167064; 27.4812499285; 27.4229163726; 27.447916468; 27.2437500954; 88.1770834923; 88.0729165077; 83.4354163806; 81.5145839055; 80.0541664759; 82.8812500636; 88.522916317; 80.1833329201; 85.9937499364; 0 
2017-12-19 05:36:20 ; 28.0333333333; 27.8800000509; 27.8066666497; 27.664444436; 27.4933333079; 27.4711110009; 27.4088885413; 27.4222219255; 27.2266670227; 87.6222225613; 87.4444442749; 82.6355558607; 80.7888888889; 79.4533333672; 82.2355553521; 88.0999998305; 79.7044447157; 85.2222222222; 0 
2017-12-19 05:41:20 ; 28.0045456019; 27.8431819135; 27.7704545368; 27.6204544848; 27.459090753; 27.4295451858; 27.3863632029; 27.3931814107; 27.2227276889; 87.5340914293; 87.4068182165; 82.5477274114; 80.7568175576; 79.3249997226; 82.2090910131; 88.1409091949; 79.9113632549; 85.4409091256; 0
2017-12-19 05:46:24 ; 27.9600001441; 27.8200000339; 27.7444444868; 27.5933333927; 27.4355553097; 27.4222219255; 27.3799995422; 27.411110772; 27.228889211; 88.1333333333; 87.9533335368; 83.2755554199; 81.297776964; 79.9; 82.7444439358; 88.4244445801; 80.4088890923; 85.9266667684; 0
2017-12-19 05:51:31 ; 27.8847826667; 27.7739131347; 27.7065217391; 27.5586957102; 27.4173909892; 27.4086953039; 27.3586951131; 27.3652168771; 27.2108701623; 89.1521735813; 89.0304346499; 84.497826286; 82.4260870892; 80.9239127118; 83.7913037176; 89.4630437105; 81.317391437; 86.8391302358; 0 
2017-12-19 05:56:38 ; 27.9130436856; 27.7913044225; 27.7108695818; 27.5782608364; 27.4347823599; 27.3934778545; 27.3673907985; 27.3847821692; 27.2217395617; 88.9826084635; 88.9695655159; 84.3086960834; 82.3695652174; 80.8521736808; 83.682608563; 89.3521740126; 80.9999996683; 86.6021740126; 0 
2017-12-19 06:01:37 ; 27.9604652316; 27.8279071187; 27.7534885406; 27.6093022546; 27.4511626044; 27.4186043407; 27.3697669451; 27.3999996185; 27.2302328598; 88.8744185692; 88.8441861175; 84.476744186; 82.4395349192; 80.9837211786; 83.8023257588; 89.3720926684; 81.088372164; 86.9465119118; 0 
2017-12-19 06:06:47 ; 27.9957447458; 27.865957666; 27.7808510801; 27.6468084214; 27.4851063262; 27.4531913108; 27.3999996185; 27.44468064; 27.2382980509; 88.6127661847; 88.5510641869; 84.0893616372; 82.0872341724; 80.6872341075; 83.4914898162; 89.0446806563; 80.7723403281; 86.1617027445; 0 
2017-12-19 06:11:48 ; 28.015909325; 27.8886363723; 27.8045452725; 27.6636362943; 27.4954545281; 27.4795453765; 27.4249997139; 27.4431816014; 27.2545453852; 87.9750000347; 87.8295449344; 83.4500002428; 81.568182165; 80.2068178003; 83.0227274461; 88.3818179044; 80.3204543374; 85.6000003815; 13.6505584502
2017-12-19 06:16:53 ; 28.0617020384; 27.9361703345; 27.8489362027; 27.7021276596; 27.55531936; 27.5595746953; 27.4510636431; 27.4425529723; 27.2617019491; 87.7510642194; 87.4957449081; 82.8553194087; 80.9765959395; 79.5723411073; 82.1425532889; 88.2148934222; 79.9978728599; 85.3276594446; 13.6505584502
2017-12-19 06:21:59 ; 28.1355553521; 28.0644443936; 27.9111112383; 27.7333332909; 27.6533332825; 27.773333274; 27.5244445377; 27.4822221544; 27.3111106025; 87.5377773709; 87.0311116536; 82.6000001695; 80.7666664971; 79.2111112807; 81.462221951; 88.0488891602; 79.8799994575; 85.2177776761; 14.579699642
2017-12-19 06:27:05 ; 28.1622220357; 28.0999999152; 27.9155556997; 27.76222229; 27.6933333079; 27.8377777947; 27.5333334605; 27.4599998474; 27.2844439189; 87.4888887193; 86.9355551826; 82.5600001017; 80.633333842; 78.9755549113; 81.1288891262; 87.9333335029; 79.9355553521; 85.4222225613; 16.4304326721
2017-12-19 06:32:06 ; 28.1387754168; 28.0938775588; 27.9040816171; 27.7489796074; 27.6918368048; 27.8367344993; 27.518367417; 27.4367344525; 27.2428572518; 87.7734700417; 87.1714287583; 83.0163264372; 81.0673468454; 79.2448979592; 81.3938776133; 88.1244897648; 80.4571428883; 86.0530615048; 17.3526113791
2017-12-19 06:37:08 ; 28.1148934872; 28.0829787965; 27.9085106545; 27.7531914812; 27.7127660386; 27.8659569355; 27.5425533538; 27.44468064; 27.2574466949; 88.6234039956; 88.1617022575; 83.8680853336; 81.8978717885; 80.0106382979; 82.0851067076; 88.8638300794; 81.0255320123; 86.427660029; 14.579699642
2017-12-19 06:42:15 ; 28.1565216313; 28.1260870229; 27.9434780867; 27.7847826585; 27.7304348324; 27.8804343265; 27.5456523481; 27.4521737306; 27.25; 88.4456516763; 87.9499994361; 83.8847832058; 81.8391307333; 80.0086958512; 82.0521742779; 88.9521738135; 81.0847826419; 86.7195651842; 14.579699642
2017-12-19 06:47:19 ; 28.1413042649; 28.119565093; 27.9347824428; 27.7826087786; 27.7434783604; 27.8913039332; 27.5521741121; 27.4586954946; 27.2695650432; 88.5130431134; 87.9826082976; 83.7673908731; 81.9195654496; 80.0434779292; 82.0239128445; 88.7913047127; 80.9217391636; 86.4847828409; 14.579699642
2017-12-19 06:52:27 ; 28.1829785286; 28.155319011; 27.9680852281; 27.8000000893; 27.7553191084; 27.8978719508; 27.5595746953; 27.4553189785; 27.2574466949; 88.1638297223; 87.6553184022; 83.6893615723; 81.6893620592; 79.8829782364; 81.8723410748; 88.7638296574; 80.9106380381; 86.4106383628; 14.579699642
2017-12-19 06:57:27 ; 28.1893614911; 28.1489360485; 27.9680853093; 27.8170212279; 27.7659573251; 27.9212762954; 27.5765960369; 27.4808509908; 27.2829783419; 88.0702129932; 87.5553187918; 83.5255315253; 81.6212763685; 79.763829495; 81.6042551893; 88.4319152832; 80.7148935846; 86.1957449406; 15.5062178143
2017-12-19 07:02:33 ; 28.1704543287; 28.1318181211; 27.965909221; 27.8068181385; 27.7545454285; 27.9022723545; 27.5613638704; 27.4568180171; 27.2772723111; 87.7568182512; 87.2204541293; 83.1113638444; 81.1477274461; 79.4477275502; 81.4204543721; 88.2318182859; 80.5340916027; 85.865909403; 15.3209934849
2017-12-19 07:07:36 ; 28.199999849; 28.1520832777; 27.9708333413; 27.8145833015; 27.7562499444; 27.9145830075; 27.5645835797; 27.4604165157; 27.2895828883; 86.5624998411; 85.8291664124; 81.2666667302; 79.504166762; 77.8541671435; 79.8770833015; 87.1770833333; 79.1354166667; 84.7375001907; 29.858489746
2017-12-19 07:12:44 ; 26.9847826336; 27.1608695155; 26.9913044805; 26.9000000746; 26.9152174411; 27.1673913624; 26.8478261284; 26.8000001078; 26.6326084966; 89.684782277; 88.6717388319; 84.6760872551; 82.7673912048; 80.434782277; 81.8847821277; 88.1978260538; 80.5130430304; 87.3086955858; 19.6916904759
2017-12-19 07:17:49 ; 28.1000000974; 28.0319150559; 27.8255316552; 27.6914894834; 27.6489363731; 27.8723403444; 27.5319149748; 27.4744681095; 26.8936169807; 90.4276597043; 90.3148935196; 86.6000000974; 84.4702127335; 82.4553191814; 84.1659570248; 90.6957447782; 83.0489360728; 90.3829787234; 19.6916904759
2017-12-19 07:22:59 ; 28.3681819222; 28.3704545281; 28.1863637404; 28.1159093597; 28.0909094377; 28.3659085794; 28.0227273594; 27.9181815061; 27.3590903716; 89.9454543374; 89.4431818182; 85.5499997572; 83.1818180084; 81.0340910825; 82.6636368145; 89.5000001734; 81.9295453158; 89.0022723458; 22.2219984708
2017-12-19 07:28:10 ; 28.2431817922; 28.2659091516; 28.090909221; 28.0590910045; 28.0750002428; 28.3590904149; 28.0068182078; 27.8909086748; 27.4363633936; 89.4863634976; 88.8249995492; 84.6840910478; 82.1886362596; 79.8477268219; 81.3022726232; 88.313636433; 80.5840911865; 87.490908536; 24.1950891427
2017-12-19 07:33:03 ; 27.7133332994; 27.8244445377; 27.6555555556; 27.6266666836; 27.6733334435; 27.9644440969; 27.6688891093; 27.6066668193; 27.1955558353; 91.7933332655; 91.2466662937; 87.6266667684; 85.0288889567; 82.479999627; 83.9888885498; 90.5777777778; 82.7399997287; 89.886666531; 20.6787380536
2017-12-19 07:38:05 ; 28.2170212522; 28.2042554896; 28.0382980184; 27.9638296493; 27.9595743139; 28.2468084376; 27.9297870068; 27.8765953551; 27.47234032; 89.8170211467; 89.3212768879; 85.3042553841; 82.8255319798; 80.5872344971; 82.0936170537; 89.006382719; 81.1872344321; 88.1553192139; 19.6916904759
2017-12-19 07:43:09 ; 28.2369565134; 28.2739130932; 28.1021738882; 28.0478261035; 28.0586958761; 28.3717388485; 28.0608697974; 27.9608694159; 27.6326092015; 89.3369566876; 88.6456519417; 84.5760866248; 81.8913038503; 79.6369567539; 81.0282612676; 87.9978259543; 80.3739128113; 87.1478259874; 22.762151734
2017-12-19 07:48:17 ; 28.1639997864; 28.1919999313; 28.0440001678; 27.9719998932; 28.0080000305; 28.3039998627; 28.0020000076; 27.8739995193; 27.5780002975; 88.9319999695; 88.1379994202; 83.9580003357; 81.346000061; 79.0919999695; 80.4839997864; 87.4160002136; 79.9359999084; 86.6859999084; 22.762151734
2017-12-19 07:53:22 ; 28.1531913027; 28.1765957284; 28.0106383385; 27.9595743139; 28.0; 28.2999998458; 27.9765956554; 27.8574462647; 27.5638300307; 88.8510638298; 88.0617019978; 83.9021283414; 81.368085496; 79.0553194411; 80.4659576416; 87.4000000649; 79.8787234692; 86.4851059609; 21.2296404062
2017-12-19 07:58:22 ; 28.1863635237; 28.1795454459; 28.0318183032; 27.9545452812; 27.9818181125; 28.2749998786; 27.9454543374; 27.8386357481; 27.5477274548; 88.3159094724; 87.361363671; 83.25; 80.6340911172; 78.436363567; 79.7886364677; 86.7431815754; 79.3295452812; 85.9727282091; 25.8157868349
2017-12-19 08:03:29 ; 28.1760868404; 28.1565217557; 28.0; 27.9391302026; 27.973912944; 28.2630434451; 27.9413041239; 27.8282602974; 27.5586958761; 87.9543478593; 87.1152171259; 82.6673915697; 80.1695651179; 77.9782610354; 79.3565217723; 86.5434782609; 79.1065217723; 85.6173911717; 26.8198586469
2017-12-19 08:08:36 ; 28.1276594121; 28.1212764902; 27.9744679877; 27.9212762954; 27.9553189785; 28.265957528; 27.9319146339; 27.8170207815; 27.5595746953; 88.0489363975; 87.2085107032; 82.6659576741; 80.2063829138; 78.0063828813; 79.4021275297; 86.5361699855; 79.2021274972; 85.7617026796; 29.8116799412
2017-12-19 08:13:41 ; 28.0645831823; 28.0812501907; 27.933333079; 27.8791662057; 27.9249997139; 28.2291669051; 27.9124996662; 27.787499547; 27.5416668256; 88.6708334287; 87.8541666667; 83.5770832698; 81.0104169846; 78.722916762; 80.2520834605; 87.2979165713; 79.9250000318; 86.5958333015; 29.8116799412
2017-12-19 08:18:49 ; 28.0404253615; 28.0617021601; 27.9085103299; 27.8510635863; 27.9021272862; 28.2000003165; 27.8744676062; 27.7595744843; 27.5361703507; 89.5021274648; 88.9127663146; 84.5234040605; 81.8127658925; 79.4042553191; 80.8404256942; 87.9808511937; 80.4106383628; 87.0297875912; 21.7612169748
2017-12-19 08:23:50 ; 28.0666662455; 28.0958331029; 27.9395833015; 27.8874999285; 27.9270830552; 28.2312499682; 27.9083329837; 27.7916665475; 27.5500001907; 89.0354162852; 88.3208333651; 84.0499998728; 81.4416662852; 79.070833842; 80.3020833333; 87.3354164759; 79.8312501907; 86.53125; 25.8157868349
2017-12-19 08:29:00 ; 28.2212767094; 28.1787236396; 28.0319150154; 27.9468083077; 27.9829786585; 28.2914888504; 27.9510636431; 27.8106376567; 27.5595746953; 86.2489362676; 85.0489357482; 80.5957450055; 78.2021278219; 76.2127656328; 77.5063830437; 84.408510411; 77.2936172485; 83.8276594446; 25.8157868349
2017-12-19 08:34:01 ; 28.1583332221; 28.1687503656; 28.0083333651; 27.9395831029; 27.9541664918; 28.2541665634; 27.9166663488; 27.7604165077; 27.5187500715; 86.0958329837; 84.7916661898; 80.1041671435; 77.7562505404; 75.7583330472; 77.0750002861; 84.0229164759; 77.1020833651; 83.5791668892; 20.6787380536
2017-12-19 08:39:08 ; 28.2714282055; 28.2367346238; 28.0755104921; 27.9734692865; 27.9959183518; 28.2714282445; 27.9040812668; 27.7653058889; 27.5142857688; 82.3224485748; 80.6408168248; 76.4938776444; 74.4387755102; 72.793878205; 74.0591833932; 80.6836733137; 74.5632646522; 80.8122451159; 22.762151734
2017-12-19 08:44:10 ; 28.2869559578; 28.2391306006; 28.0934786175; 27.986956472; 28.0021739213; 28.2804343182; 27.8956517759; 27.7195656818; 27.4956521573; 81.0608689681; 79.1913042483; 75.2956524725; 73.3782615662; 71.8304352138; 72.9608701623; 79.4739132757; 73.6869566544; 79.9086952209; 25.2912797044
2017-12-19 08:49:15 ; 28.129787648; 28.1212770584; 27.9851063262; 27.8957442831; 27.9085102893; 28.1638304122; 27.795744064; 27.6148940553; 27.4063826216; 81.8829782364; 80.085106383; 76.0723406203; 74.1000000974; 72.4382981645; 73.5851062207; 80.229786812; 74.2978733144; 80.5042547672; 23.2859381949
2017-12-19 08:54:22 ; 28.1326535673; 28.1000003815; 27.9653059901; 27.8877546739; 27.8999996185; 28.1000003815; 27.7387756815; 27.5938779091; 27.3653056086; 80.2897950776; 78.391836361; 74.602040972; 72.7857136629; 71.2367340399; 72.2755094256; 78.8040807296; 73.1551020097; 79.1857140989; 24.7520552974
2017-12-19 08:59:28 ; 28.1166671117; 28.1000003815; 27.9604165157; 27.8749995232; 27.8999996185; 28.1000003815; 27.7083339691; 27.5958336989; 27.3541661104; 79.8187494278; 77.862499555; 74.164583683; 72.3479159673; 70.8854176203; 71.9000008901; 78.3437501589; 72.8041671117; 78.825000445; 23.2859381949
2017-12-19 09:04:31 ; 27.9874999523; 27.9791665872; 27.7812501589; 27.6749999523; 27.6749998728; 27.8604168097; 27.4500002861; 27.264583389; 27.1083331505; 75.5958331426; 71.7562500636; 67.9875005881; 67.4208334287; 67.2645835082; 69.4145837625; 76.0062499046; 70.6687498887; 74.0729163488; 10.5509705147
2017-12-19 09:09:37 ; 27.8999996185; 27.7425531022; 27.5297873477; 27.3127658114; 27.2042553273; 27.0574468247; 26.4893616615; 26.2063829138; 26.2297872178; 74.7191491634; 72.6170214389; 70.0680852038; 70.2744677929; 69.9659571546; 73.782979113; 81.6574474903; 75.829787721; 78.1234043203; 9.49474677667
2017-12-19 09:14:38 ; 27.7333333095; 27.4416664441; 27.220833381; 26.9624998569; 26.7374999126; 26.2625000477; 25.6958333254; 25.4291667144; 25.4833333492; 77.2416664759; 76.1854168574; 72.9645837148; 72.2270817757; 71.8187500636; 76.616666317; 84.9354168574; 78.4041670163; 81.3812503815; 7.34546796904
2017-12-19 09:19:46 ; 27.4795917589; 27.1020411277; 26.8612243107; 26.5673471957; 26.2612245132; 25.6224489796; 25.1102040349; 24.8571428571; 24.9204081321; 78.0571432308; 77.4000001246; 73.9163262503; 73.1428569872; 72.9102043619; 78.5163258144; 86.9591835178; 79.9367348807; 82.9448984886; 8.4267603879
2017-12-19 09:24:50 ; 27.2083334525; 26.7749999762; 26.5166667302; 26.1645834446; 25.8145832618; 25.1145834128; 24.6375002066; 24.4062498808; 24.464583238; 78.7124993006; 78.3145829837; 74.7520836194; 73.8979167938; 73.7583330472; 79.6958328883; 88.1916659673; 80.7583335241; 84.4812501272; 61.6510484027
2017-12-19 09:29:53 ; 26.6687499682; 26.21875; 25.9250000318; 25.5020832618; 25.0791665316; 24.5229164362; 24.1124999523; 23.9125000636; 24.0104166667; 69.5833336512; 68.3229166667; 66.3812502225; 66.5458332698; 67.8729171753; 73.5500000318; 81.316666762; 74.9749997457; 80.7895830472; 11.0027305312
2017-12-19 09:35:01 ; 26.2510639353; 25.753191603; 25.44468064; 25.0085106708; 24.5978727138; 24.05531936; 23.6702129283; 23.4680849846; 23.5680852849; 74.144680916; 74.3638291055; 72.2617023549; 72.7234042553; 74.0234040605; 83.0872335231; 91.0148935521; 83.868084522; 89.4787232419; 10.3730043898
2017-12-19 09:40:02 ; 26.0270834366; 25.514583389; 25.193750302; 24.7729166349; 24.3624994755; 23.7812499603; 23.3749995629; 23.1541670561; 23.2062500318; 80.6395831108; 81.4666666985; 78.0583335559; 77.6750003497; 77.5999999046; 84.3354167938; 91.6625008583; 85.0041666031; 90.5979164441; 10.3730043898
2017-12-19 09:45:11 ; 25.7979164124; 25.3083331188; 24.9583331744; 24.5375001431; 24.1583338181; 23.5375001431; 23.133333842; 22.9208330313; 22.9624998569; 82.6479167938; 83.589583238; 79.8354166349; 79.1875; 78.9208334287; 85.2874999046; 92.1624992688; 85.8979174296; 91.1666668256; 10.0886484946
2017-12-19 09:50:16 ; 25.5739133254; 25.0847829321; 24.7391304762; 24.3304343016; 23.9217388319; 23.3282603803; 22.9369562812; 22.7413043976; 22.771739006; 83.9130428148; 84.8478265845; 80.8021749414; 79.9456530032; 79.4500007629; 85.3717387656; 92.1717388319; 85.8369568535; 91.245652572; 8.58025886935
2017-12-19 09:55:17 ; 25.355101527; 24.8653056086; 24.5285715376; 24.1387760396; 23.7224492832; 23.146939336; 22.7836730723; 22.5591838992; 22.6204086226; 84.4673468142; 85.4693875994; 81.3714275749; 80.5326538086; 80.038775697; 86.2918374198; 92.6510201279; 86.6795923661; 91.7224491664; 9.0436890126
2017-12-19 10:00:22 ; 25.1510644061; 24.6808515914; 24.3319143742; 23.9510636431; 23.5446810215; 22.9787233231; 22.6510644061; 22.44468064; 22.5021276677; 85.3765956797; 86.434042261; 82.2234037683; 81.3063828489; 80.8127650809; 86.8893612801; 92.9297883054; 87.1531912621; 91.9914893292; 9.0436890126
2017-12-19 10:05:31 ; 24.9458331267; 24.485416611; 24.1750005881; 23.77916646; 23.3708328406; 22.8458327452; 22.5354168018; 22.343749404; 22.395832936; 86.164583683; 87.2937496503; 82.9833329519; 81.987499555; 81.3645833333; 87.3000003497; 93.0916654269; 87.4333326022; 92.0854167938; 21.1781640323
2017-12-19 10:10:36 ; 24.6425534512; 24.1978726083; 23.8851059447; 23.4893616615; 23.1000002191; 22.6531920332; 22.3702122709; 22.1829791779; 22.2425533051; 75.446808673; 74.5425535161; 71.6936171511; 71.4446805589; 72.7914896214; 79.6723399061; 87.9553186944; 80.1680853012; 85.8319145365; 10.5509705147
2017-12-19 10:15:37 ; 24.4520831505; 24.0020833413; 23.7020837069; 23.3229160706; 22.9541664918; 22.5437501669; 22.2375001907; 22.0437501669; 22.104167064; 80.0229164759; 81.2354164124; 78.004166921; 77.7979168892; 77.777083238; 84.0770831108; 91.4666674932; 84.450000445; 90.4479165077; 12.0582520168
2017-12-19 10:20:46 ; 24.2770829598; 23.8479160865; 23.5500001907; 23.1645839612; 22.8354160786; 22.4687498808; 22.1312505007; 21.9312497377; 21.9916666349; 84.152083238; 85.3000000318; 81.3062496185; 80.5062494278; 79.9604172707; 85.4979157448; 92.1812497775; 85.7416667938; 91.2479168574; 14.9056105447
2017-12-19 10:25:49 ; 24.1312505007; 23.7187504768; 23.4145830075; 23.0416668256; 22.7145837148; 22.3687494993; 22.0500001907; 21.8520827691; 21.9020829598; 85.7708333333; 86.7354156176; 82.4520842234; 81.3812505404; 80.522916317; 85.625; 92.206249396; 85.7791655858; 91.2708330154; 15.3424442919
2017-12-19 10:30:57 ; 23.97234032; 23.5723407015; 23.2999992776; 22.9297869662; 22.6106387199; 22.2829782202; 21.9744679877; 21.7851058473; 21.8191482463; 86.336171414; 87.204254962; 82.7978720158; 81.6510615247; 80.7510632454; 85.9936166317; 92.421277797; 86.1531914244; 91.4553196684; 14.0182650712
2017-12-19 10:35:59 ; 23.8555550045; 23.4755554623; 23.2000007629; 22.8199993134; 22.5200000763; 22.2000007629; 21.8999996185; 21.7066673279; 21.7844439189; 86.7288894653; 87.731111145; 83.2799984402; 82.0066674127; 81.2399993896; 86.6688893636; 92.7955571493; 86.8088897705; 91.8955564711; 15.072815021
2017-12-19 10:41:05 ; 23.7285717555; 23.3653056086; 23.1081636779; 22.7857137408; 22.4653059901; 22.1387760396; 21.8673464327; 21.7000007629; 21.7081639037; 87.3061222933; 88.4775507401; 83.9530611622; 82.6673470322; 81.7836730334; 87.2244891731; 93.0836721926; 87.3877563477; 92.1938756826; 17.2883406496
2017-12-19 10:46:05 ; 23.6574474091; 23.2936163557; 23.0170213415; 22.7000007629; 22.3978719508; 22.1000003815; 21.7999992371; 21.6297877291; 21.7000007629; 87.8255321422; 88.9808520053; 84.2723401658; 82.8702124738; 81.9723398736; 87.1361700829; 92.9680855934; 87.0936175407; 92.0957437069; 16.5800965231
2017-12-19 10:51:12 ; 23.5775513162; 23.2000007629; 22.963265166; 22.6510209843; 22.3306115987; 22.0224490652; 21.7979584519; 21.6000003815; 21.6489801601; 88.1061208297; 89.0714274815; 84.2571418918; 82.7285708992; 81.9122445243; 87.2346943447; 93.0857140677; 87.3122446488; 92.1836744036; 13.5655335189
2017-12-19 10:56:14 ; 23.4787233231; 23.1361707322; 22.8999996185; 22.5978727138; 22.29787161; 22.0; 21.7702124575; 21.6000003815; 21.6106387199; 88.1787231121; 89.2042547997; 84.4191501699; 82.889362741; 82.0; 87.125532759; 92.9595747603; 87.0978729573; 92.1212758815; 13.1046232534
2017-12-19 11:01:22 ; 23.4021735399; 23.0934786175; 22.8413037425; 22.5478262694; 22.2478261201; 22.0; 21.7195656818; 21.6000003815; 21.6086960668; 88.3043508115; 89.1260851984; 84.1413043478; 82.5152169932; 81.6434785594; 86.9369564886; 92.8217380358; 86.8978263192; 92.0086970122; 12.6331407655
2017-12-19 11:06:27 ; 23.3244891264; 23.0; 22.7979584519; 22.5; 22.2000007629; 21.9224486838; 21.7000007629; 21.5265307135; 21.6020412056; 88.1632640605; 88.8795914942; 84.1428572986; 82.6653051571; 81.7387760707; 86.7510203147; 92.7306123072; 86.661223431; 91.8775527331; 12.6331407655
2017-12-19 11:11:35 ; 23.2659572033; 22.9340423016; 22.70212839; 22.4595743139; 22.1382983999; 21.8978719508; 21.678724086; 21.5; 21.5723407015; 88.3744700006; 89.2340409299; 84.3659583558; 82.823405489; 81.9297883054; 86.8914897188; 92.7808506742; 86.7191485141; 91.8978735741; 16.4153020455
2017-12-19 11:16:36 ; 23.1659580799; 22.8893612801; 22.6702134153; 22.3999996185; 22.0978727138; 21.8425525909; 21.6042557169; 21.5; 21.5; 88.5638288133; 89.4127672885; 84.5446801693; 82.8042560334; 81.9851064479; 87.3319140495; 93.0787239886; 87.402127692; 92.2127667691; 15.5258965496
2017-12-19 11:21:41 ; 23.1060004044; 22.7999992371; 22.6000003815; 22.3879995728; 22.0880003357; 21.7999992371; 21.6000003815; 21.5; 21.5; 88.31599823; 88.7440003967; 83.4679995728; 81.9599998474; 81.4759996033; 87.7059997559; 93.3180006409; 87.823999939; 92.4759997559; 13.8306725197
2017-12-19 11:26:50 ; 23.0500001907; 22.7999992371; 22.6000003815; 22.3937495947; 22.1000003815; 21.8354160388; 21.6020837228; 21.5; 21.5020833413; 87.2687492371; 87.4604164759; 82.6750006676; 80.8124985695; 80.1250009537; 88.2958339055; 93.7999998728; 88.852083842; 93.0645831426; 13.8306725197
2017-12-19 11:31:53 ; 23.0020833413; 22.7999992371; 22.6000003815; 22.3999996185; 22.1020837228; 21.8979162772; 21.6500005722; 21.5; 21.5; 85.956249555; 86.0645833015; 81.2062498728; 79.6687499682; 78.7999998728; 86.4541668892; 92.893749555; 87.2104164759; 92.2875000636; 3.45766812993
2017-12-19 11:36:55 ; 23.006521764; 22.7999992371; 22.6630441002; 22.4456519666; 22.1913050776; 21.9608694159; 21.7000007629; 21.5; 21.526087056; 83.4478265514; 82.8326077669; 78.330435048; 76.5608697974; 75.2847822438; 85.4434777965; 92.6021738467; 86.9086953868; 92.1130432461; 1.94264821908
2017-12-19 11:42:07 ; 23.0021739213; 22.8065210011; 22.7000007629; 22.5; 22.2369567208; 21.9956521573; 21.7000007629; 21.5152174494; 21.5782611681; 86.1652173581; 86.1456519417; 81.456521905; 79.5695648193; 78.0586955858; 87.6239134747; 93.650000199; 88.7434780287; 93.1391307997; 0.812516849305
2017-12-19 11:47:10 ; 23.0046511805; 22.860464584; 22.7000007629; 22.5; 22.2837204157; 22.0; 21.7046518548; 21.5674421177; 21.5953492009; 87.4139528496; 87.5093034256; 82.5372096217; 80.7418608555; 79.2720933071; 88.8395352031; 94.2279070477; 89.8069770281; 93.71395324; 2.52912797044
2017-12-19 11:52:11 ; 23.014583389; 22.8937495947; 22.7020840645; 22.5; 22.2999992371; 22.0; 21.704167366; 21.5895836751; 21.5979170402; 89.3979166349; 89.0770831108; 83.5062502225; 81.2770849864; 79.7145826022; 89.285416921; 94.4125013351; 90.0062499046; 93.8895850182; 2.52912797044
2017-12-19 11:57:20 ; 23.0042553354; 22.8936166155; 22.70212839; 22.5021276677; 22.29787161; 21.9957446646; 21.7000007629; 21.5638300307; 21.5957450461; 90.1510633103; 90.0234037359; 84.2595734292; 81.7191485141; 80.1297873639; 89.538297288; 94.4723408476; 90.0446801693; 93.882980509; 3.0145630042
2017-12-19 12:02:31 ; 23.0; 22.8916662534; 22.704167366; 22.5020833413; 22.2999992371; 21.9937499762; 21.7000007629; 21.5750002861; 21.5979170402; 90.5291662216; 90.4479174614; 84.9104162852; 82.3312505086; 80.6270829837; 89.9437500636; 94.714583238; 90.2479173342; 94.1062483788; 4.04921391781
2017-12-19 12:07:29 ; 23.0; 22.8851059447; 22.7085112714; 22.5021276677; 22.2999992371; 21.9914893292; 21.7000007629; 21.5957450461; 21.6000003815; 90.736169531; 90.617019491; 85.3553203826; 82.748935943; 81.0297867795; 90.0531906777; 94.8063859331; 90.3063859331; 94.195741694; 2.36081026116
2017-12-19 12:12:34 ; 23.0020408241; 22.8857138497; 22.7265309704; 22.5122449447; 22.2999992371; 22.0; 21.7000007629; 21.591837085; 21.5979595574; 90.9510211555; 90.8326549919; 85.7755100484; 83.1285710237; 81.3183687171; 90.1612228082; 94.9918368593; 90.4734697926; 94.391837918; 0.812516849305
2017-12-19 12:17:40 ; 23.0; 22.8734689051; 22.7285717555; 22.5081632964; 22.2999992371; 22.0; 21.7081639037; 21.5959187332; 21.6000003815; 91.1448957482; 91.0163262815; 86.1346922894; 83.4285725185; 81.5571422966; 90.2897983473; 95.1632628149; 90.5999984741; 94.565305126; 2.52912797044
2017-12-19 12:22:45 ; 23.0; 22.8619994736; 22.7120005798; 22.5080000305; 22.2999992371; 22.0; 21.7080006409; 21.6000003815; 21.6000003815; 91.2600003052; 91.1399978638; 86.3940016174; 83.7099983215; 81.8600019836; 90.3440023804; 95.2299987793; 90.6759973145; 94.6219981384; 2.52912797044
2017-12-19 12:27:47 ; 23.0; 22.8425525909; 22.7106388985; 22.5170213415; 22.2999992371; 22.0; 21.7127665256; 21.6000003815; 21.6000003815; 91.4234054241; 91.2744690915; 86.6425511786; 83.8936186446; 81.9978723729; 90.4765961018; 95.3255345771; 90.7446805264; 94.6999969482; 1.21877527396
2017-12-19 12:32:51 ; 23.0; 22.814582626; 22.7208337784; 22.5270834366; 22.2999992371; 22.0; 21.7624998093; 21.6000003815; 21.6020837228; 91.545832634; 91.3708353043; 86.8229179382; 84.0604157448; 82.1479145686; 90.5666656494; 95.4437508583; 90.8229193687; 94.783334891; 1.94264821908
2017-12-19 12:37:57 ; 23.0; 22.8083326022; 22.7187504768; 22.5208334128; 22.2999992371; 22.0; 21.795832634; 21.6000003815; 21.6145837704; 91.745833079; 91.5791654587; 87.1937499046; 84.2854159673; 82.3645852407; 90.6562476158; 95.5999984741; 90.9520840645; 94.9229178429; 1.21877527396
2017-12-19 12:43:00 ; 23.0; 22.8124992847; 22.7187504768; 22.5395834843; 22.2999992371; 22.0; 21.7979159355; 21.6000003815; 21.6625006199; 91.931251049; 91.7562503815; 87.5562494596; 84.6124997139; 82.6541659037; 90.7062473297; 95.6979136467; 91.0; 95.022916317; 2.52912797044
2017-12-19 12:48:05 ; 23.0; 22.8039992523; 22.7060006714; 22.538000145; 22.2999992371; 22.0; 21.7999992371; 21.6400005341; 21.6860007095; 92.057999115; 91.9520007324; 87.9460003662; 85.0439997864; 83.0159997559; 90.8240023804; 95.7900013733; 91.1259980774; 95.1519976807; 1.5072815021
2017-12-19 12:53:12 ; 23.0; 22.8061217094; 22.7244901852; 22.5755104921; 22.2999992371; 22.0040816482; 21.7999992371; 21.665306753; 21.7000007629; 92.1816298816; 92.0306117778; 88.1877537941; 85.3897969771; 83.3653070878; 90.8755121036; 95.8183701184; 91.1653036001; 95.1979561631; 2.52912797044
2017-12-19 12:58:20 ; 23.0; 22.8061217094; 22.7265309704; 22.5857146127; 22.2999992371; 22.0224490652; 21.7999992371; 21.665306753; 21.7000007629; 92.1999969482; 92.0469380593; 88.263265493; 85.5; 83.565305126; 90.9102054518; 95.8061254073; 91.120406326; 95.1102024001; 2.52912797044
2017-12-19 13:03:26 ; 23.0; 22.8062492609; 22.7187504768; 22.5895836751; 22.2999992371; 22.0208334128; 21.7999992371; 21.6833340327; 21.7000007629; 92.2083307902; 92.1041650772; 88.3395857811; 85.6062483788; 83.7270822525; 90.9250011444; 95.8166694641; 91.1249980927; 95.1124982834; 1.21877527396
2017-12-19 13:08:28 ; 23.0; 22.8065210011; 22.7173918019; 22.5934786175; 22.3043470797; 22.0413045054; 21.8065210011; 21.6956529203; 21.7021746428; 92.3369588437; 92.1869554934; 88.5434775974; 85.7739128445; 83.8695672077; 91.0326081981; 95.8913060064; 91.2391301031; 95.2173899775; 1.21877527396
2017-12-19 13:13:33 ; 23.0; 22.8059992599; 22.7180004883; 22.5980003738; 22.3079992676; 22.1000003815; 21.8799995422; 21.7000007629; 21.7280003357; 92.152000885; 92.2060011292; 88.6980010986; 86.0319995117; 84.0019999695; 91.1679974365; 96.0999984741; 91.388001709; 95.4120013428; 2.36081026116
2017-12-19 13:18:39 ; 23.0; 22.8166659673; 22.7395834923; 22.6000003815; 22.3458327452; 22.1000003815; 21.8999996185; 21.7354168892; 21.7895827293; 91.8958334923; 92.0020833015; 88.3312490781; 85.5187498728; 83.4749999046; 91.1604148547; 96.1645811399; 91.5208330154; 95.6249980927; 1.21877527396
2017-12-19 13:23:43 ; 23.0; 22.8326524228; 22.7734690296; 22.6000003815; 22.3979587944; 22.1061228538; 21.8999996185; 21.7204086148; 21.7999992371; 91.0081632964; 91.1224489796; 86.9306122138; 84.6571427949; 82.9163267175; 91.0285709926; 96.0571419852; 91.434694874; 95.5183670667; 1.94264821908
2017-12-19 13:28:54 ; 23.0; 22.8520827691; 22.7999992371; 22.604167064; 22.3999996185; 22.1270838181; 21.9104163249; 21.7874994278; 21.7999992371; 91.066666921; 91.1229166985; 86.8458334605; 84.3874999682; 82.7062503497; 91.072915554; 96.0583324432; 91.4854168892; 95.522916317; 1.5072815021
2017-12-19 13:33:57 ; 23.0; 22.8999996185; 22.7999992371; 22.6212770584; 22.3999996185; 22.1957454276; 21.9893616615; 21.8021269048; 21.8106375755; 91.9382978399; 91.9276601913; 88.1468088678; 85.2425537109; 83.355319084; 91.1999982469; 96.2255309085; 91.5468077964; 95.6063813554; 1.5072815021
2017-12-19 13:38:56 ; 23.0; 22.8999996185; 22.7999992371; 22.6500005722; 22.3999996185; 22.2000007629; 21.9956521573; 21.8130427651; 21.8521733491; 92.2195648525; 92.4021742448; 89.2847832389; 86.4586959507; 84.4499996019; 91.310871456; 96.2826101884; 91.5913029546; 95.6586932307; 0.812516849305
2017-12-19 13:43:59 ; 23.0; 22.8999996185; 22.7999992371; 22.6812506914; 22.4020829598; 22.2000007629; 21.9958333174; 21.8354160388; 21.8999996185; 92.714583238; 92.7750002543; 89.7687498728; 86.8458333015; 84.7312498093; 91.3979182243; 96.3333358765; 91.6291646957; 95.7062473297; 0.812516849305
2017-12-19 13:49:08 ; 23.0; 22.8999996185; 22.8020825783; 22.7000007629; 22.4270830552; 22.2000007629; 22.0; 21.8895829121; 21.8999996185; 92.4458333651; 92.7791666985; 90.0229153633; 87.5312490463; 85.5458323161; 91.4250011444; 96.3729186058; 91.6854138374; 95.7229150136; 3.0145630042
2017-12-19 13:54:13 ; 23.0021276677; 22.8999996185; 22.7999992371; 22.6957454276; 22.47234032; 22.2000007629; 22.0; 21.8999996185; 21.8999996185; 92.4914901409; 92.776596394; 89.9723392243; 87.4702127335; 85.6234030216; 91.5; 96.4468093223; 91.7212748426; 95.8000030518; 0.812516849305
2017-12-19 13:59:16 ; 23.0148936738; 22.8999996185; 22.7999992371; 22.7000007629; 22.4872339939; 22.2000007629; 22.0340426831; 21.8999996185; 21.9063826216; 92.0914892643; 92.4978715613; 89.7680852362; 87.3319156728; 85.5723402957; 91.5872327115; 96.5489354235; 91.7978752623; 95.8510661024; 2.52912797044
2017-12-19 14:04:24 ; 23.0740002823; 22.8999996185; 22.8059992599; 22.7000007629; 22.4979999924; 22.25; 22.0680002594; 21.9019996262; 21.9339997482; 92.6879998779; 92.9619996643; 90.1979989624; 87.7859999084; 85.8900004578; 91.6479977417; 96.5859986877; 91.8020030212; 95.8900016785; 3.0145630042
2017-12-19 14:09:26 ; 23.0739133254; 22.8999996185; 22.8195645291; 22.7000007629; 22.5; 22.2999992371; 22.0913046961; 21.9130431465; 21.9913043147; 92.7369560573; 92.9695641891; 90.2130438763; 87.7956526383; 85.9434791233; 91.7065190854; 96.6217372728; 91.8760888473; 95.965217922; 2.52912797044
2017-12-19 14:14:29 ; 23.0770836274; 22.8999996185; 22.8624994755; 22.7000007629; 22.5; 22.2999992371; 22.0937503576; 21.9541664918; 22.0; 92.5895833969; 92.762500445; 90.0229166349; 87.4583338102; 85.6583333015; 91.7645842234; 96.6937473615; 91.9145846367; 96.0187497139; 2.52912797044
2017-12-19 14:19:33 ; 23.0770836274; 22.9062496424; 22.895832936; 22.7000007629; 22.5; 22.2999992371; 22.1000003815; 22.0; 22.0; 92.5416666667; 92.6687502861; 89.8749995232; 86.9645838737; 85.0937495232; 91.8229193687; 96.7895857493; 92.0; 96.0999984741; 0.406258424652
2017-12-19 14:24:50 ; 23.0897962609; 22.9061220909; 22.8979587944; 22.7244901852; 22.5; 22.2999992371; 22.1040820297; 22.0; 22.0; 92.7061221064; 92.9183673469; 90.1897956692; 87.655101854; 85.6714279798; 91.8714305333; 96.7816345838; 91.9897960741; 96.087753763; 1.5072815021
2017-12-19 14:29:52 ; 23.1000003815; 22.926530332; 22.8999996185; 22.7632651037; 22.5040816482; 22.2999992371; 22.1204086226; 22.0; 22.0081632964; 92.9632650881; 93.2673469076; 90.5061223556; 88.3571427014; 86.3183677829; 91.8142885481; 96.7102016527; 91.9000015259; 96.0; 2.52912797044
2017-12-19 14:34:56 ; 23.1000003815; 22.9399997711; 22.8999996185; 22.7866661072; 22.5266667684; 22.2999992371; 22.1577783797; 22.0; 22.0133333842; 92.8755560981; 93.1977778117; 90.4688893636; 88.4400002374; 86.5155553182; 91.8266693115; 96.7155534532; 91.9000015259; 96.0; 2.52912797044
2017-12-19 14:39:59 ; 23.1000003815; 22.9562498331; 22.8999996185; 22.7791662216; 22.5250000954; 22.3083326022; 22.1812506914; 22.0; 22.0770836274; 92.9375003179; 93.1937510173; 90.4416664441; 88.3270834287; 86.4500007629; 91.8979182243; 96.7708346049; 91.9291677475; 96.022916317; 2.52912797044
2017-12-19 14:45:04 ; 23.1000003815; 22.9978723323; 22.8999996185; 22.7936163557; 22.5489363569; 22.3468079263; 22.1595750768; 22.0; 22.1000003815; 92.7553197982; 93.144681403; 90.4382986515; 88.4170209195; 86.5553183048; 91.9063844072; 96.7680862102; 91.9127672885; 96.0106381355; 1.5072815021
2017-12-19 14:50:08 ; 23.1000003815; 23.0; 22.8999996185; 22.7936163557; 22.5744683692; 22.3914889478; 22.1702134153; 22.0489363569; 22.1000003815; 93.0808516157; 93.3319148612; 90.5468077964; 88.5425523799; 86.6297857406; 91.9702132205; 96.8000030518; 91.9957447458; 96.097870847; 1.5072815021
2017-12-19 14:55:13 ; 23.1000003815; 23.0; 22.8999996185; 22.79787161; 22.5638300307; 22.3978719508; 22.172341083; 22.0914897107; 22.1021280492; 93.1553195385; 93.4297876561; 90.617019491; 88.6638297223; 86.7297881106; 91.9574472955; 96.7489370792; 91.9765959395; 96.0319144066; 11.3888755897
2017-12-19 15:00:18 ; 23.1000003815; 23.0; 22.9063826216; 22.7978716505; 22.6148940553; 22.4787233231; 22.2680849522; 22.1255323938; 22.1297877291; 91.0872338478; 90.9468091599; 86.1063831411; 83.30212727; 81.0936173784; 87.2595742408; 94.4617025497; 90.1276600615; 94.0234042229; 1.5072815021
2017-12-19 15:05:23 ; 23.1085110522; 23.0; 22.9957446646; 22.8936166155; 22.7659572033; 22.6680857476; 22.4085102893; 22.2042560172; 22.2425533051; 91.2851065778; 91.4872342373; 87.6340422935; 85.012765438; 82.94042498; 88.6553197008; 95.0936175407; 90.6148939741; 94.6340429428; 16.2646141679
2017-12-19 15:10:29 ; 23.5222222222; 23.3400000678; 23.2600000593; 23.1822221968; 23.0755553352; 23.0755555047; 22.8888888889; 22.7599998474; 22.7644443512; 88.5844433255; 88.4711103651; 83.6444447835; 81.2866667006; 79.4955551147; 83.7911107381; 90.9488883124; 83.9555558946; 90.2777782864; 16.2646141679
2017-12-19 15:15:39 ; 25.6183673703; 25.2081632809; 24.9938775666; 24.8857142779; 24.7551020797; 24.9285713896; 24.775510243; 24.8040815859; 24.6326530612; 86.1183672535; 86.4653058733; 81.9469383395; 79.8224488862; 78.220407447; 81.5224491042; 89.3102040194; 81.0673468454; 88.5244898893; 16.2646141679
2017-12-19 15:20:43 ; 27.2829787478; 26.8999999432; 26.653191465; 26.5319148936; 26.4382977993; 26.7063830761; 26.5553191165; 26.5851063424; 26.3212766039; 81.7617020303; 81.4914894916; 77.7319147638; 75.8702131231; 74.5489359105; 76.9297873314; 83.9063826216; 76.5404254021; 83.5638301119; 16.2646141679
2017-12-19 15:25:44 ; 27.9729164839; 27.7104170322; 27.4604165951; 27.2895832459; 27.1979170243; 27.5166666905; 27.3791664441; 27.385416468; 27.1312502225; 85.2958331108; 84.9666666985; 80.9479169846; 79.1958335241; 77.808333238; 79.9895834923; 86.9833332698; 78.9520832698; 85.9041665395; 16.2646141679
2017-12-19 15:30:51 ; 28.7183672068; 28.4673471645; 28.2163263048; 28.0489798176; 27.9224491119; 28.2428569794; 28.026530947; 28.0408166379; 27.7224488161; 83.4122448357; 82.9367350364; 79.195918959; 77.5693884091; 76.3959179314; 78.4326533103; 85.2857149085; 77.5571429194; 84.5265305188; 16.2646141679
2017-12-19 15:35:54 ; 28.927083532; 28.75; 28.4791667461; 28.295833389; 28.1958332856; 28.5062498252; 28.3104167779; 28.3229167461; 28.0187500715; 84.6187504133; 83.9729166031; 79.9166665077; 78.1979166667; 76.8708335559; 79.0104165077; 86.1791664759; 78.5833331744; 85.8020833333; 16.2646141679
2017-12-19 15:40:58 ; 29.0854166746; 28.9812499285; 28.7208334208; 28.552083532; 28.4645831982; 28.7666667302; 28.5416668256; 28.5062500238; 28.2020840645; 86.4895836512; 85.8104166985; 81.6000002225; 79.8854163488; 78.5458332698; 80.5291665395; 87.8687497775; 79.9812494914; 87.1791669528; 16.2646141679
2017-12-19 15:46:03 ; 29.1847823599; 29.1108699882; 28.8695650101; 28.6978261367; 28.6173917522; 28.9152171923; 28.6630440173; 28.5717394041; 28.2956514773; 84.7869561237; 83.9108691008; 79.915217524; 78.2913042151; 76.9673913043; 78.7869562895; 85.8804351143; 78.5565215401; 85.4239133752; 16.2646141679
2017-12-19 15:51:08 ; 29.1590910825; 29.0431819829; 28.8136361729; 28.6454549269; 28.5750002861; 28.870454268; 28.6045458534; 28.5113636797; 28.25; 83.6568180431; 82.4727269953; 78.5045459054; 76.8522734209; 75.4909095764; 77.4113634283; 84.638636329; 77.6545455239; 84.5386364677; 16.2646141679
2017-12-19 15:56:12 ; 28.5416666269; 28.6687501272; 28.4416665634; 28.2666665713; 28.1979168653; 28.454166611; 28.12708354; 27.9604167938; 27.8437497616; 76.4520827929; 74.3104168574; 71.6291664441; 70.7354164124; 70.4375000795; 72.9395834605; 81.1958333651; 76.3833333651; 83.9729166031; 26.8198586469
2017-12-19 16:01:17 ; 26.3837209302; 26.8511627552; 26.630232567; 26.3627906622; 26.3000000355; 26.5046511362; 25.7767442215; 25.3790698384; 25.4418605538; 75.588372164; 71.3116281199; 68.7441855142; 68.5744188885; 68.4348838274; 71.7302331259; 83.6534886915; 82.2116282263; 90.7395349547; 24.7848296325
2017-12-19 16:06:24 ; 26.2826083639; 26.3956523978; 26.1847824428; 25.9043480832; 25.8021739877; 25.9478263855; 25.1521735813; 24.6717391221; 24.5347826585; 82.2369570525; 79.7195650184; 76.0565218718; 75.0108693994; 74.0369566213; 76.8217386992; 87.4282609691; 82.7391299372; 90.0739130766; 28.8346561637
2017-12-19 16:11:29 ; 28.3893618076; 28.1234042391; 27.8851064723; 27.7063829544; 27.5999999351; 27.7234042959; 27.2659574874; 27.1255319879; 26.8404255319; 87.1489361702; 87.0212765957; 82.6936168265; 80.8255314928; 79.348935878; 82.13829771; 90.5042550919; 83.8127658925; 90.7063827515; 22.762151734
2017-12-19 16:16:34 ; 29.438297637; 29.2680847087; 29.0234043446; 28.8872338153; 28.8255316146; 29.0127660467; 28.6361702046; 28.5425533944; 28.3468084944; 84.6319153157; 84.1234036709; 79.9063832709; 78.0531910024; 76.1957446159; 77.5085103461; 85.3191489362; 77.8191489362; 80.3723404255; 24.7520552974
2017-12-19 16:21:39 ; 29.4260866746; 29.3434776638; 28.9369562812; 28.636956671; 28.5282609359; 28.4956522403; 27.8108696316; 27.5847826833; 27.4739130684; 82.5630433456; 81.8173912712; 78.3760871887; 75.076086459; 72.8543465656; 75.4565214074; 84.5086951878; 77.6652170264; 75.0195655823; 20.1034809375
2017-12-19 16:27:36 ; 29.255101963; 29.0836737886; 28.5775512773; 28.1326531001; 27.9040816171; 27.6591836579; 26.8367347717; 26.5326529912; 26.4346939398; 79.3836729089; 78.0632643408; 75.2795909959; 74.0775510827; 73.5122443997; 77.3551016049; 87.6081633276; 80.653062003; 77.7714286337; 18.1463168571
2017-12-19 16:32:52 ; 28.9659573169; 28.7489361459; 28.1914894834; 27.6617022169; 27.3170212279; 27.0510638623; 26.2531914407; 25.9148935359; 25.8361701154; 79.0276591524; 77.7957434147; 75.6063831411; 75.323404515; 75.0765957122; 79.2808511612; 89.763829495; 82.7659572845; 81.342553646; 20.1034809375
2017-12-19 16:38:00 ; 28.6543480832; 28.3978258216; 27.8130434285; 27.2326087122; 26.8369564803; 26.5630435529; 25.8326085961; 25.4826086293; 25.4347824014; 79.6391307997; 78.5891304016; 76.5956515437; 76.5934784931; 76.5282609359; 80.7804341524; 90.6673920673; 84.1739130435; 84.5347825755; 16.5904232145
2017-12-19 16:43:03 ; 28.3270831903; 28.0708336035; 27.4499998093; 26.8374999364; 26.3958331347; 26.1833334366; 25.4729165634; 25.1541668971; 25.104167064; 80.5416666667; 79.6874996821; 77.679166158; 77.8187500636; 77.8874998093; 81.9979171753; 91.2875003815; 85.1958324114; 86.5374992688; 16.5904232145
2017-12-19 16:48:11 ; 27.9979166587; 27.7291667064; 27.1000002225; 26.4874999523; 26.0166667302; 25.868749698; 25.2125001351; 24.8749995629; 24.8499995867; 81.6666663488; 80.9854170481; 78.8687496185; 79.0895835559; 79.1999994914; 83.1166674296; 91.8125006358; 86.2062497139; 88.8458333015; 16.5904232145
2017-12-19 16:53:15 ; 27.6708334684; 27.4229163726; 26.7833331823; 26.1666669051; 25.7020835082; 25.6104170879; 24.9812499285; 24.6375004848; 24.618750453; 82.7416667938; 82.206249555; 79.977083842; 80.1708340645; 80.1666669846; 83.9312493006; 92.2437497775; 86.9124994278; 89.7083328565; 15.9822759261
2017-12-19 16:58:17 ; 27.3808507311; 27.1234046449; 26.5021276677; 25.8787229416; 25.4042549539; 25.382978277; 24.7510639353; 24.438297637; 24.4297869662; 83.7361708296; 83.3148935196; 80.9723405229; 81.1063829787; 81.0468084457; 84.6851066427; 92.6148931625; 87.4765961018; 90.3468084132; 15.0188836076
2017-12-19 17:03:25 ; 27.0937503576; 26.8499996662; 26.2270833651; 25.6166671117; 25.1645837625; 25.1604172389; 24.5916670163; 24.2541667223; 24.2395834923; 84.6770834923; 84.4125002225; 81.9375001589; 82.0437499682; 81.9145833651; 85.4458332062; 92.9437508583; 88.1208333969; 91.1645835241; 15.3209934849
2017-12-19 17:08:34 ; 26.8249996503; 26.6020837228; 25.9874999523; 25.3833328883; 24.9395831029; 24.9729165634; 24.4270830552; 24.1062504053; 24.0937503576; 85.6229165395; 85.4520831108; 82.8520830472; 82.9145827293; 82.6395831108; 86.089583079; 93.2416664759; 88.6395832698; 91.3395835559; 14.3737807906
2017-12-19 17:13:35 ; 26.5895836751; 26.3833328883; 25.762499849; 25.166667064; 24.7458334764; 24.8395827214; 24.2749997775; 23.9624998569; 23.9604165157; 86.5020833015; 86.3833330472; 83.6750005086; 83.6875003179; 83.2020823161; 86.589583079; 93.4958333969; 89.0895829201; 91.7124997775; 12.4666014449
2017-12-19 17:18:40 ; 26.3872336124; 26.1659580393; 25.5702130338; 24.9829786585; 24.5851067076; 24.7000004789; 24.1553197414; 23.8617016001; 23.8361695878; 87.2702123764; 87.2148940715; 84.4276588927; 84.3042553841; 83.7042551244; 86.9702132205; 93.7106367071; 89.461702712; 92.0382979373; 12.7184077963
2017-12-19 17:23:50 ; 26.1916671594; 25.9562498331; 25.3854162296; 24.8187495867; 24.4312497377; 24.5708336035; 24.0229167541; 23.7312502861; 23.7375001907; 88.0333334605; 88.0124996503; 85.1479171117; 84.9354176521; 84.0916660627; 87.3125017484; 93.881251812; 89.7416669528; 92.2166665395; 11.7827752892
2017-12-19 17:28:47 ; 26.0155556149; 25.7933329688; 25.228889211; 24.6466672262; 24.3066660139; 24.4577776167; 23.9266663869; 23.6466672262; 23.655556149; 88.6244447496; 88.6177783542; 85.6777781169; 85.3466678196; 84.4133346558; 87.6022206624; 93.9755559285; 89.922223409; 92.0666670058; 12.7184077963
2017-12-19 17:33:56 ; 25.8346932859; 25.6510209843; 25.0755104921; 24.5204082411; 24.1897966035; 24.3612239604; 23.8448973675; 23.5714288439; 23.5857146127; 89.144897928; 89.1734690764; 86.1673468765; 85.7755100484; 84.763265493; 87.9408167625; 94.1387733927; 90.0632643408; 92.6040819129; 11.7827752892
2017-12-19 17:39:01 ; 25.6829791779; 25.5063830031; 24.9489359754; 24.3765952739; 24.0914897107; 24.2446809322; 23.7723400846; 23.4638296493; 23.4872339939; 88.7680844246; 88.6872331335; 85.8808507716; 85.4510627909; 84.3340421636; 87.380849473; 93.8255337654; 89.3553176231; 91.8702127984; 11.7827752892
2017-12-19 17:44:02 ; 25.5297873477; 25.3638292678; 24.7936163963; 24.2638295762; 23.9680849846; 24.1744687506; 23.7000007629; 23.3999996185; 23.3999996185; 87.6063823294; 87.5234035735; 84.9659573169; 85.5829787559; 84.5234037359; 87.6127661847; 93.9489356508; 89.7829784637; 92.1340421311; 11.7827752892
2017-12-19 17:49:07 ; 25.4127656247; 25.240425678; 24.6851069674; 24.1638304122; 23.8808506093; 24.0978727138; 23.617021723; 23.3297865847; 23.3574462647; 89.5382979373; 89.6085107682; 86.657446354; 86.5638289756; 85.2617025172; 88.2936170862; 94.3297888573; 90.1680825416; 92.6425531266; 11.7827752892
2017-12-19 17:54:13 ; 25.2687497139; 25.1500005722; 24.5937503576; 24.0708336035; 23.7999992371; 24.0020833413; 23.5229167541; 23.2979159355; 23.2979159355; 90.1708321571; 90.2312501272; 87.3479170799; 86.9291677475; 85.5270829201; 88.5145831108; 94.3979182243; 90.2520834605; 92.4312500954; 11.7827752892
2017-12-19 17:59:16 ; 25.172341083; 25.0319150154; 24.4957446646; 23.9744679877; 23.7106388985; 23.9680849846; 23.4893616615; 23.20212839; 23.2340427967; 90.4170225428; 90.4574474578; 87.6936171511; 87.097870847; 85.5489354235; 88.5361696609; 94.4276606783; 90.2361698556; 92.6510637973; 10.8430761119
2017-12-19 18:04:23 ; 25.0583335559; 24.9354164203; 24.4020829598; 23.8999996185; 23.6583339373; 23.8999996185; 23.4041663011; 23.170833985; 23.1583339373; 90.5; 90.5020833015; 87.7645837466; 87.0; 85.4000015259; 88.3375021617; 94.3020861944; 90.164580822; 92.356250445; 10.8430761119
2017-12-19 18:09:32 ; 24.9391302026; 24.8326080571; 24.2999992371; 23.8130427651; 23.5978264601; 23.8391298211; 23.3804343265; 23.0934786175; 23.1000003815; 90.5586947565; 90.5652163962; 87.8760888473; 87.1152156332; 85.4608701623; 88.3217406895; 94.2869587774; 90.1434760716; 92.2999999005; 10.8430761119
2017-12-19 18:14:32 ; 24.8583327929; 24.7562499046; 24.2166671753; 23.7312502861; 23.514583389; 23.7416667938; 23.2999992371; 23.0020833413; 23.0437501669; 90.6437478065; 90.6291646957; 87.9791669846; 87.1374979019; 85.4791669846; 88.3354187012; 94.2895855904; 90.1291646957; 92.2666668892; 11.8831033273
2017-12-19 18:19:38 ; 24.7522726926; 24.6750006676; 24.1545460441; 23.6840916113; 23.4659089609; 23.697728027; 23.2522726926; 22.9818181125; 23.0; 90.6999969482; 90.6909061779; 88.0136361556; 87.1999988556; 85.4818184593; 88.2909100272; 94.2818196037; 90.1227254001; 92.3545461134; 11.8831033273
2017-12-19 18:24:47 ; 24.4208340247; 24.5791669687; 24.0750002861; 23.5958336989; 23.3999996185; 23.6062504053; 23.1770840089; 22.8999996185; 22.947916468; 90.4937507312; 90.7145811717; 88.1374979019; 87.2541670799; 85.522916317; 88.3062518438; 94.2583340009; 90.095831871; 92.2729167938; 11.8831033273
2017-12-19 18:29:53 ; 24.5979170402; 24.4979166587; 23.9937499762; 23.5166667302; 23.3374993801; 23.6000003815; 23.1166671117; 22.895832936; 22.8999996185; 90.8000030518; 90.7104142507; 88.1541643143; 87.2041638692; 85.4354176521; 88.2249986331; 94.1812473933; 90.0854153633; 92.1562496821; 11.8831033273
2017-12-19 18:34:57 ; 24.5; 24.4326528043; 23.9163262114; 23.4653059901; 23.2979584519; 23.5061224723; 23.0959187332; 22.8040808853; 22.8142850058; 90.8000030518; 90.7673479975; 88.1510181038; 87.1857116076; 85.4000015259; 88.1734667408; 94.1571404593; 90.0061223556; 92.0163269043; 11.8831033273
2017-12-19 18:40:00 ; 24.4425529723; 24.3872336124; 23.8765952739; 23.3978719508; 23.2085112714; 23.4851063262; 23.0127660061; 22.7723400846; 22.8021269048; 90.8319174584; 90.804258306; 88.3000015908; 87.4382986515; 85.5808498301; 88.4063842449; 94.242552737; 90.1021261012; 92.3042552218; 11.8831033273
2017-12-19 18:45:09 ; 24.3591831363; 24.2979584519; 23.7999992371; 23.3469381916; 23.1938782906; 23.4142853873; 23.0; 22.7000007629; 22.7959176667; 90.9734697926; 90.9428580148; 88.6938773953; 88.0040815704; 86.1489799655; 88.9102034277; 94.5897959495; 90.3530615982; 92.7387756036; 11.8831033273
2017-12-19 18:50:16 ; 24.2999992371; 24.2173918019; 23.7543477597; 23.2999992371; 23.1304352802; 23.3999996185; 22.9717390226; 22.7000007629; 22.715217922; 91.1999997678; 91.1847812818; 89.2717401256; 88.602172354; 86.6499977112; 89.4173925649; 94.8717410875; 90.5913029546; 92.8130436773; 11.8831033273
2017-12-19 18:55:15 ; 24.2653058889; 24.2000007629; 23.7000007629; 23.2591835333; 23.1000003815; 23.3816322015; 22.9346936284; 22.6959191147; 22.7000007629; 91.3877568148; 91.3979607407; 89.5959172152; 88.8224505989; 86.8346954657; 89.6448957482; 94.9204093777; 90.6836706668; 93.1000004982; 11.8831033273
2017-12-19 19:00:24 ; 24.2020415481; 24.1346943914; 23.6408168637; 23.2040823333; 23.1000003815; 23.334693247; 22.9020404426; 22.6387760396; 22.7000007629; 91.5306117778; 91.5367341334; 89.9163276517; 88.9142870222; 86.8897975999; 89.6510181038; 94.967347437; 90.6999969482; 93.3285713974; 11.8831033273
2017-12-19 19:05:28 ; 24.1387760396; 24.1000003815; 23.6000003815; 23.1979599388; 23.0877554368; 23.3142850058; 22.8999996185; 22.6000003815; 22.6877558183; 91.6061208297; 91.6163247556; 90.0183670667; 89.0346933482; 86.9265317333; 89.6755079931; 95.0102039259; 90.7020378891; 93.5163261258; 10.8430761119
2017-12-19 19:10:30 ; 24.1000003815; 24.0804350894; 23.5826090108; 23.1565223362; 23.03260882; 23.2999992371; 22.8826082478; 22.6000003815; 22.6130439095; 91.0282587798; 90.7956501505; 88.5978250918; 87.4478245611; 85.2086962824; 87.9021720886; 93.9847825092; 89.2043460348; 92.7152175903; 15.5062178143
2017-12-19 19:15:34 ; 24.022222307; 23.9666665395; 23.5022222307; 23.1266670227; 23.0355556912; 23.3222215441; 22.8755550808; 22.6377780914; 22.6488891602; 85.7888890584; 85.0044447157; 82.1488881429; 81.4222223918; 79.6599999322; 82.1733328925; 90.8555555556; 84.0222218831; 90.1977781508; 0 
2017-12-19 19:20:38 ; 25.0239130932; 24.7065217391; 24.465217383; 24.2717391719; 24.1565216728; 24.354347851; 24.1543478758; 24.0913043644; 24.1304347826; 84.8652171259; 84.710869333; 80.8043479919; 79.2347828409; 77.5760877858; 80.2608687359; 87.7282605379; 80.6434787253; 86.5891305675; 0
2017-12-19 19:25:44 ; 25.9325581484; 25.6813953311; 25.5511625423; 25.4372095064; 25.2860467157; 25.3604654711; 25.3720932894; 25.4813954997; 25.597674392; 85.9465112021; 85.6139537013; 81.0558136341; 79.1232557075; 77.7441858691; 80.5767440796; 87.3790698384; 79.4279073671; 84.9488372803; 0 
2017-12-19 19:30:51 ; 27.6723404742; 27.2085106626; 27.0489361134; 26.9595744762; 26.7191489199; 26.7446808511; 26.8893616859; 27.1659574712; 27.2680850739; 82.3787231445; 82.4468085106; 78.3595741759; 76.4531917166; 75.6574465163; 78.6787234367; 84.6468083808; 76.4085107357; 81.3361696284; 0 
2017-12-19 19:35:55 ; 28.183673664; 27.908162915; 27.8040814302; 27.7122452405; 27.5; 27.5530614269; 27.6632657343; 27.8591831363; 27.9142853873; 85.8448976789; 85.6326530612; 80.9244906367; 78.9734688584; 78.0020407852; 80.9061226358; 87.1224488239; 78.8653059979; 84.1959183362; 0 
2017-12-19 19:40:59 ; 28.4040816171; 28.1959187255; 28.128571919; 28.018367417; 27.8428566991; 27.9102037391; 27.9489793972; 28.0673471957; 28.0632655475; 84.5244895779; 84.0040814147; 79.4551021031; 77.6204086615; 76.644897928; 79.4530616293; 85.4510209998; 77.7693873814; 83.1367350987; 0 
2017-12-19 19:46:02 ; 28.4446806806; 28.2297872178; 28.1872342698; 28.089362043; 27.9148932924; 27.9680849846; 27.9936169969; 28.0659576984; 28.0595746953; 83.6212766931; 82.8617019653; 78.2595744032; 76.4042553191; 75.4468088353; 78.3297870717; 84.4191490336; 76.9297868445; 82.3659573819; 0 
2017-12-19 19:51:06 ; 28.3260869151; 28.1891307416; 28.156522046; 28.0543480334; 27.9173909892; 27.9586954946; 27.9608694159; 28.0043478427; 28.0217392134; 87.1304347826; 86.55869542; 81.4956524061; 79.4956522403; 78.3630437436; 81.35434839; 87.8434781614; 79.9913043147; 85.7021738135; 0 
2017-12-19 19:56:15 ; 28.4367346472; 28.2551018462; 28.1897966424; 28.128571919; 27.9693876383; 28.0020408241; 28.0326531858; 28.0693880198; 28.0448981305; 84.0551019785; 83.2081630473; 78.5489791559; 76.7142860257; 75.7612247078; 78.4918367036; 84.5612244898; 77.3265303008; 82.8081629228; 0 
2017-12-19 20:01:19 ; 28.2804346499; 28.1413048869; 28.0978264601; 28.006521764; 27.8717386412; 27.9326084386; 27.9173909892; 27.9369562812; 27.9304345172; 85.639130468; 84.9217396612; 79.8956524393; 77.8869565881; 76.7608695652; 79.7369567208; 86.0978257552; 78.4869560573; 84.2478261201; 0 
2017-12-19 20:06:22 ; 28.3021275135; 28.1531920737; 28.1404260676; 28.0446810215; 27.9127656653; 27.9553189785; 27.94468064; 27.9531913108; 27.9489359754; 85.0702131555; 84.2085103786; 79.4531910673; 77.5212769204; 76.4510636025; 79.2872337179; 85.3978726001; 78.1148938118; 83.6872339452; 0 
2017-12-19 20:11:28 ; 28.2666665316; 28.104167064; 28.0687502623; 27.9708332221; 27.8499994278; 27.881249547; 27.8541661104; 27.8916662534; 27.895832936; 84.7916668256; 83.9875003497; 79.097916921; 77.0791670481; 76.0145832698; 78.9312502543; 85.2291666667; 77.7625002861; 83.2687501907; 0 
2017-12-19 20:16:31 ; 28.2041664918; 28.0854169925; 28.0604168971; 27.947916468; 27.8395831585; 27.9166663488; 27.8833332459; 27.9083330234; 27.8937495947; 85.8624997139; 85.0979166031; 80.1583334605; 78.1145831744; 76.995833079; 79.8499997457; 85.9916666349; 78.6229166985; 84.2437505722; 0 
2017-12-19 20:21:34 ; 28.2404253128; 28.05531936; 28.0319150154; 27.9489359754; 27.8276592417; 27.8574462647; 27.8425528344; 27.8659569355; 27.8723399385; 84.2723403281; 83.4170209195; 78.5723402957; 76.5595748577; 75.5297871042; 78.3787234692; 84.5021276271; 77.1425531266; 82.6425532889; 0 
2017-12-19 20:26:42 ; 28.1666662693; 28.0250000954; 28.0208334128; 27.9249997934; 27.8229165872; 27.8416664998; 27.8437498013; 27.8437498013; 27.8520828883; 85.4354168574; 84.6020830472; 79.8104165395; 77.797917366; 76.660416921; 79.4187496503; 85.5250000954; 78.237499555; 83.777083238; 0 
2017-12-19 20:31:47 ; 28.1979165872; 28.0187500715; 27.9979166587; 27.9124996662; 27.7937498093; 27.8145831029; 27.8083331585; 27.8374998172; 27.8666661978; 84.7375000318; 83.9604169528; 79.0312506358; 77.0020836194; 75.9312499364; 78.8187497457; 85.0166665713; 77.5375002225; 83.0500000318; 0 
2017-12-19 20:36:52 ; 28.1829783257; 28.0702130338; 28.02765968; 27.9319147556; 27.8340424071; 27.8723403444; 27.844680705; 27.8914892724; 27.882978277; 85.3744678903; 84.6468083808; 79.7872340426; 77.7361701803; 76.6872339452; 79.4382981645; 85.4978722106; 78.0978724703; 83.5297871042; 0 
2017-12-19 20:41:55 ; 28.2212764253; 28.0468086892; 28.0085106708; 27.9255316308; 27.8063828894; 27.8255317769; 27.8106381437; 27.8765955174; 27.8978719508; 84.8468085756; 84.1170211143; 79.17234088; 77.112766347; 76.0404254021; 78.9489361377; 85.1340421311; 77.5808512911; 83.0340426831; 0 
2017-12-19 20:47:06 ; 28.2448976478; 28.1183677985; 28.0591838992; 27.963265166; 27.8571425847; 27.9367345304; 27.9183672302; 27.9306120581; 27.9387752767; 85.0306122449; 84.2306121515; 79.4571425769; 77.4428575477; 76.3693878797; 79.1367344759; 85.08775532; 77.8530611311; 83.2693881599; 0 
2017-12-19 20:52:13 ; 28.2044442919; 28.0311112298; 28.0044444614; 27.9199996948; 27.8022220612; 27.8244441562; 27.8155553606; 27.8511108398; 27.8844440036; 85.3844445123; 84.6288889567; 79.6177778456; 77.5088890923; 76.4177778456; 79.2999996609; 85.5955551147; 77.9800003052; 83.4155558268; 0 
2017-12-19 20:57:18 ; 28.2531909537; 28.1404260676; 28.0808513723; 27.9851063262; 27.8787229822; 27.94468064; 27.8978719914; 27.9319146339; 27.9340423016; 83.6617024198; 82.7021273349; 78.0936167291; 76.1531915868; 75.1872344321; 77.8765953551; 83.6851064804; 76.5914894266; 81.836169953; 0 
2017-12-19 21:02:23 ; 28.1081633665; 27.9734692865; 27.9367344525; 27.8530608975; 27.744898037; 27.7693878096; 27.7632653762; 27.7918366413; 27.8408157193; 86.7714286337; 86.1408165134; 80.9734694812; 78.8244898271; 77.5938775199; 80.5612241784; 86.965306029; 79.1877548841; 84.7183677518; 0 
2017-12-19 21:07:28 ; 28.295832634; 28.1312505007; 28.1000003815; 28.0; 27.8999996185; 27.9354164203; 27.9020829598; 27.9562498331; 27.9354164203; 82.4020837148; 81.3770828247; 76.7437494596; 74.8583340645; 73.9937499364; 76.6499994596; 82.3500000636; 75.4354168574; 80.6249996821; 0
2017-12-19 21:12:29 ; 28.0918369293; 27.9551018695; 27.9387752767; 27.8530607418; 27.7408164667; 27.7714284391; 27.7469388611; 27.7653061614; 27.8326524228; 87.7836735005; 87.2571426703; 82.0551019785; 79.8551016049; 78.5428574231; 81.5163264372; 87.9979593705; 80.1918367658; 85.9163270289; 0 
2017-12-19 21:17:35 ; 28.2999992371; 28.1510644061; 28.1000003815; 28.0; 27.8957442831; 27.9531913108; 27.910637957; 27.9574466462; 27.9680849846; 82.5553187918; 81.5489363975; 76.9340424233; 74.9893620268; 74.0702125062; 76.7936165992; 82.5148938767; 75.5574470682; 80.8659572195; 0 
2017-12-19 21:22:50 ; 28.0914893455; 27.9702126523; 27.9574466462; 27.8723399385; 27.7702129851; 27.8000000487; 27.7744682799; 27.7914893374; 27.8340419201; 87.3000002922; 86.7127653081; 81.5531914894; 79.4106390121; 78.1957442913; 81.0361701478; 87.3978724378; 79.7595744032; 85.4106380381; 0 
2017-12-19 21:27:54 ; 28.2770829201; 28.0875003338; 28.0687502623; 27.9770832459; 27.8645828565; 27.8854162296; 27.8708328406; 27.9166663488; 27.9229163726; 83.5395830472; 82.6458328565; 77.8979164759; 75.8749998411; 74.9125000636; 77.6812502543; 83.558333079; 76.3895834287; 81.7291665077; 0 
2017-12-19 21:32:55 ; 28.1729162931; 28.0354168018; 28.0312501192; 27.9374998411; 27.8416664998; 27.8624997934; 27.8520831267; 27.8499997854; 27.866666158; 85.1624999046; 84.304166317; 79.4895836512; 77.4687503179; 76.3770831426; 79.0833331744; 85.0416658719; 77.8687504133; 83.2979162534; 0 
2017-12-19 21:38:06 ; 28.1936169076; 28.0191490092; 27.9936169969; 27.9085103299; 27.7957445916; 27.808510476; 27.7999998864; 27.8361701154; 27.8808506093; 85.1723405554; 84.4787232419; 79.4404261163; 77.3425534837; 76.2340428778; 79.1063826541; 85.2723404905; 77.7744684422; 83.2191486764; 0 
2017-12-19 21:43:23 ; 28.2152169269; 28.1108699882; 28.0608697974; 27.96739118; 27.8717387656; 27.9456519666; 27.8999997015; 27.9304345587; 27.9326084386; 84.5934781614; 83.7739130103; 79.0913041156; 77.0347829072; 75.958695619; 78.6826083971; 84.4934785262; 77.3891298045; 82.734782675; 0 
2017-12-19 21:48:21 ; 28.1744680202; 28.0; 27.9893616615; 27.8999996185; 27.7936168833; 27.8127657302; 27.7978722187; 27.8382976613; 27.8808506093; 85.9489361377; 85.2702128634; 80.1489360079; 77.9212761737; 76.8489360404; 79.7531916842; 86.0127662496; 78.3510636675; 83.8893614424; 0 
2017-12-19 21:53:25 ; 28.284781995; 28.1630441002; 28.0956525388; 28.0043478427; 27.8978256972; 27.9826086293; 27.9434780453; 27.9782607866; 27.96739118; 82.930434849; 81.9391305343; 77.295651809; 75.3543482241; 74.4108695984; 77.0565213742; 82.8108694657; 75.8173912712; 81.0195649188; 0 
2017-12-19 21:58:31 ; 28.1312500238; 27.985416611; 27.9666665395; 27.8833328883; 27.7729165951; 27.7958330313; 27.7708332539; 27.7958331903; 27.8520827691; 87.1645833651; 86.6020835241; 81.3583335876; 79.1666661898; 77.9187498093; 80.8937503497; 87.2520834605; 79.5062497457; 85.1812499364; 0 
2017-12-19 22:03:35 ; 28.3499994675; 28.1895840565; 28.133333842; 28.0270834366; 27.8999996185; 27.9874999523; 27.9687498808; 27.9937499762; 27.9916666349; 82.4708337784; 81.4604169528; 76.8229166667; 74.9354171753; 73.9895833333; 76.6749997139; 82.4166668256; 75.4062501589; 80.5520831744; 0
2017-12-19 22:08:43 ; 28.1120001221; 27.9759999084; 27.9599998474; 27.8819995499; 27.7759998703; 27.8159994125; 27.7779997635; 27.8119997406; 27.8519994354; 87.7220001221; 87.1739997864; 81.9840002441; 79.7119998169; 78.4099996948; 81.4019999695; 87.763999939; 79.9680000305; 85.563999939; 0 
2017-12-19 22:13:53 ; 28.2999992371; 28.1652180216; 28.1000003815; 28.0; 27.8999996185; 27.9695651013; 27.9239127532; 27.9760868653; 27.986956472; 82.4065221704; 81.3782614003; 76.7586951878; 74.8347828077; 73.9086953868; 76.5717388651; 82.2217388982; 75.2913042151; 80.4586959507; 0 
2017-12-19 22:18:59 ; 28.0857146127; 27.963265166; 27.9469385731; 27.8612239604; 27.7612244353; 27.8020403726; 27.7836731502; 27.8020404115; 27.8428565434; 88.0591835489; 87.563265275; 82.2755106712; 80.0244897336; 78.7081633587; 81.6224491353; 87.8510205016; 80.0102039259; 85.7163261881; 0
2017-12-19 22:24:02 ; 27.9520833492; 27.8479166826; 27.8291666905; 27.7604167461; 27.6395834684; 27.6687501669; 27.6791668733; 27.7145834366; 27.7854166428; 87.9666666985; 87.3500005404; 82.2874997457; 80.0229166349; 78.8187497457; 81.6166664759; 87.8374996185; 79.9729162852; 85.2624999682; 0 
2017-12-19 22:29:11 ; 28.5714288439; 28.332652851; 28.2979590358; 28.2224487772; 28.055102251; 28.0897962609; 28.1122452483; 28.2000000234; 28.212244968; 83.1918367658; 82.408163421; 77.7693875371; 75.7571426703; 74.8979594951; 77.6755101729; 83.3959185542; 76.0265308302; 81.1571427949; 0
2017-12-19 22:34:11 ; 28.3708328406; 28.2312504848; 28.2250005007; 28.131250302; 28.0041666826; 28.0333334605; 28.0458335082; 28.0791668892; 28.1083337466; 88.1104165713; 87.5770829519; 82.3666666349; 80.1583333015; 78.8895831108; 81.8583334287; 88.1479171117; 80.2791663806; 85.8770836194; 0 
2017-12-19 22:39:16 ; 28.4434780453; 28.2739126786; 28.2021746428; 28.1717397856; 28.0; 28.0282609774; 28.026087056; 28.0521741121; 28.0086956853; 82.6826083971; 81.5782605047; 76.9130434783; 75.017391039; 74.0847829736; 76.7739128445; 82.5; 75.599999801; 80.8478265845; 0 
2017-12-19 22:44:22 ; 28.1458335718; 28.0562502146; 28.0375001431; 27.9499998093; 27.8416661024; 27.8583327929; 27.8479160865; 27.8458327452; 27.8333326976; 88.0312501589; 87.4249997139; 82.2125000954; 79.9895833333; 78.7416664759; 81.660416921; 88.0270835559; 80.2958331108; 85.9562500318; 0 
2017-12-19 22:49:29 ; 28.2919993591; 28.1000003815; 28.0960003662; 27.9979999924; 27.8899995804; 27.8999996185; 27.8899995804; 27.8959996033; 27.8979996109; 83.153999939; 82.0999998474; 77.4460002136; 75.4200007629; 74.486000061; 77.2199998474; 82.9939997864; 75.9440002441; 81.2680001831; 0 
2017-12-19 22:54:37 ; 28.0531914082; 27.9468083077; 27.938297637; 27.8425531996; 27.7446809728; 27.7872341643; 27.7510638947; 27.7702129445; 27.7595745249; 87.2872340426; 86.6340424558; 81.5808512911; 79.3893617671; 78.1595741434; 80.9787232419; 87.1617022575; 79.6021269129; 85.1531915868; 0 
2017-12-19 22:59:41 ; 28.1979170243; 28.0250000954; 27.9749999046; 27.9124996662; 27.774999698; 27.8041663567; 27.787499706; 27.8291662931; 27.8312494755; 83.8499999046; 82.9812499682; 78.183333238; 76.1145838102; 75.1104168892; 77.8895832698; 83.7562499046; 76.5416666667; 81.8708337148; 0 
2017-12-19 23:04:39 ; 28.07111134; 27.9755554623; 27.9311108483; 27.8488889482; 27.7333331214; 27.7688888126; 27.7377775404; 27.7533331977; 27.7644443512; 86.13777771; 85.3955556234; 80.5866663615; 78.4866672092; 77.2755552504; 80.0355555216; 86.0311114841; 78.6800003052; 83.9955549452; 0 
2017-12-19 23:09:44 ; 28.2065215733; 28.0086956853; 27.9826086293; 27.8978258631; 27.771739006; 27.7847824926; 27.7695650847; 27.8086955029; 27.821738948; 84.3630437436; 83.5782608364; 78.7086957849; 76.6282612344; 75.6043478924; 78.44130458; 84.4217391636; 77.0260872219; 82.2608698969; 0 
2017-12-19 23:14:53 ; 28.1270832618; 28.0; 27.9812499285; 27.8874995708; 27.7750001748; 27.7937500477; 27.7833334605; 27.8145831029; 27.8395827214; 87.2874999046; 86.7416667938; 81.6833333969; 79.4874997139; 78.3354169528; 81.160416762; 87.352083683; 79.5708333651; 84.9791666667; 0 
2017-12-19 23:19:57 ; 28.2914889721; 28.1276600615; 28.0808513723; 27.9829786585; 27.8638293084; 27.8893612801; 27.8744676062; 27.9255316308; 27.9042549539; 83.2021278219; 82.2808509989; 77.5553192788; 75.5276598017; 74.6042556763; 77.3595743382; 83.1106383953; 75.9553191814; 81.1404259864; 0
2017-12-19 23:25:01 ; 28.1108697808; 27.9826086293; 27.9652172586; 27.8891300118; 27.7739129688; 27.786956331; 27.7782607701; 27.817390898; 27.8456515851; 88.0260872219; 87.5086963488; 82.3000005639; 80.1065216064; 78.8021739462; 81.734782675; 88.0652175572; 80.1456517759; 85.6739133752; 0 
2017-12-19 23:30:09 ; 28.3191484086; 28.1595750768; 28.1085110522; 28.0148936738; 27.8999996185; 27.9361699693; 27.9127656247; 27.9553189785; 27.9063826216; 83.0872348217; 82.1000002597; 77.4255319149; 75.4638296898; 74.493616794; 77.2936169239; 82.9489359754; 75.77659542; 80.8936175083; 0
2017-12-19 23:35:15 ; 28.0425529074; 27.9255316308; 27.8978721132; 27.8106383872; 27.7021278219; 27.717021374; 27.7042555302; 27.765957528; 27.7829787478; 88.3723404255; 87.9468083483; 82.7787235341; 80.5936173784; 79.1723402307; 82.13829771; 88.4340424233; 80.5212767581; 86.1914893617; 0 
2017-12-19 23:40:19 ; 28.4680850252; 28.2744677118; 28.2489361864; 28.1659580799; 28.0063830031; 28.0382980184; 28.0489363569; 28.0787237046; 28.0531916923; 83.9276598667; 83.1765958096; 78.4702125712; 76.5042557412; 75.5893616372; 78.2446810134; 84.0319150559; 76.7021278219; 81.9361703751; 0 
2017-12-19 23:45:23 ; 28.2270834049; 28.1208337943; 28.0729169448; 28.0; 27.8770828644; 27.9020829598; 27.8687494993; 27.9020829598; 27.9104163249; 87.3520833651; 86.7916668256; 81.6062502861; 79.4083334605; 78.1687499682; 81.1499997775; 87.3895835876; 79.6708334287; 85.3729168574; 0 
2017-12-19 23:50:27 ; 28.2999992371; 28.1714292254; 28.1142861503; 28.0; 27.8999996185; 27.908162915; 27.8999996185; 27.8999996185; 27.8448973675; 82.4938774887; 81.4081632653; 76.7612248635; 74.8408168871; 73.9224492287; 76.5999994083; 82.2836731891; 75.4551022588; 80.7959179002; 0
2017-12-19 23:55:35 ; 28.0195652506; 27.9086953039; 27.8847821692; 27.7934781365; 27.6913047459; 27.7282613257; 27.6847830233; 27.69565263; 27.708696241; 88.4565215733; 87.9521734818; 82.7369562232; 80.5260867243; 79.1608699301; 82.1891302026; 88.5086953536; 80.6760870892; 86.5043477597; 0 
