2017-12-22 00:01:44 ; 28.2897953111; 28.110204502; 28.0959187332; 28.0; 27.8959179703; 27.9408161008; 27.9040812668; 27.9367344525; 27.9795917589; 82.528571304; 81.3081632342; 77.2755103598; 75.0734693566; 73.957143044; 76.3632649013; 81.3265306122; 74.9857140366; 80.0306119335; 0 
2017-12-22 00:06:49 ; 28.1297874857; 28.0148936738; 27.9893616615; 27.9191489118; 27.8127657302; 27.8340423665; 27.8106381031; 27.8127657708; 27.8255316958; 83.8404255319; 82.6170216013; 78.4319147962; 76.2617018679; 75.0170213415; 77.3489366897; 82.6170211143; 76.0978721456; 81.2319149261; 0 
2017-12-22 00:11:51 ; 28.1148938524; 27.9510636431; 27.9170209601; 27.8468084132; 27.725531923; 27.7617021114; 27.7489361459; 27.7872339614; 27.8276593634; 84.2425530616; 83.3212768879; 78.993617281; 76.6702124413; 75.4361700504; 77.9382981645; 83.2042552867; 76.4808510314; 81.6489358456; 0 
2017-12-22 00:16:56 ; 28.1770834525; 28.0500001907; 28.0250000954; 27.9458332459; 27.8291663329; 27.8645830552; 27.8583330711; 27.8583330711; 27.8874996106; 83.1437503497; 81.9791665077; 77.8979166349; 75.7375001907; 74.5979166031; 76.9062503179; 82.058333238; 75.5270829201; 80.4604169528; 0 
2017-12-22 00:22:03 ; 28.0702129121; 27.9127656247; 27.8893612801; 27.7957446727; 27.6936171511; 27.7085106626; 27.6978724459; 27.7404255968; 27.8063828489; 84.7340425532; 83.8085108006; 79.4297874938; 77.0936167291; 75.8404255319; 78.3787236315; 83.691489524; 76.9085102487; 82.0319148936; 0 
2017-12-22 00:27:12 ; 28.1644445631; 28.0466668447; 27.9977777693; 27.9333332062; 27.8022218916; 27.8599997203; 27.8511108398; 27.8577775319; 27.8777773115; 83.4111111111; 82.3577777439; 78.2355555216; 76.0088887533; 74.8200002035; 77.1555558946; 82.2933332655; 75.7422222561; 80.7599997626; 0 
2017-12-22 00:32:13 ; 28.1204082723; 27.9489793972; 27.9204078596; 27.8326530067; 27.7142857532; 27.7734694578; 27.7571429039; 27.7877551098; 27.8326527343; 84.4061224801; 83.4795915253; 79.1306124317; 76.8204079453; 75.5836735939; 78.0775510827; 83.3387756348; 76.6204081944; 81.7612245521; 0 
2017-12-22 00:37:21 ; 28.1893614911; 28.0510640246; 28.0234043446; 27.9489360566; 27.8234039063; 27.8617018436; 27.8617018436; 27.8659571384; 27.8978719914; 83.5319152183; 82.4042554815; 78.282978626; 76.1063826541; 74.9553188567; 77.2510643817; 82.3829782364; 75.8319145365; 80.8638295924; 0 
2017-12-22 00:42:27 ; 28.1142857999; 27.9551018695; 27.9285711561; 27.8346937919; 27.7183674014; 27.7714286337; 27.7571429039; 27.7918367191; 27.8591832141; 84.6673470322; 83.7653061224; 79.397959028; 77.0551018228; 75.8102043308; 78.3285713974; 83.5795915565; 76.8000000934; 82.0061223556; 0 
2017-12-22 00:47:31 ; 28.2043474032; 28.0543480334; 28.0369566627; 27.9434781696; 27.8521736808; 27.8586954034; 27.8586954034; 27.884782418; 27.9347823599; 83.773913342; 82.673913541; 78.5065213079; 76.3369560242; 75.1173908399; 77.4586961166; 82.6217389314; 76.0673916029; 81.0847826419; 0 
2017-12-22 00:52:31 ; 28.1595744275; 27.9936169969; 27.9638296493; 27.8744678497; 27.7787233312; 27.799999927; 27.7914892968; 27.8361700748; 27.8999996185; 84.3106381031; 83.4212766607; 79.1042555139; 76.7851065778; 75.559574533; 78.0744677605; 83.2872338802; 76.5531914894; 81.7340423909; 0 
2017-12-22 00:57:39 ; 28.2142852472; 28.0857146127; 28.0530614269; 27.9571426937; 27.861224194; 27.9102038948; 27.8795915331; 27.9285712729; 27.9489793972; 83.5469389935; 82.4346940955; 78.3102037079; 76.0673471568; 74.9469384952; 77.3163265306; 82.4204081321; 75.8367348496; 80.8775511761; 0 
2017-12-22 01:02:40 ; 28.1265306667; 27.9653059901; 27.9367344525; 27.8530610143; 27.7489796853; 27.7795918523; 27.775510243; 27.7999999377; 27.8632647845; 84.7122449291; 83.8122448045; 79.4163267175; 77.0897962609; 75.8530611311; 78.3612247389; 83.6530612245; 76.8693878797; 82.1040817572; 0 
2017-12-22 01:07:45 ; 28.2659087181; 28.0954549096; 28.079545758; 27.9931817922; 27.8909086748; 27.8954541466; 27.8909086748; 27.8999996185; 27.959090753; 81.6636364677; 80.3340904929; 76.4363637404; 74.3295458013; 73.4204543721; 75.6227274808; 80.5545453158; 74.2886368145; 79.1977268566; 0 
2017-12-22 01:12:51 ; 28.0630435944; 27.9217388319; 27.8934778545; 27.8086955444; 27.7065219465; 27.747826286; 27.7152175903; 27.7608697311; 27.8413037839; 86.0565220377; 85.252173714; 80.7304349153; 78.3086955858; 76.9673909726; 79.5869570193; 85.0413040493; 78.036956953; 83.3630434119; 0 
2017-12-22 01:18:00 ; 28.2936163557; 28.1000003815; 28.0978727138; 27.9978723323; 27.8872336124; 27.9085102893; 27.9021272862; 27.94468064; 27.9851063262; 81.1574466786; 79.874468215; 76.0425531915; 73.9127659899; 72.8574463865; 75.1659575117; 79.9851059609; 73.834041839; 78.7489362676; 0
2017-12-22 01:22:59 ; 28.0347827414; 27.9108692252; 27.8934778545; 27.8065215816; 27.7065219465; 27.7434785262; 27.7413046464; 27.7521740457; 27.826086376; 86.9369563227; 86.1304349485; 81.543478095; 79.1086961497; 77.7913042151; 80.3369563559; 85.856522104; 78.7130437105; 84.0913044473; 0 
2017-12-22 01:28:05 ; 28.2857137408; 28.091837085; 28.0775513162; 27.981632583; 27.8755097292; 27.908162915; 27.8857138497; 27.9469385731; 27.9795917589; 81.6102036457; 80.4142854652; 76.5244895779; 74.3489798721; 73.2755102041; 75.6163263126; 80.4734697926; 74.2387757593; 79.1979591214; 0 
2017-12-22 01:33:07 ; 28.0680851226; 27.9489359754; 27.9297869662; 27.848935878; 27.7553193924; 27.7744682799; 27.768085358; 27.7744682799; 27.8404249638; 86.1553195385; 85.1936171511; 80.6702129283; 78.3212762386; 77.0085105084; 79.4574472955; 84.961702712; 78.0042547672; 83.3085108006; 0 
2017-12-22 01:38:11 ; 28.26530585; 28.073469668; 28.0489797787; 27.9653059901; 27.838774973; 27.8673464327; 27.8612239993; 27.8775505533; 27.9285711561; 82.2775508336; 81.1428568315; 77.1326530612; 74.9285714286; 73.8387757905; 76.2265305811; 81.1795917433; 74.8265307679; 79.8367345382; 0 
2017-12-22 01:43:16 ; 28.0818184072; 27.9772726406; 27.9477270733; 27.8613637144; 27.7522726059; 27.7863635583; 27.7840908224; 27.7954545021; 27.8249998526; 84.7863634283; 83.7772726579; 79.4681814367; 77.261363463; 75.9931815754; 78.3500003815; 83.638636329; 76.8568184593; 82.1159087094; 0 
2017-12-22 01:48:25 ; 28.193877551; 28.0081632964; 27.9755101107; 27.8816324351; 27.7632651816; 27.8061222933; 27.7938774265; 27.8408161085; 27.9020405205; 83.355102072; 82.3959182428; 78.2204082255; 75.9653058733; 74.7857139743; 77.2653061224; 82.3469384641; 75.7571429817; 80.8346939087; 0 
2017-12-22 01:53:23 ; 28.1599997203; 28.0288889991; 28.022222307; 27.9266665565; 27.8266665141; 27.8444442749; 27.8355554369; 27.8399998983; 27.9066663106; 84.0844445123; 83.0111109416; 78.9155553182; 76.6666670058; 75.4822221544; 77.7977779812; 83.0600002713; 76.4288892958; 81.5177775065; 0 
2017-12-22 01:58:27 ; 28.1695652008; 27.9913043147; 27.9652172586; 27.8760867741; 27.7695650847; 27.8021738218; 27.7913042566; 27.8173911468; 27.8869560905; 84.0934781614; 83.1826087288; 78.900000199; 76.5891305675; 73.7152170928; 77.8978259874; 83.0804348821; 76.4152171923; 81.5391303353; 0 
2017-12-22 02:03:32 ; 28.245454268; 28.0840912299; 28.0750002861; 27.9840908484; 27.8840905536; 27.8931814107; 27.8886359388; 27.8954541466; 27.9386361296; 82.0909094377; 80.8181814714; 77.0022723458; 74.7636361556; 73.6954546842; 76.0181820609; 80.9522724152; 74.7159092643; 79.6181815754; 0 
2017-12-22 02:08:37 ; 28.0893618401; 27.9361699693; 27.9042549539; 27.8191487738; 27.7212767905; 27.7617022332; 27.7553193113; 27.778723453; 27.8404249638; 85.2893621566; 84.4063829463; 79.934043235; 77.5765955499; 76.3148938443; 78.8382977425; 84.1595746304; 77.3446809485; 82.6595746304; 0 
2017-12-22 02:13:40 ; 28.2714282445; 28.1000003815; 28.0755104921; 27.9979591759; 27.8734689051; 27.8999996185; 27.8999996185; 27.9020404426; 27.9489793972; 81.2040816327; 79.9061223244; 76.063265275; 73.9469391181; 72.8959187099; 75.1857140989; 80.0040815704; 73.8591841094; 78.7938774265; 0 
2017-12-22 02:18:47 ; 28.026087056; 27.8956517759; 27.8760864838; 27.78260882; 27.6804349733; 27.7195654745; 27.6956523398; 27.713043669; 27.7847824097; 86.397826485; 85.5521739462; 80.9847820116; 78.5956522071; 77.2586955195; 79.7152177562; 85.3152172254; 78.2630431134; 83.5695644876; 0 
2017-12-22 02:23:49 ; 28.2604164282; 28.0687502623; 28.0395834843; 27.9583331744; 27.8416662614; 27.8708328803; 27.8666661978; 27.8999996185; 27.9645831982; 82.2041665713; 81.1104167302; 77.1250001589; 74.8958330154; 73.7833331426; 76.1666669846; 81.1229166985; 74.7270833651; 79.7333332698; 0 
2017-12-22 02:28:54 ; 28.0744184893; 27.9534881947; 27.9372090628; 27.848837298; 27.7581395881; 27.7976745339; 27.7883721729; 27.7930233534; 27.848836677; 85.520930268; 84.6209296293; 80.2139537723; 77.9232562753; 76.6534883366; 79.0046509144; 84.5093023611; 77.5953489792; 82.8488372093; 0 
2017-12-22 02:33:56 ; 28.227659469; 28.0510640246; 28.0212766769; 27.938297637; 27.8212763604; 27.8489357969; 27.8340422448; 27.8787230634; 27.938297637; 82.9617022251; 81.9744683124; 77.8744680526; 75.6340427805; 74.4638298522; 76.9085107357; 81.9191488712; 75.4531915543; 80.5000001623; 0 
2017-12-22 02:39:04 ; 28.1541665395; 28.0250000954; 28.0062500238; 27.9229166508; 27.8208331267; 27.8499998252; 27.8374998172; 27.8416665395; 27.8958330552; 84.0208333333; 82.9249997139; 78.8062499364; 76.5708335241; 75.3562501272; 77.7250000636; 82.9354168574; 76.2895843188; 81.4041662216; 0 
2017-12-22 02:44:05 ; 28.1142860335; 27.9551018695; 27.9163262114; 27.8306120658; 27.7224490107; 27.7530612167; 27.7367347017; 27.7775509503; 27.8428568159; 84.3204084124; 83.4224492287; 79.0918367347; 76.7836731891; 75.5571427637; 78.0836737497; 83.306122449; 76.5693879419; 81.7673470633; 0 
2017-12-22 02:49:11 ; 28.2434781945; 28.0913046961; 28.0630437188; 27.9760868653; 27.8499994278; 27.8913039332; 27.8891300118; 27.8913039332; 27.9369562812; 81.5652175572; 80.267391039; 76.4195651179; 74.3065218718; 73.252173714; 75.5391305011; 80.4108695984; 74.1826082313; 79.0130432792; 0 
2017-12-22 02:54:16 ; 28.0297873071; 27.8936166155; 27.8702122709; 27.778723453; 27.6765960125; 27.7106385332; 27.6978725677; 27.740425678; 27.8148933167; 86.3170214714; 85.572340458; 80.9978722106; 78.5808511288; 77.2319147638; 79.7638296574; 85.2404257592; 78.223404093; 83.5617023225; 0 
2017-12-22 02:59:20 ; 28.2913037176; 28.1000003815; 28.0934786175; 28.0; 27.8847821692; 27.8999996185; 27.8978256972; 27.9456519666; 27.9847825506; 81.2739131762; 80.0260865585; 76.1673915697; 74.0804347163; 73.0195654164; 75.3391304016; 80.0956522071; 73.9369564886; 78.7934784267; 0
2017-12-22 03:04:21 ; 28.0333334181; 27.9088885413; 27.8866662343; 27.7999998305; 27.688889228; 27.740000195; 27.7333335876; 27.7600000593; 27.8355549282; 86.9244447496; 86.1955557929; 81.6355551826; 79.148888482; 77.8155554877; 80.3422222561; 85.8333335029; 78.7111116197; 84.0866667006; 0 
2017-12-22 03:09:26 ; 28.2770829201; 28.1000003815; 28.0833336512; 27.9937499762; 27.8791662057; 27.8979162772; 27.8979162772; 27.9104163249; 27.9687498808; 81.5291665395; 80.3041666349; 76.4145833651; 74.2625001272; 73.1979166667; 75.5520836512; 80.3604165713; 74.1312502225; 79.0374997457; 0 
2017-12-22 03:14:34 ; 28.0395834446; 27.9145830075; 27.8937495947; 27.8020832936; 27.6875002782; 27.7541668812; 27.7312502066; 27.7562501828; 27.8187494675; 86.7354164124; 85.8583332698; 81.2812496821; 78.870833079; 77.5812498728; 80.0937504768; 85.6187499364; 78.527083238; 83.8062497775; 0 
2017-12-22 03:19:34 ; 28.2808505931; 28.089362043; 28.0744683692; 27.9808509908; 27.8765952739; 27.8936166155; 27.8808506093; 27.938297637; 27.9744679877; 81.6170211143; 80.4297873314; 76.5234043852; 74.3531914569; 73.2829784637; 75.6531915868; 80.4829786585; 74.2340427155; 79.1893614099; 0
2017-12-22 03:24:43 ; 28.0717392797; 27.9543476519; 27.9195649106; 27.8326083474; 27.7369567622; 27.7717391719; 27.7565219299; 27.7760869316; 27.8413037425; 86.6869566544; 85.8630442412; 81.2717387987; 78.8891306338; 77.5239128445; 80.0326081981; 85.5630435114; 78.5108693994; 83.8391304016; 0 
2017-12-22 03:29:44 ; 28.2836729556; 28.091837085; 28.0693880198; 27.9857142312; 27.871428081; 27.8918363221; 27.8857138497; 27.8959179703; 27.9530610454; 81.5591837046; 80.3367343825; 76.4469389624; 74.2877550709; 73.2224486993; 75.5795921793; 80.4244897025; 74.1734693878; 79.0979589346; 0 
2017-12-22 03:34:53 ; 28.0066666921; 27.8977773878; 27.8822217729; 27.7866667853; 27.6844447242; 27.7244447496; 27.7111114078; 27.7488891178; 27.7933330536; 86.6044445462; 85.7822224935; 81.2400002374; 78.8155556573; 77.5266667684; 80.0022225274; 85.5244439019; 78.4733332316; 83.7866667006; 0 
2017-12-22 03:39:54 ; 28.2543477183; 28.0739133254; 28.0413045054; 27.9652172586; 27.8347820614; 27.8739125625; 27.8673908399; 27.8826082478; 27.9456519666; 81.7826086957; 80.6086953205; 76.693478294; 74.5195649188; 73.4260867575; 75.7956519749; 80.6565218386; 74.3847827082; 79.3304345504; 0 
2017-12-22 03:44:55 ; 28.0547618866; 27.9190473102; 27.8952376956; 27.8095236733; 27.6976193473; 27.7523812794; 27.7261907941; 27.7642857688; 27.8238088971; 86.319047837; 85.4809528532; 81.0476186843; 78.6190474374; 77.264285678; 79.7690475101; 85.400000436; 78.2904762995; 83.5619052705; 0 
2017-12-22 03:50:07 ; 28.2779995728; 28.0820003128; 28.0720002747; 27.9799999237; 27.8679994965; 27.8959996033; 27.8779995346; 27.9379997635; 27.9759999084; 81.6400003052; 80.4880004883; 76.5900001526; 74.4080001831; 73.336000061; 75.6920005798; 80.5399998474; 74.296000061; 79.1919999695; 0
2017-12-22 03:55:07 ; 28.0595746142; 27.94468064; 27.9021272862; 27.8212763198; 27.7382981321; 27.7595746061; 27.7553192707; 27.7723404093; 27.8446802586; 86.72340458; 85.902127692; 81.3170214714; 78.9659573169; 77.6021277245; 80.0808508041; 85.6106385576; 78.4829788208; 83.7404254345; 0 
2017-12-22 04:00:08 ; 28.2755551232; 28.0955559201; 28.0755558438; 27.9866666158; 27.8688883887; 27.8911106957; 27.8822217729; 27.9377775404; 27.9733332316; 81.886666531; 80.6999998305; 76.8822221544; 74.6999994914; 73.6177775065; 75.9177778456; 80.9333326552; 74.4977779812; 79.3866663615; 0 
2017-12-22 04:05:17 ; 28.104081874; 27.9755101107; 27.9367344525; 27.8612239604; 27.7408164667; 27.7816325596; 27.7734692632; 27.8122445321; 27.8693872569; 85.3591836423; 84.4918368593; 80.042856956; 77.6734693878; 76.3816327465; 78.9000001246; 84.1795920547; 77.3081632342; 82.5653063716; 0 
2017-12-22 04:10:22 ; 28.1977773878; 28.0511113061; 28.0422223833; 27.9511109246; 27.8377775828; 27.8599996779; 27.8555553012; 27.8688886431; 27.9311108483; 84.1888890584; 83.1266667684; 78.9599995931; 76.6822221544; 75.4933336046; 77.8600001017; 83.0555555556; 76.3911114163; 81.4577782525; 0 
2017-12-22 04:15:25 ; 28.1937499444; 28.0208334128; 27.9979166587; 27.9104163249; 27.7895832459; 27.8249998093; 27.8104164998; 27.8583331903; 27.9124996662; 83.7312499682; 82.7624999682; 78.5479165713; 76.2604168256; 75.0749996503; 77.5625001589; 82.6854166985; 76.0687502225; 81.1125000318; 0 
2017-12-22 04:20:27 ; 28.1638294788; 28.0595746953; 28.0127660061; 27.9191486277; 27.8170212685; 27.8723404661; 27.8361701154; 27.8680851307; 27.9234039631; 85.0148937144; 84.0234042229; 79.710638168; 77.4106383628; 76.2212763036; 78.5999994481; 83.9468083483; 77.1702126036; 82.217020887; 0 
2017-12-22 04:25:33 ; 28.2291665872; 28.0500001907; 28.0270834366; 27.9374997616; 27.8270830313; 27.8499995867; 27.8333330154; 27.8687495788; 27.9354164203; 82.7833331426; 81.6791664759; 77.6312499046; 75.3916665713; 74.2666668892; 76.6854163806; 81.6708329519; 75.2291669846; 80.2041664124; 0 
2017-12-22 04:30:35 ; 28.0847823931; 27.9652172586; 27.9499998093; 27.8652172503; 27.7630436109; 27.7934783853; 27.7891305841; 27.7934783853; 27.8717386412; 85.7217397275; 84.7543479256; 80.3456525388; 78.0543479919; 76.7543477597; 79.2304349153; 84.6152172918; 77.6956523398; 82.919564952; 0 
2017-12-22 04:35:41 ; 28.2434780701; 28.0608697974; 28.0347827414; 27.9456519666; 27.8304344675; 27.8586952375; 27.8499996351; 27.8999996185; 27.9478258879; 82.0434782609; 80.9000000332; 76.9500002654; 74.7391301031; 73.6652170264; 76.0500000663; 80.9260867575; 74.6260866912; 79.4956520744; 0
2017-12-22 04:40:47 ; 28.0458334287; 27.9270830552; 27.9041663011; 27.8187498252; 27.7229169607; 27.7583334843; 27.75208354; 27.7708333333; 27.8416660627; 86.7166665395; 85.9062496821; 81.3979164759; 79.0333337784; 77.6104164124; 80.120833238; 85.5374997457; 78.4770833651; 83.706249396; 0 
2017-12-22 04:45:52 ; 28.2659569598; 28.0872343753; 28.0680853661; 27.0872339695; 27.8638292678; 27.8851059447; 27.8787229416; 27.9042549539; 27.9638296493; 82.4936169563; 81.3212767256; 77.3978722755; 74.9851062856; 74.1340424558; 76.4297874938; 81.3851063505; 75.0085109954; 79.880850934; 0 
2017-12-22 04:50:56 ; 28.0918369682; 27.9591835178; 27.9163262114; 27.8428566213; 27.7224491664; 27.7571429428; 27.7408165445; 27.7775510282; 27.8408157193; 85.6673468765; 84.8285712417; 80.3489797164; 77.9714280732; 76.6673471879; 79.2367348184; 84.5653059045; 77.6632653061; 82.9122448357; 0 
2017-12-22 04:55:59 ; 28.2288884057; 28.0688891517; 28.0600002289; 27.9666665395; 27.8577774472; 27.875555208; 27.871110789; 27.8733330197; 27.9399997711; 83.1711113824; 82.0355556912; 78.0088885837; 75.8222222222; 74.6622216119; 77.0244444105; 82.111110772; 75.5977778117; 80.5555558946; 0 
2017-12-22 05:01:02 ; 28.1187500954; 27.9583331744; 27.9291663965; 27.8416665792; 27.7354167302; 27.7750000556; 27.7604167859; 27.7875000238; 27.866666158; 84.629166762; 83.7124999364; 79.3562501272; 77.0312496821; 75.8229165077; 78.3229166667; 83.5583333969; 76.8125; 81.9395833015; 0 
2017-12-22 05:06:05 ; 28.1708329519; 28.0354168018; 28.0125000477; 27.9249998728; 27.8229165077; 27.8458331029; 27.8395831585; 27.8833332459; 27.9291663965; 84.5687502225; 83.5375000636; 79.3041669528; 77.0541666349; 75.8062500954; 78.1520837148; 83.3770834605; 76.6687501272; 81.7458338737; 0 
2017-12-22 05:11:09 ; 28.1847826502; 28.019565292; 27.9826086293; 27.9086953453; 27.7826084469; 27.8217389065; 27.8108693828; 27.843477954; 27.9043474612; 83.3891301362; 82.3999997015; 78.2282610354; 75.9586954531; 74.7869567871; 77.2456522403; 82.2913038834; 75.7434780287; 80.8130435114; 0 
2017-12-22 05:16:18 ; 28.1021737638; 27.9760868653; 27.9586954946; 27.8673914204; 27.765217325; 27.8043478261; 27.7891304182; 27.8065217889; 27.8717386826; 85.1282609027; 84.1434783936; 79.8304348821; 77.5543478261; 76.2869564554; 78.708695619; 84.0782608364; 77.2891301694; 82.2934785926; 0 
2017-12-22 05:21:21 ; 28.2083333731; 28.0291667779; 27.9979166587; 27.9145830075; 27.793749849; 27.822916468; 27.8124998411; 27.8416663806; 27.9187496901; 82.6645832062; 81.6229165395; 77.5541666349; 75.3479159673; 74.2312498093; 76.6625002225; 81.620833238; 75.1854168574; 80.1249998411; 0 
2017-12-22 05:26:24 ; 28.0666665236; 27.947916468; 27.9312497377; 27.8437499205; 27.739583532; 27.7791668574; 27.7750001748; 27.7833334605; 27.8520827691; 86.0291666985; 85.1395835876; 80.6541666985; 78.2729164759; 76.9749997457; 79.4687498411; 84.8854165077; 77.933333079; 83.1062502861; 0 
2017-12-22 05:31:32 ; 28.2531913189; 28.0659576984; 28.02765968; 27.9489359754; 27.8234038657; 27.8659569761; 27.851063424; 27.8765952739; 27.9531913108; 81.8702129608; 80.7212766282; 76.7851059285; 74.6127656977; 73.52553185; 75.9127659899; 80.757446776; 74.4680851064; 79.3255319798; 0
2017-12-22 05:36:35 ; 28.0446809403; 27.9212762954; 27.8999996185; 27.8148932761; 27.7148939092; 27.7553192707; 27.7510639759; 27.7702127416; 27.8361696284; 86.7212763036; 85.9276597043; 81.3914897188; 79.0446803316; 77.6234043203; 80.1191492284; 85.5382977749; 78.4957449081; 83.7468088028; 0 
2017-12-22 05:41:39 ; 28.2255810582; 28.069767708; 28.0395350345; 27.9488370141; 27.8418600393; 27.8674414435; 27.8674413992; 27.8860460769; 27.9534881947; 83.5604645485; 82.5046512692; 78.4651164565; 76.1953479856; 75.0441859046; 77.4139540916; 82.4581398188; 75.9069767442; 80.7953485888; 0 
2017-12-22 05:46:45 ; 28.1448981227; 27.9918367036; 27.9571426937; 27.8795914163; 27.7510204315; 27.7857142079; 27.7816326375; 27.8142854729; 27.8755097292; 84.0183676895; 83.0306120892; 78.8000000934; 76.4857141923; 75.2693873814; 77.7632656487; 82.869387724; 76.2489795296; 81.2224493221; 0 
2017-12-22 05:51:50 ; 28.126086857; 27.9891303933; 27.980434708; 27.8869560905; 27.776087139; 27.8065216645; 27.8043477846; 27.8347821858; 27.8869560905; 85.5434784267; 84.5869566876; 80.2347821775; 77.8543478924; 76.626086857; 79.0347825755; 84.291304381; 77.4239133752; 82.5913047791; 0 
2017-12-22 05:56:51 ; 28.2695648359; 28.1065221455; 28.0608697974; 27.0586955444; 27.8652169186; 27.9043474612; 27.8760864838; 27.9369562812; 27.9717390226; 82.0804343846; 80.9739132757; 77.0804345504; 74.6239133088; 73.7543475939; 76.1413046795; 81.0804347163; 74.6652171923; 79.476086658; 0 
2017-12-22 06:01:56 ; 28.1234044014; 27.9872339939; 27.9659573169; 27.8765952739; 27.7617021114; 27.8063826054; 27.7999996429; 27.8468079263; 27.9212762954; 85.7872342049; 84.9361702128; 80.4978723729; 78.091489102; 76.8042552218; 79.3510638298; 84.6234046449; 77.691489524; 82.8978724378; 12.7184077963
2017-12-22 06:07:02 ; 28.1822219425; 28.1066670736; 28.0333334605; 27.933333079; 27.8333331638; 27.9177774641; 27.8911108653; 27.9044442919; 27.955555386; 85.0555555556; 84.0599999322; 79.8311113146; 77.5; 76.3155554877; 78.6466669718; 83.9533333672; 77.1511111789; 82.1355551826; 12.7184077963
2017-12-22 06:12:09 ; 28.3148934385; 28.206382995; 28.0914897107; 27.9574466462; 27.8808507311; 28.0574470277; 27.9021273268; 27.8936166155; 27.9531913108; 82.1106382329; 80.6957446159; 77.125531785; 74.9829789831; 73.751064057; 75.6957442913; 81.1297870392; 74.9063832709; 79.789361832; 16.4304326721
2017-12-22 06:17:11 ; 28.2108696233; 28.1869569032; 28.0434784267; 27.9130431465; 27.8804343265; 28.0913046961; 27.8630429558; 27.802173573; 27.8543472705; 85.9043477929; 84.6326084966; 80.7239132757; 78.4304350148; 76.8739129771; 78.6021730174; 84.8804346168; 78.2195653501; 83.3630432461; 12.7184077963
2017-12-22 06:22:14 ; 28.3399998135; 28.3133330027; 28.1466672262; 28.0066666921; 27.9666665395; 28.2333333333; 27.955555386; 27.8844440036; 27.9422220018; 83.4933336046; 81.9599995931; 78.5177776761; 76.3755555895; 74.9222223918; 76.46222229; 82.5511103312; 76.2555558946; 81.2644439697; 12.7184077963
2017-12-22 06:27:16 ; 28.3586955278; 28.284782617; 28.1086960668; 27.980434708; 27.9456519666; 28.1956523398; 27.9152170679; 27.8608691589; 27.9021735399; 82.7630434451; 81.2282610354; 77.8413046132; 75.7369560573; 74.2217387324; 75.832608762; 81.8673913375; 75.745652572; 80.7565213079; 12.7184077963
2017-12-22 06:32:23 ; 28.2702129039; 28.2574471413; 28.0808513723; 27.9617019816; 27.9404253047; 28.185106521; 27.910637957; 27.8340422854; 27.8765952739; 85.4851059609; 84.0638296249; 80.3212767256; 78.1319146664; 76.5170215039; 78.059574533; 84.4659571546; 77.9489363001; 83.1212762062; 12.7184077963
2017-12-22 06:37:26 ; 28.3723401009; 28.3297867065; 28.1595750768; 28.0042553354; 27.9765956554; 28.2574466949; 27.9680849846; 27.8808506093; 27.8957442831; 82.2255318824; 80.5617023225; 77.2914888098; 75.3042552218; 73.8170208221; 75.3127658925; 81.4063831086; 75.3617021277; 80.2319150884; 12.7184077963
2017-12-22 06:42:35 ; 28.2916666269; 28.2354167302; 28.0729169448; 27.9312497377; 27.9145830075; 28.1687502464; 27.8791662057; 27.8041666349; 27.8666661978; 83.8416665395; 82.3687500954; 78.8812502225; 76.7062500318; 75.1000000636; 76.7312501272; 82.9541667302; 76.691666921; 81.8104168574; 12.7184077963
2017-12-22 06:47:36 ; 28.3318184506; 28.2977273681; 28.1136367971; 28.0068182078; 27.9795453765; 28.2181816968; 27.9363633936; 27.8954541466; 27.9068178264; 84.6227274808; 83.1954543374; 79.6636361209; 77.452272762; 75.8363637057; 77.3954547535; 83.8090910478; 77.3636367104; 82.5136368491; 12.7184077963
2017-12-22 06:52:42 ; 28.4408161008; 28.3510200345; 28.1734700495; 28.0489797787; 28.0142857688; 28.2693874982; 27.981632583; 27.9244895079; 27.9510202213; 81.3653061536; 79.7040816327; 76.5306119335; 74.540817105; 73.1061226981; 74.6571431063; 80.6061223867; 74.7224491664; 79.6265307057; 16.4304326721
2017-12-22 06:57:43 ; 28.2543478427; 28.2434785677; 28.0695654828; 27.9499998093; 27.9173909892; 28.169565574; 27.8782604052; 27.7934780535; 27.8478255065; 85.6891303684; 84.284782078; 80.5521742779; 78.3543477266; 76.6782613008; 78.2913042151; 84.8021732828; 78.230435247; 83.4499999337; 13.6505584502
2017-12-22 07:02:49 ; 28.4021275703; 28.3489357969; 28.1659580799; 28.0404256861; 27.9978723323; 28.2680847898; 27.97234032; 27.882978277; 27.9127656247; 82.7361703426; 81.0851060583; 77.8297873964; 75.7553189866; 74.2680847493; 75.7382982944; 81.8723407502; 75.7680852362; 80.7255315578; 13.6505584502
2017-12-22 07:07:58 ; 28.3239129937; 28.2760870146; 28.1000003815; 27.9630433373; 27.9369562812; 28.1913044971; 27.8999996185; 27.8304345919; 27.8891300118; 83.4978257884; 81.9978261201; 78.5565222035; 76.410870096; 74.8434781614; 76.4413039166; 82.639130468; 76.4586954531; 81.5108698969; 13.6505584502
2017-12-22 07:13:01 ; 28.335555776; 28.3066667345; 28.1177782271; 28.0111111535; 27.9888888465; 28.224444241; 27.9466664632; 27.8888886346; 27.911110772; 84.5799999661; 83.057778083; 79.5177775065; 77.3888888889; 75.7777776082; 77.3; 83.6022220188; 77.288889228; 82.4555555556; 13.6505584502
2017-12-22 07:18:07 ; 28.4279997635; 28.3359996796; 28.1540005875; 28.0280001068; 28.0060000229; 28.2579998016; 27.9719998932; 27.9039996338; 27.9439997864; 81.7360002136; 80.0800003052; 76.8940000916; 74.8519999695; 73.3919998169; 74.9280000305; 80.9059999084; 75.0380003357; 79.9819999695; 13.6505584502
2017-12-22 07:23:13 ; 28.2600000593; 28.2533336216; 28.0733336131; 27.955555386; 27.9266663869; 28.17111134; 27.8866662343; 27.7888888465; 27.8488883124; 85.5666670058; 84.1066667345; 80.4266665988; 78.2400005764; 76.5711110433; 78.1355556912; 84.6533330282; 78.1822219849; 83.4044447157; 13.6505584502
2017-12-22 07:28:16 ; 28.4444442749; 28.3688883887; 28.1888896094; 28.0644446903; 28.0111111535; 28.2799995422; 27.9911110772; 27.9199996948; 27.955555386; 81.8822218153; 80.1777779473; 76.9977779812; 75.0466666328; 73.5933336046; 75.0422224257; 81.1022223579; 75.1422222561; 79.9822223239; 13.6505584502
2017-12-22 07:33:19 ; 28.2625000079; 28.2395835718; 28.0604168971; 27.9458331267; 27.9166663488; 28.1687503258; 27.8833328883; 27.7958331505; 27.8499994278; 84.5958333015; 83.116666317; 79.5437501272; 77.3437504768; 75.6958335241; 77.3354164759; 83.6812499364; 77.3770833015; 82.558333238; 13.6505584502
2017-12-22 07:38:20 ; 28.3816326686; 28.3428569716; 28.1551026325; 28.0469389546; 28.0204082411; 28.2632649091; 28.0020408241; 27.9224488005; 27.9428569249; 83.591836579; 81.9448975544; 78.5551018228; 76.495918741; 74.9244895468; 76.3632652127; 82.5959186165; 76.4755105778; 81.5183673781; 13.6505584502
2017-12-22 07:43:26 ; 28.3367344603; 28.2857141689; 28.1183677985; 27.9795917589; 27.9530610454; 28.2142857532; 27.9163262114; 27.8306119491; 27.8653056086; 82.8285712417; 81.2244893288; 77.9204082878; 75.8081632342; 74.2795917745; 75.8530609754; 81.989795607; 75.9428572363; 81.0040815704; 13.6505584502
2017-12-22 07:48:32 ; 28.2693876928; 28.2714285169; 28.1040820297; 27.9612243419; 27.9428569249; 28.2163263438; 27.9122446021; 27.8183673158; 27.8428568159; 84.5020403181; 82.8999999689; 79.4306120581; 77.2632653373; 75.6612243652; 77.1877551955; 83.5816324974; 77.3163265306; 82.4163262503; 14.579699642
2017-12-22 07:53:38 ; 28.385416468; 28.3020832141; 28.1312505007; 28.0020833413; 27.9520831505; 28.2208333015; 27.9249997139; 27.8458331029; 27.9083329837; 82.245833079; 80.6145833333; 77.379166921; 75.3187502225; 73.7875000636; 75.3770834605; 81.46875; 75.5187501907; 80.5145829519; 14.579699642
2017-12-22 07:58:38 ; 28.2863638184; 28.2772729614; 28.0886367018; 27.9772726406; 27.9431816014; 28.1909090822; 27.8954541466; 27.8068181385; 27.8749995232; 85.1909087788; 83.6522726579; 79.9590913599; 77.8409089175; 76.1977268566; 77.7545455586; 84.2204548229; 77.7863634283; 82.9863638444; 13.4225047765
2017-12-22 08:03:49 ; 28.4367344525; 28.3489791714; 28.1714292254; 28.0448981305; 27.9877550553; 28.2673466352; 27.9693876383; 27.889795498; 27.9489793972; 81.5020406295; 79.8040813524; 76.6673468765; 74.6653060913; 73.171428914; 74.7244899516; 80.7020410032; 74.8489795607; 79.8244898271; 13.4225047765
2017-12-22 08:08:47 ; 28.2479167779; 28.2541668018; 28.0875003338; 27.9583331744; 27.6437497536; 28.1958332856; 27.8937495947; 27.795833389; 27.8479161263; 85.179166317; 83.7145835559; 80.0812501907; 77.9312502543; 143.727084955; 77.7708331744; 84.2562492688; 77.852083842; 83.1166666349; 14.579699642
2017-12-22 08:13:50 ; 28.3791662455; 28.3229163488; 28.1500005722; 28.0041666826; 27.9812499285; 28.2520831823; 27.9562498331; 27.8708328803; 27.9020829598; 81.8375005722; 80.1937497457; 77.0083333651; 74.9791666667; 73.464583238; 75.0208334923; 81.0416666667; 75.1541668574; 80.1625002225; 14.3737807906
2017-12-22 08:18:59 ; 28.2779998779; 28.2619997787; 28.1040003967; 27.9639998627; 27.9419997787; 28.225999794; 27.9319997406; 27.8179999161; 27.839999733; 83.7299996948; 82.0319995117; 78.6480001831; 76.5660003662; 75.0140002441; 76.4560003662; 82.7539993286; 76.6720004272; 81.8139997864; 14.3737807906
2017-12-22 08:24:03 ; 28.3259998703; 28.2539999771; 28.0900003433; 27.9539998245; 27.9259997177; 28.1980001068; 27.9019996262; 27.811999855; 27.8739996338; 83.1579995728; 81.6440002441; 78.2759997559; 76.1740002441; 74.5759997559; 76.1779997253; 82.376000061; 76.3060002136; 81.4300004578; 15.3209934849
2017-12-22 08:29:04 ; 28.4249997139; 28.3708328406; 28.1958340804; 28.0500001907; 28.0270834366; 28.2999992371; 28.0020833413; 27.9020829598; 27.933333079; 80.2645837466; 78.3416665395; 75.3729170163; 73.4645835559; 72.0479162534; 73.472916921; 79.2916668256; 73.7437505722; 78.6312497457; 18.8484840044
2017-12-22 08:34:08 ; 28.1739132093; 28.1652178557; 27.9978260787; 27.8869560905; 27.8695647198; 28.1413048039; 27.8347820199; 27.732608961; 27.7695650847; 86.6695647862; 85.3391305675; 81.5021742116; 79.1956521739; 77.4304346831; 79.023913342; 85.6760867575; 79.1456522734; 84.6695654496; 16.9413947703
2017-12-22 08:39:13 ; 28.4170209601; 28.3638292678; 28.1808517537; 28.0404256861; 28.0106383385; 28.2872334744; 27.9957446646; 27.8999996185; 27.9148932924; 81.1170211143; 79.3829790481; 76.3127660548; 74.3148940066; 72.8595741759; 74.3510636675; 80.236170505; 74.5106384602; 79.5297875912; 15.9822759261
2017-12-22 08:44:18 ; 28.2416666349; 28.2145831982; 28.0562502146; 27.9166663488; 27.9083329837; 28.1874998411; 27.8874997695; 27.7729166349; 27.8104164998; 84.6104168892; 82.9937499364; 79.4604167938; 77.3124996821; 75.7416666349; 77.2041668892; 83.6395832698; 77.4020837148; 82.6437505086; 14.3737807906
2017-12-22 08:49:20 ; 28.3744678903; 28.2893615885; 28.1148940553; 27.9829786585; 27.9489359754; 28.212765998; 27.9212762954; 27.848935878; 27.9021272862; 82.5872341724; 81.040425889; 77.7553191489; 75.6829790156; 74.1468085431; 75.7000001948; 81.8063833358; 75.8425533214; 80.9170215688; 15.3209934849
2017-12-22 08:54:28 ; 28.3680849278; 28.3510635457; 28.1702134153; 28.0404256861; 28.0085106708; 28.27446759; 27.9787233231; 27.8872337341; 27.9127656247; 82.4191491959; 80.6404253371; 77.4425534187; 75.44042498; 73.946808186; 75.3489362027; 81.434042261; 75.474468637; 80.5765952252; 15.9822759261
2017-12-22 08:59:36 ; 28.2729165951; 28.2145833969; 28.052083532; 27.9229163726; 27.895832936; 28.1666669846; 27.8833328883; 27.7979166508; 27.8416662216; 84.2875000636; 82.8104163806; 79.289583683; 77.102083842; 75.4708334605; 77.1041666667; 83.4062501589; 77.1625002225; 82.4708336194; 17.8966730353
2017-12-22 09:04:34 ; 28.4022723545; 28.3772722591; 28.1954552911; 28.0636366064; 28.0181818875; 28.2977265445; 28.0; 27.8954541466; 27.9295451858; 81.002272866; 79.1136356701; 76.0977271687; 74.1772731434; 72.7477273074; 74.1250003468; 80.0272723111; 74.3636361902; 79.2204541293; 17.5633904743
2017-12-22 09:09:40 ; 28.20416677; 28.1812504133; 28.0125000477; 27.8854162296; 27.8708328406; 28.133333842; 27.8395827214; 27.7437501748; 27.8104161819; 85.6124997139; 84.183333238; 80.477083683; 78.2687503497; 76.5479162534; 78.1645835241; 84.6604166031; 78.2583330472; 83.6645835241; 18.5320616217
2017-12-22 09:14:46 ; 28.3999996185; 28.3591831363; 28.1938782906; 28.0387756581; 28.0122449447; 28.2938768815; 28.0020408241; 27.8999996185; 27.9102037391; 80.8816321237; 79.0938778313; 76.0693882533; 74.0857143791; 72.6346943135; 74.1081633276; 80.0102037702; 74.34081533; 79.3285707746; 16.9413947703
2017-12-22 09:19:50 ; 28.3519994354; 28.2999992371; 28.1440005493; 28.0020000076; 27.983999939; 28.2559999084; 27.9539998245; 27.837999382; 27.8439994049; 80.3599990845; 78.3719993591; 75.447999115; 73.5339996338; 72.096000061; 73.506000061; 79.353999176; 73.9019999695; 78.8679992676; 17.5633904743
2017-12-22 09:24:56 ; 28.2999992371; 28.2200004578; 28.0911114587; 27.977777693; 27.9199996948; 28.2000007629; 27.8999996185; 27.7999992371; 27.7977770487; 79.9555558946; 77.9044450548; 75.0577768962; 73.2066657172; 71.7422217475; 73.1266655816; 78.9400000678; 73.595554267; 78.5466661241; 16.9413947703
2017-12-22 09:29:56 ; 28.110638517; 28.1042557169; 27.9361699693; 27.8063827271; 27.8191485304; 28.061702363; 27.7723403687; 27.6659578364; 27.7319151696; 86.4829786585; 85.1000002597; 81.348936852; 79.0893616372; 77.3170209844; 78.8595741759; 85.553191327; 78.9936169563; 84.4829784961; 16.9413947703
2017-12-22 09:35:06 ; 28.375999527; 28.2779995728; 28.1220004654; 27.9879999542; 27.9659998703; 28.2400000381; 27.9559998322; 27.875999527; 27.8839995575; 81.8119999695; 80.1400001526; 76.9980003357; 74.9700004578; 73.4800004578; 74.9620004272; 80.9599995422; 75.1599995422; 80.246000061; 17.5633904743
2017-12-22 09:40:08 ; 28.3608690345; 28.2999992371; 28.1173917522; 28.0; 27.9826086293; 28.2478261201; 27.9543476519; 27.8369558998; 27.8499994278; 80.7608703945; 78.8652177894; 75.8782610686; 73.9478268831; 72.4847825092; 73.9130433124; 79.8043481578; 74.2586958512; 79.3152180547; 16.5904232145
2017-12-22 09:45:12 ; 28.2999992371; 28.2130440422; 28.0978264601; 27.9782607866; 27.9130431465; 28.2000007629; 27.8999996185; 27.7978253572; 27.7999992371; 80.4608701623; 78.4891306006; 75.5478253572; 73.6630419856; 72.1456509466; 73.5739119157; 79.4543485227; 74.0260865585; 79.0608686364; 16.9413947703
2017-12-22 09:50:18 ; 28.2395828962; 28.1791673501; 28.0458335082; 27.8791662852; 27.883332928; 28.1583339373; 27.8604163726; 27.7416665554; 27.7666664124; 82.5687492688; 80.7520825068; 77.6104170481; 75.5562499364; 74.0229166349; 75.3979167938; 81.549999555; 75.785416921; 80.8229173024; 17.1610134786
2017-12-22 09:55:24 ; 28.2187499205; 28.1520834764; 27.9729165634; 27.8499999841; 27.8395831585; 28.0979169607; 27.8062500159; 27.7229167223; 27.779166619; 84.3104166985; 82.902083238; 79.3604167302; 77.2041667302; 75.5416666667; 77.1354165077; 83.4916667938; 77.2729166349; 82.5249997775; 18.1463168571
2017-12-22 10:00:29 ; 28.3106381842; 28.3021274729; 28.1382983999; 27.9872339939; 27.9680849846; 28.2489358618; 27.9595743139; 27.8595741353; 27.9170209601; 83.7361701803; 82.0999999351; 78.7510637324; 76.6170211143; 75.0468087704; 76.4914898162; 82.7234039307; 76.5595743707; 81.6765953226; 16.5904232145
2017-12-22 10:05:33 ; 28.3387754012; 28.2795918134; 28.1081636779; 27.9734692865; 27.9489793972; 28.2122449291; 27.9183670355; 27.8469385809; 27.8979587944; 83.151020595; 81.5979595574; 78.2551021965; 76.1346940021; 74.5346938153; 76.0999998754; 82.2551023522; 76.2122449291; 81.3489800278; 17.5633904743
2017-12-22 10:10:34 ; 28.360869615; 28.3239129108; 28.1456527295; 28.0239131347; 28.013043528; 28.2695649188; 27.993478236; 27.9065216728; 27.9304345172; 83.7173916361; 82.0586957517; 78.7065215733; 76.6652171923; 75.0782606705; 76.4891302689; 82.7456524061; 76.6043480583; 81.6956516763; 17.5633904743
2017-12-22 10:15:38 ; 28.3204080231; 28.2714285559; 28.1040820297; 27.9673468142; 27.9367344525; 28.197959316; 27.9061220909; 27.8265303008; 27.8857138497; 83.1755104843; 81.6244899205; 78.2693875371; 76.1612243652; 74.5673471568; 76.1489790313; 82.3224485748; 76.2408160774; 81.3918369838; 17.8966730353
2017-12-22 10:20:46 ; 27.8872339776; 27.9638298116; 27.7829789507; 27.6574467192; 27.6382977506; 27.8765958421; 27.5893614343; 27.4893615804; 27.5957445185; 84.0106381355; 82.1340422935; 78.7468083158; 76.7085110279; 75.2936169239; 76.6404256618; 83.0382979373; 76.8723405879; 82.348936365; 17.5633904743
2017-12-22 10:25:49 ; 28.5708332062; 28.4250002305; 28.2249999444; 28.0937499205; 28.0583331982; 28.3083333572; 28.0437499682; 28.0437498887; 28.1354165872; 82.6187499364; 81.370833079; 78.1375001272; 76.0395830472; 74.5291668574; 76.147916317; 82.2395830154; 75.9562500318; 80.8145829837; 16.2646141679
2017-12-22 10:30:58 ; 28.6081631719; 28.5897960663; 28.3877546739; 28.2714287894; 28.2673471412; 28.5285715376; 28.2877551877; 28.2326531313; 28.2836734616; 85.8591841094; 84.4551017917; 80.8020410343; 78.5918370461; 76.9000002803; 78.3816327465; 84.7244896402; 78.1632651504; 83.5020410966; 18.5320616217
2017-12-22 10:36:01 ; 28.5; 28.4770832459; 28.2937493324; 28.185417374; 28.1520839135; 28.4041663011; 28.1395838658; 28.0541668733; 28.0562502146; 81.9750002225; 80.2124997775; 77.0249999364; 74.9958337148; 73.4666666985; 74.9354171753; 80.8645836512; 75.1062498093; 80.2791666985; 18.5320616217
2017-12-22 10:41:04 ; 28.3979588333; 28.3530607029; 28.1918374665; 28.0571430751; 28.0571430751; 28.320407595; 28.0285715376; 27.9040812668; 27.8979587944; 80.7428573297; 78.7142855586; 75.722448855; 73.7816324039; 72.328571086; 73.704081477; 79.5653060602; 74.0653060602; 79.0653059045; 21.6861522238
2017-12-22 10:46:07 ; 28.1062503656; 28.1250004768; 27.9395831029; 27.8395827214; 27.8395827214; 28.066666921; 27.7708331347; 27.664583842; 27.7270836433; 85.9416670799; 84.5124996503; 80.7312501272; 78.464583079; 76.6812504133; 78.277083238; 84.8041669528; 78.4333335559; 84.0062497457; 17.8966730353
2017-12-22 10:51:13 ; 28.2999992371; 28.2000007629; 28.0437501669; 27.9083329837; 27.8999996185; 28.1875007153; 27.8999996185; 27.7979159355; 27.8020825783; 80.8354166349; 78.9354165395; 75.9270838102; 73.9250000318; 72.4333335559; 73.8562501272; 79.6791664759; 74.0937496821; 79.0583333969; 17.8966730353
2017-12-22 10:56:16 ; 28.0958334605; 28.0937503576; 27.9062496424; 27.7958334287; 27.7979167302; 28.0791669687; 27.7875001033; 27.6812500954; 27.7416667938; 85.2145837148; 83.7020831108; 80.0979172389; 77.933333238; 76.1583331426; 77.6625003815; 84.1145830154; 77.8020831744; 82.9979159037; 18.5320616217
2017-12-22 11:01:22 ; 28.3061222154; 28.2183674404; 28.036734834; 27.9285711561; 27.9061221298; 28.1673473047; 27.8918364778; 27.832652851; 27.8693873736; 81.7142855586; 80.0653059045; 76.9061221687; 74.8387753234; 73.2775508336; 74.7551021965; 80.683673158; 74.8448976789; 79.7387754479; 17.8966730353
2017-12-22 11:06:28 ; 28.1645834446; 28.15833354; 27.9708332221; 27.8624994755; 27.8624994755; 28.1270835002; 27.8604161342; 27.7687501907; 27.8270827532; 85.9124999046; 84.5666661263; 80.8270839055; 78.5541667938; 76.7666668892; 78.2354167302; 84.6770834923; 78.2312501272; 83.5645836194; 18.5320616217
2017-12-22 11:11:27 ; 28.3693872958; 28.2714282445; 28.1122453261; 27.981632583; 27.9653059901; 28.2469386665; 27.9653059901; 27.8857138497; 27.9489793972; 81.1510202836; 79.3918366724; 76.3326528121; 74.2836731891; 72.7734692632; 74.232652781; 80.0775512384; 74.3346940644; 79.2795913073; 18.5320616217
2017-12-22 11:16:33 ; 28.2000001401; 28.1734696992; 27.9918367036; 27.8836730256; 27.8857138497; 28.1612247545; 27.8816322015; 27.7938773486; 27.8469381916; 86.0673468454; 84.7020405361; 80.9877554446; 78.6877551955; 76.9061224801; 78.3897961986; 84.7795916188; 78.3306121826; 83.7734697303; 17.8966730353
2017-12-22 11:21:38 ; 28.3914889478; 28.2914887286; 28.1680857476; 28.0148936738; 28.0042553354; 28.2765953389; 27.9957446646; 27.9234039631; 27.9829786585; 81.2106384927; 79.4191487089; 76.3978724378; 74.3276597693; 72.829787234; 74.2255320448; 80.0680850415; 74.3638297548; 79.2595744032; 19.4968229206
2017-12-22 11:26:45 ; 28.1938777067; 28.1693882456; 27.9959183518; 27.8795913774; 27.8816322015; 28.1469392582; 27.8632647845; 27.7816324429; 27.8551014881; 85.9653057176; 84.6551023211; 80.8979596508; 78.5755104532; 76.8081632342; 78.363265057; 84.7959179002; 78.3673467831; 83.7387752922; 18.5320616217
2017-12-22 11:31:49 ; 28.387233653; 28.2957439828; 28.1680857476; 28.0127660061; 28.0063830031; 28.2936163557; 28.0021276677; 27.9191486277; 27.9851063262; 81.3829783987; 79.5872338478; 76.5297872665; 74.4702128958; 73.0595743707; 74.4000003896; 80.2978725028; 74.5340425207; 79.4319149585; 17.8966730353
2017-12-22 11:36:52 ; 28.2106383303; 28.1702131312; 28.0085106708; 27.8914889478; 27.8872336124; 28.1510643249; 27.8744676062; 27.7936168833; 27.8617016001; 85.7510637324; 84.3872343023; 80.6936171511; 78.4085107357; 76.6276595745; 78.2276593472; 84.6276592498; 78.2212763036; 83.6893620592; 16.2646141679
2017-12-22 11:41:59 ; 28.4059996414; 28.3359993744; 28.1960007477; 28.054000206; 28.0360001373; 28.3019992447; 28.0300001144; 27.9739999008; 27.9939999771; 81.2259997559; 79.4339996338; 76.4020004272; 74.3760006714; 72.8400001526; 74.2639997864; 80.113999939; 74.4740003967; 79.4659999084; 16.2646141679
2017-12-22 11:46:59 ; 28.355318597; 28.2999992371; 28.1425537353; 28.0; 28.0106383385; 28.2936163557; 28.0; 27.8893612801; 27.9063826216; 80.1127665094; 78.0744688967; 75.1808509015; 73.2276585356; 71.7638286834; 73.1212770178; 78.8723397762; 73.448937274; 78.3531911322; 15.3209934849
2017-12-22 11:52:07 ; 28.1191489849; 28.1000003409; 27.9489359754; 27.8234041498; 27.8446803397; 28.0851067076; 27.8085105571; 27.7063831573; 27.7553192301; 86.1893622216; 84.7340425532; 81.053191327; 78.8021275946; 77.0042554165; 78.4297878184; 84.8936171836; 78.5148938767; 83.9489359754; 15.3209934849
2017-12-22 11:57:12 ; 28.3382974584; 28.251063773; 28.0659576984; 27.9680849846; 27.94468064; 28.2148937469; 27.938297637; 27.8617016407; 27.8851059447; 82.7872345295; 81.1957444536; 77.9382984892; 75.8042561957; 74.1765961343; 75.6744681825; 81.7446802018; 75.8106379408; 81.0170213415; 16.2646141679
2017-12-22 12:02:15 ; 28.3204074782; 28.2693874593; 28.1000003815; 28.0; 27.9775509348; 28.2469388222; 27.9653059901; 27.8591831363; 27.8836730256; 81.2653064339; 79.3877552577; 76.3551019163; 74.3510205016; 72.8061229161; 74.2081636701; 80.0551010443; 74.4816318434; 79.5591830818; 16.2646141679
2017-12-22 12:07:22 ; 28.2999992371; 28.2000007629; 28.0755104921; 27.9306119802; 27.908162915; 28.2000007629; 27.8999996185; 27.7999992371; 27.7999992371; 80.3877549463; 78.3530612868; 75.4591838292; 73.4795913696; 71.9734690141; 73.3591836423; 79.1265307057; 73.7224491664; 78.671428914; 16.2646141679
2017-12-22 12:12:24 ; 28.1130434948; 28.0934786175; 27.9195649106; 27.8021738218; 27.8304343016; 28.0739133254; 27.7913042981; 27.6956523398; 27.7521738799; 85.9304355124; 84.4978259543; 80.8043478261; 78.5326078664; 76.7913042151; 78.1978263855; 84.7152172586; 78.4347826087; 83.880434285; 15.3209934849
2017-12-22 12:17:27 ; 28.328571086; 28.2367347017; 28.0653063716; 27.9571426937; 27.9489793972; 28.2040819051; 27.9244895079; 27.8612240383; 27.8979587944; 82.6244896091; 81.0530611933; 77.7897960118; 75.6632653061; 74.0469383707; 75.5448975855; 81.5877551643; 75.6571429506; 80.781632871; 15.9822759261
2017-12-22 12:22:32 ; 28.3130427651; 28.2521738799; 28.0956525388; 27.9891303933; 27.9652172586; 28.2434783604; 27.9565215733; 27.8586951131; 27.8673907985; 80.400000199; 78.4130433124; 75.4956519085; 73.517391039; 72.0108690676; 73.3847827082; 79.1586958844; 73.6760879185; 78.6456532686; 14.3737807906
2017-12-22 12:27:40 ; 28.2361703426; 28.1978730952; 28.0127660061; 27.9021272862; 27.8999996185; 28.1914900922; 27.8957442831; 27.7914887286; 27.7999992371; 80.7553204476; 78.7361714789; 75.7914897838; 73.8382974178; 72.3191486115; 73.6531930477; 79.5531900284; 74.0212769204; 78.9808500574; 15.3209934849
2017-12-22 12:32:43 ; 28.1520833174; 28.1062502861; 27.9291663965; 27.8187499046; 27.8229163488; 28.0750002861; 27.8083331188; 27.7375001113; 27.7937500079; 86.4895830154; 85.2624998093; 81.4854168892; 79.1562503179; 77.3229165077; 78.9166665077; 85.4666666985; 78.9166665077; 84.5250002543; 15.3209934849
2017-12-22 12:37:49 ; 28.4061220909; 28.2999992371; 28.1755108736; 28.0285715376; 28.0142857688; 28.2959176667; 28.036734834; 27.9795917589; 27.9979591759; 81.8408162642; 80.1469388689; 77.0510207196; 74.9510206884; 73.3857149397; 74.8306120269; 80.7265307368; 74.9795923038; 80.0734695123; 14.3737807906
2017-12-22 12:42:51 ; 28.3347820199; 28.2760865585; 28.1239135162; 27.9956521573; 27.9847825506; 28.267391039; 27.9760868653; 27.8717386412; 27.8956517759; 80.6826100557; 78.6543486222; 75.7521743774; 73.7826093591; 72.2891311646; 73.6739137069; 79.4239125459; 73.9239122142; 78.9195646203; 20.0102959382
2017-12-22 12:47:56 ; 28.0893615966; 28.0659576173; 27.8957444455; 27.7936171674; 27.7851064154; 28.0468086892; 27.7638298603; 27.6765959719; 27.7489363488; 87.1936171511; 85.9723403606; 82.119148579; 79.8595746629; 78.0127657627; 79.5851062207; 86.0957445185; 79.3574468734; 84.9680851064; 15.3209934849
2017-12-22 12:53:01 ; 28.4919999695; 28.3839995575; 28.2479999924; 28.1200004578; 28.0740002823; 28.3379995346; 28.0420001602; 27.9679998779; 27.9879999542; 81.8779997253; 80.2260002136; 77.0519995117; 75.0160003662; 73.5300001526; 75.0919996643; 81.073999939; 75.2820001221; 80.4260005188; 15.3209934849
2017-12-22 12:58:05 ; 28.4326084386; 28.3717386412; 28.2065224026; 28.0869568535; 28.0760872468; 28.3239124132; 28.0173913707; 27.9021735399; 27.9043474612; 80.6391301362; 78.6565213411; 75.6586950551; 73.7021726525; 72.2739123469; 73.7456512451; 79.567391437; 74.1130429143; 79.1956508471; 15.3209934849
2017-12-22 13:03:10 ; 28.3063823213; 28.2553190678; 28.1212770584; 27.9936169969; 27.9659573169; 28.2148941121; 27.8872336124; 27.7638295762; 27.7638295762; 80.4255330512; 78.3680871192; 75.4340435596; 73.4680855934; 72.0425525422; 73.4702132205; 79.3191512088; 73.9297883054; 79.0765945759; 14.3737807906
2017-12-22 13:08:15 ; 28.2060006714; 28.1820006943; 28.0060000229; 27.8939995956; 27.8879995728; 28.1040003967; 27.7979992676; 27.662000618; 27.6540005875; 80.5; 78.4680004883; 75.5219996643; 73.5779988098; 72.1139982605; 73.5359994507; 79.3700019836; 74.0219996643; 79.1879977417; 14.3737807906
2017-12-22 13:13:19 ; 28.1326092015; 28.1000003815; 27.9260866746; 27.8043470797; 27.8108688437; 28.0239131347; 27.7130440422; 27.6000003815; 27.6000003815; 80.5391298377; 78.5065216396; 75.5782596754; 73.6130417534; 72.1760846014; 73.5869551949; 79.4521746428; 74.0891290748; 79.2260856628; 15.3209934849
2017-12-22 13:18:28 ; 28.1217395948; 28.1000003815; 27.9021735399; 27.7999992371; 27.7999992371; 28.0; 27.7021746428; 27.6000003815; 27.6000003815; 80.3847832058; 78.4217403246; 75.465217922; 73.5565208767; 72.0978245942; 73.4804350812; 79.3521748418; 74.0; 79.1021726857; 14.3737807906
2017-12-22 13:23:29 ; 28.1979174217; 28.1020837228; 27.9541664918; 27.8208326499; 27.8270826737; 28.0645835797; 27.75; 27.6083337466; 27.6416672071; 80.0645826658; 78.0374995867; 75.1874995232; 73.2479159037; 71.8208340009; 73.1958327293; 79.0208330154; 73.6437497139; 78.7333327929; 14.3737807906
2017-12-22 13:28:31 ; 28.0978727138; 28.0851067076; 27.9170210006; 27.8191488956; 27.8042551812; 28.0361703507; 27.7340423503; 27.6404260676; 27.6531920737; 84.2468094521; 82.6531922361; 79.2808511612; 77.1553185646; 75.4851053116; 76.9893615398; 83.2255330187; 77.0851060583; 82.5872335231; 14.3737807906
2017-12-22 13:33:39 ; 28.2319147232; 28.1468090301; 27.9936169969; 27.8765955986; 27.8468082915; 28.0808513723; 27.7723403281; 27.6893618969; 27.725531923; 84.2170212117; 82.8127657302; 79.3255323045; 77.1382980347; 75.4936169563; 77.1574466786; 83.4617017381; 77.3425534837; 82.8042553841; 15.3209934849
2017-12-22 13:38:41 ; 28.3043470797; 28.2717387987; 28.1000003815; 28.0; 27.9260866746; 28.2000007629; 27.8978256972; 27.7934775974; 27.7956514773; 81.7456522403; 79.9956522403; 76.849999801; 74.8500004644; 73.3043478261; 74.8673910058; 80.8673911717; 75.2173913043; 80.4499992702; 14.3737807906
2017-12-22 13:43:51 ; 28.2680848304; 28.2000007629; 28.0744683692; 27.938297637; 27.8999996185; 28.1382983999; 27.8191482463; 27.7042560172; 27.70212839; 81.0999994481; 79.1446805913; 76.1297868769; 74.1595747927; 72.6595743058; 74.170212766; 80.0574470682; 74.5893606632; 79.8255318175; 14.3737807906
2017-12-22 13:48:51 ; 28.2083339691; 28.2000007629; 28.0; 27.8999996185; 27.8999996185; 28.1000003815; 27.7999992371; 27.7000007629; 27.7000007629; 80.6874985695; 78.7270824114; 75.7395830154; 73.8000016212; 72.3166685104; 73.7624998093; 79.6249987284; 74.2562494278; 79.4145844777; 14.3737807906
2017-12-22 13:53:56 ; 28.2085112714; 28.2000007629; 28.0; 27.8999996185; 27.8999996185; 28.1000003815; 27.7999992371; 27.7000007629; 27.6957454276; 80.3489365273; 78.4106390121; 75.4531922036; 73.5468077964; 72.078722203; 73.5276591524; 79.3531932425; 74.0106381355; 79.1297867146; 14.3737807906
2017-12-22 13:59:00 ; 28.204167366; 28.2000007629; 28.0; 27.8999996185; 27.8999996185; 28.1000003815; 27.7999992371; 27.7000007629; 27.7000007629; 80.0624992053; 78.1041650772; 75.1583313942; 73.254166762; 71.8333357175; 73.224998951; 79.0854153633; 73.7374986013; 78.850001653; 14.3737807906
2017-12-22 14:04:05 ; 28.2000007629; 28.2000007629; 28.0; 27.8979162772; 27.8999996185; 28.1000003815; 27.7999992371; 27.6645839612; 27.6812506914; 79.9937500954; 77.9833335876; 75.0999984741; 73.1979136467; 71.7374992371; 73.1083316803; 78.9729170799; 73.6499977112; 78.7500009537; 14.3737807906
2017-12-22 14:09:07 ; 28.1043482241; 28.1130439095; 27.9369563227; 27.8326085547; 27.8239129523; 28.0456523481; 27.7434780701; 27.5978264601; 27.6347831229; 83.8826099893; 82.2043491861; 78.8717392631; 76.7869552944; 75.1499985405; 76.6239124796; 82.9239140386; 76.8456518754; 82.3413031205; 16.2646141679
2017-12-22 14:14:13 ; 28.1829786504; 28.1191493095; 27.9574466462; 27.8531914163; 27.8170211062; 28.0468086892; 27.7361702615; 27.6531916679; 27.6957448594; 84.6659573494; 83.3404256942; 79.7489365923; 77.5638297872; 75.8765955174; 77.5595743707; 83.953191392; 77.7468086405; 83.2829789507; 16.2646141679
2017-12-22 14:19:23 ; 28.3234035817; 28.2851058473; 28.1000003815; 28.0; 27.9617019816; 28.2000007629; 27.8999996185; 27.7999992371; 27.79787161; 81.5382974503; 79.7446805264; 76.6212765308; 74.6340429428; 73.1212765308; 74.66382956; 80.6212765308; 75.0212761088; 80.2319149261; 15.3209934849
2017-12-22 14:24:23 ; 28.2937493324; 28.2000007629; 28.0854169925; 27.9562498331; 27.9041663011; 28.1645839612; 27.8458327452; 27.7104172707; 27.7187504768; 80.6208341916; 78.6041674614; 75.668750445; 73.691666762; 72.210416158; 73.7020835876; 79.5666675568; 74.1208340327; 79.2958323161; 15.0188836076
2017-12-22 14:29:26 ; 28.2173918019; 28.2000007629; 28.0152174494; 27.8999996185; 27.8999996185; 28.1000003815; 27.7999992371; 27.7000007629; 27.7000007629; 80.1369559247; 78.1413036844; 75.2086952873; 73.2782612676; 71.8434786589; 73.2586960171; 79.1152164625; 73.7934787584; 78.9130443075; 14.3737807906
2017-12-22 14:34:30 ; 28.1717394953; 28.1652180216; 27.973912944; 27.8695649271; 27.8695648442; 28.0804350894; 27.7826081981; 27.6782615496; 27.6826093922; 82.6043487217; 80.8695665442; 77.6804351807; 75.6739118825; 74.1652156996; 75.576086459; 81.6521752399; 75.8195643218; 81.1391288094; 14.3737807906
2017-12-22 14:39:38 ; 28.1645831664; 28.1145836512; 27.9520831505; 27.8312499921; 27.810416619; 28.0437501669; 27.7354166905; 27.6375002464; 27.6895834605; 85.1687498093; 83.8416666985; 80.1958333651; 77.941666762; 76.2604168256; 77.9604164759; 84.3666666349; 78.0791664124; 83.6458331744; 14.579699642
2017-12-22 14:44:41 ; 28.3808506093; 28.2999992371; 28.1510644061; 28.0; 27.9914893292; 28.2000007629; 27.8978719508; 27.7999992371; 27.7999992371; 81.7765957447; 80.0404254021; 76.9000003896; 74.8468089002; 73.374468215; 74.9191490336; 80.9106383628; 75.2723401658; 80.5234037359; 14.579699642
2017-12-22 14:49:49 ; 28.2916660309; 28.2208337784; 28.0895836751; 27.9791665872; 27.9166663488; 28.1666673024; 27.8604161342; 27.7229170799; 27.7291669846; 80.8187522888; 78.8375016848; 75.8666685422; 73.9000015259; 72.4208345413; 73.9250011444; 79.7916671435; 74.3791685104; 79.5687492688; 14.579699642
2017-12-22 14:54:52 ; 28.2106388985; 28.1978730952; 28.0148936738; 27.8999996185; 27.8999996185; 28.0978727138; 27.7999992371; 27.6659580799; 27.6808517537; 80.5723393217; 78.5829774572; 75.6170206273; 73.6680838402; 72.2276582109; 73.7042539881; 79.5106381355; 74.170211792; 79.3808528819; 14.579699642
2017-12-22 14:59:56 ; 28.2042560172; 28.2000007629; 28.0; 27.8999996185; 27.8999996185; 28.0978727138; 27.7957439828; 27.6531920737; 27.672341083; 80.5085105084; 78.5702116946; 75.5999984741; 73.6659549145; 72.2042525271; 73.695741694; 79.5127657627; 74.1616999849; 79.3489383129; 14.579699642
2017-12-22 15:04:59 ; 28.204167366; 28.1958340804; 28.0; 27.8999996185; 27.8999996185; 28.1000003815; 27.7999992371; 27.6895840565; 27.6895840565; 80.4395842552; 78.5166664124; 75.5499992371; 73.6208314896; 72.1854138374; 73.6354146004; 79.431251049; 74.1062483788; 79.2958343824; 13.6505584502
2017-12-22 15:10:07 ; 28.2063836443; 28.2000007629; 28.0; 27.8999996185; 27.8999996185; 28.1000003815; 27.79787161; 27.7000007629; 27.6914900922; 80.3297898313; 78.4042567801; 75.4425540681; 73.5595735591; 72.0574459319; 73.5042552542; 79.3063857708; 73.980851356; 79.1489338976; 13.6505584502
2017-12-22 15:15:06 ; 28.2065224026; 28.1978268416; 28.0; 27.8999996185; 27.8999996185; 28.1000003815; 27.7978253572; 27.7000007629; 27.6913050776; 80.2478259543; 78.3239157304; 75.3934798863; 73.5043477597; 72.0021738799; 73.4304358441; 79.2652183201; 73.9043492856; 79.0869551949; 14.579699642
2017-12-22 15:20:18 ; 28.2065224026; 28.2000007629; 28.0; 27.8999996185; 27.8999996185; 28.1000003815; 27.7999992371; 27.7000007629; 27.6956529203; 80.2413036512; 78.3239157304; 75.3913060064; 73.5086955195; 72.0043477597; 73.4304358441; 79.2652183201; 73.9086970454; 79.1065201137; 14.579699642
2017-12-22 15:25:19 ; 28.204167366; 28.2000007629; 28.0; 27.8979162772; 27.8999996185; 28.1000003815; 27.7999992371; 27.7000007629; 27.6979174217; 80.3416690826; 78.4000015259; 75.4500007629; 73.5854153633; 72.0749988556; 73.5041666031; 79.3083362579; 73.9916667938; 79.1770806313; 15.3209934849
2017-12-22 15:30:24 ; 28.221277034; 28.2000007629; 28.0; 27.8999996185; 27.8999996185; 28.1000003815; 27.7999992371; 27.7000007629; 27.6978730952; 80.2851073894; 78.3574489837; 75.4382988138; 73.5574459319; 72.0617011862; 73.4978723729; 79.304256845; 73.9723408476; 79.1638284237; 14.3737807906
2017-12-22 15:35:29 ; 28.2063836443; 28.2000007629; 28.0042553354; 27.8999996185; 27.8999996185; 28.1000003815; 27.7999992371; 27.7000007629; 27.6978730952; 80.3042565204; 78.3808528819; 75.4595750849; 73.5765945759; 72.078722203; 73.5127657627; 79.3085135602; 73.9914894916; 79.2148924483; 14.579699642
2017-12-22 15:40:31 ; 28.2000007629; 28.1978268416; 28.0; 27.8956517759; 27.8999996185; 28.1000003815; 27.7978253572; 27.6608701789; 27.6695658642; 80.4500007629; 78.5130432792; 75.5869551949; 73.6652148703; 72.1999969482; 73.6043462339; 79.4000015259; 74.1173895131; 79.336958512; 14.3737807906
2017-12-22 15:45:38 ; 28.2000007629; 28.1808517537; 27.9957446646; 27.8999996185; 27.8765952739; 28.0978727138; 27.7999992371; 27.6340430645; 27.6680857476; 80.3425555939; 78.421277797; 75.5042552542; 73.6021261012; 72.1212747452; 73.5361696609; 79.3276622042; 74.0127657627; 79.2234032814; 15.3209934849
2017-12-22 15:50:41 ; 28.2000007629; 28.1812506914; 27.9979166587; 27.8916662534; 27.881249547; 28.1000003815; 27.7999992371; 27.6520839135; 27.685417374; 80.2124977112; 78.2875021299; 75.4062514305; 73.5479159355; 72.0354161263; 73.4416675568; 79.2833353678; 73.9354176521; 79.0999984741; 14.3737807906
2017-12-22 15:55:45 ; 28.2061231185; 28.2000007629; 28.0; 27.8999996185; 27.8999996185; 28.1000003815; 27.7999992371; 27.7000007629; 27.7000007629; 80.0612237113; 78.1591829572; 75.265305811; 73.3897975999; 71.9367356592; 73.2816325596; 79.1346929122; 73.8040819752; 78.9612250815; 14.3737807906
2017-12-22 16:00:49 ; 28.2086962824; 28.2000007629; 28.0; 27.8999996185; 27.8999996185; 28.1000003815; 27.7999992371; 27.7000007629; 27.7000007629; 79.8478269162; 77.860869532; 75.034782078; 73.1695639569; 71.7239126123; 73.0804335553; 78.8717399265; 73.5869551949; 78.6999994361; 14.3737807906
2017-12-22 16:05:54 ; 28.0574469871; 28.0638300307; 27.8851059447; 27.7765958664; 27.7744681582; 28.0021276677; 27.7063831573; 27.6255323938; 27.6425537353; 86.3574465488; 85.0319142443; 81.3617021277; 79.1361700829; 77.4191487089; 79.0063828813; 85.4872342373; 78.8872343023; 84.6021275622; 15.5062178143
2017-12-22 16:10:57 ; 28.3446805021; 28.2446806887; 28.0957450461; 27.9617019816; 27.9340423016; 28.1574473685; 27.8510634646; 27.763829495; 27.7872337585; 83.4531917166; 81.9936169563; 78.6319148287; 76.4723406853; 74.9191488712; 76.5489360728; 82.7851062531; 76.7978723404; 82.257446776; 14.579699642
2017-12-22 16:16:01 ; 28.3478255065; 28.2978253572; 28.1413048869; 28.0; 27.9913043147; 28.2173918019; 27.9065213825; 27.7956514773; 27.8043471212; 81.7195653501; 79.9217389977; 76.8021737804; 74.7934785926; 73.295651809; 74.8086955858; 80.791304381; 75.2108690013; 80.5130439427; 14.3737807906
2017-12-22 16:21:11 ; 28.2659997559; 28.2020007324; 28.070000267; 27.9579998398; 27.9099996567; 28.1500005722; 27.837999382; 27.7060006714; 27.7040007019; 81.0180004883; 79.0620002747; 76.0480004883; 74.086000061; 72.6039997864; 74.0820001221; 79.9640005493; 74.5639994812; 79.8520001221; 13.6505584502
2017-12-22 16:26:16 ; 28.20212839; 28.2000007629; 28.0; 27.8978719508; 27.8999996185; 28.1000003815; 27.7999992371; 27.6808517537; 27.6914900922; 80.5319150559; 78.553191814; 75.5914894266; 73.6617019329; 72.191489037; 73.6212760438; 79.4553196684; 74.1531912621; 79.3595743382; 13.6505584502
2017-12-22 16:31:16 ; 28.1957454276; 28.1914900922; 27.9978723323; 27.8893612801; 27.8957442831; 28.1000003815; 27.79787161; 27.6212770584; 27.6829794214; 80.4851061233; 78.493616794; 75.5702131555; 73.6276598991; 72.1978725677; 73.5638296249; 79.427659542; 73.9851066102; 79.1319148287; 18.2729792179
2017-12-22 16:36:19 ; 28.0644445207; 28.0355556912; 27.8777773539; 27.7688890245; 27.757777871; 27.9933333079; 27.6755559285; 27.5866669973; 27.6266671499; 86.6044442071; 85.3688886854; 81.5911114163; 79.2733335707; 77.4977773031; 79.1577775743; 85.6844443427; 79.2177780151; 84.8422222561; 13.6505584502
2017-12-22 16:41:26 ; 28.3699995041; 28.2799995422; 28.1280004883; 27.9979999924; 27.9739999008; 28.1900007248; 27.8819995499; 27.7879994202; 27.7979992676; 81.5740000916; 79.8320002747; 76.7080004883; 74.6780001831; 73.2219998169; 74.7219996643; 80.6939997864; 75.0879998779; 80.28; 13.6505584502
2017-12-22 16:46:32 ; 28.2866661496; 28.2244448344; 28.0911114587; 27.9799999237; 27.9244441562; 28.1711117638; 27.8555550045; 27.735555776; 27.7244448344; 80.36222229; 78.3533325195; 75.4088882446; 73.4733325534; 72.0222225613; 73.4733330621; 79.3155549791; 73.9577770657; 79.0511116876; 13.6505584502
2017-12-22 16:51:40 ; 28.0553193194; 28.061702363; 27.8914889478; 27.7787235341; 27.7851065372; 28.0042553354; 27.700000073; 27.5936173784; 27.6191493907; 85.8042555464; 84.3191497478; 80.6808515508; 78.4404257916; 76.7382978074; 78.3510636675; 84.7617030042; 78.3765951928; 83.9404253047; 13.6505584502
2017-12-22 16:56:52 ; 28.2765952983; 28.2127662009; 28.0574470277; 27.938297637; 27.8872336124; 28.1212770584; 27.8170209844; 27.7234043365; 27.7468084376; 82.487234075; 80.9106380381; 77.6531919114; 75.5680853661; 74.0319150559; 75.6489366572; 81.7170210493; 75.914893617; 81.1680849765; 13.6505584502
2017-12-22 17:01:59 ; 28.2956514773; 28.2130440422; 28.0913046961; 27.9760868653; 27.9086953039; 28.1543484149; 27.8456515851; 27.7217395617; 27.7173918019; 80.6000001327; 78.6065217723; 75.6717391636; 73.7195651842; 72.2586950219; 73.7586955195; 79.5847826419; 74.1804340197; 79.326086459; 13.6505584502
2017-12-22 17:06:57 ; 28.1209306939; 28.1441865965; 27.9627905557; 27.8488370319; 27.8511625778; 28.0627909372; 27.7604647792; 27.6627913187; 27.6581401381; 83.6581397833; 81.9534885495; 78.6674416121; 76.5744174691; 75.0488366415; 76.5162784665; 82.644186153; 76.6604640872; 82.0651161726; 13.6505584502
2017-12-22 17:12:02 ; 28.2152172586; 28.1456523564; 27.9826086293; 27.8673912546; 27.8304345504; 28.0586958761; 27.75; 27.6586958429; 27.6978261782; 84.8152175572; 83.4804347494; 79.8630437436; 77.6586953868; 75.9891304348; 77.6891300367; 84.0543479919; 77.8847825424; 83.391304182; 13.6505584502
2017-12-22 17:17:08 ; 28.3799995422; 28.2999992371; 28.1644450718; 28.0; 27.9955555386; 28.2000007629; 27.8999996185; 27.7999992371; 27.7955548604; 81.4488889906; 79.6533331977; 76.5711110433; 74.5488888211; 73.1088892619; 74.6066665649; 80.5599997626; 75.0266664293; 80.2066665649; 13.6505584502
2017-12-22 17:22:12 ; 28.272916317; 28.2166671753; 28.0750002861; 27.9562498331; 27.9104163249; 28.1500005722; 27.8354160388; 27.7125005722; 27.7083339691; 80.6770825386; 78.666665554; 75.722916762; 73.754166921; 72.3104170163; 73.8104159037; 79.6208327611; 74.2583328883; 79.4645838737; 13.6505584502
2017-12-22 17:27:18 ; 28.2043485227; 28.2000007629; 28.0; 27.8999996185; 27.8999996185; 28.1000003815; 27.7999992371; 27.6521744935; 27.6630441002; 80.3521741784; 78.3630435778; 75.4239128776; 73.5; 72.0760857955; 73.534782078; 79.3347838029; 74.0043477597; 79.1478266509; 13.6505584502
2017-12-22 17:32:25 ; 28.2000007629; 28.1979599388; 28.0; 27.8938771462; 27.8836730256; 28.1000003815; 27.7938768815; 27.6204086226; 27.6387760396; 80.2224493221; 78.2755109826; 75.3244902942; 73.4204089106; 71.9795921481; 73.4142870222; 79.251021249; 73.8816344592; 79.0285709926; 13.6505584502
2017-12-22 17:37:27 ; 28.2086962824; 28.2000007629; 28.0; 27.8999996185; 27.8999996185; 28.1000003815; 27.7999992371; 27.6956529203; 27.6869572349; 80.2695664116; 78.3391325577; 75.3847843668; 73.4891306006; 72.0239126786; 73.465217922; 79.2934805829; 73.9369574837; 79.0717380358; 13.6505584502
2017-12-22 17:42:37 ; 28.2106388985; 28.2000007629; 28.0; 27.8999996185; 27.8999996185; 28.1000003815; 27.7999992371; 27.7000007629; 27.6914900922; 79.9468093223; 77.9680852687; 75.0999989611; 73.1936155279; 71.7723404905; 73.1404246878; 78.9574471332; 73.6659560508; 78.755318662; 18.2729792179
2017-12-22 17:47:36 ; 28.053333452; 28.0333334605; 27.8688883887; 27.7644445207; 27.7533334096; 27.9911110772; 27.6911115011; 27.6088893043; 27.6266671499; 87.1199998644; 85.9355555216; 82.0466671414; 79.7888888889; 78.0311109755; 79.6088885837; 86.1422222561; 79.5022218492; 85.2866670397; 13.6505584502
2017-12-22 17:52:41 ; 28.3511105855; 28.2666664124; 28.088889228; 27.9844443851; 27.9422220018; 28.1688895331; 27.8688883887; 27.7755551656; 27.7888882955; 82.5999998305; 81.0111111111; 77.7600002713; 75.6666673448; 74.1177776761; 75.7177778456; 81.8222220527; 76.0155556573; 81.3533330282; 13.6505584502
2017-12-22 17:57:46 ; 28.2999992371; 28.2395834923; 28.0958336989; 27.9937499762; 27.9291663965; 28.1958340804; 27.8791662057; 27.75; 27.7604165077; 81.1479167938; 79.2250002225; 76.1999999682; 74.2104166349; 72.7187496821; 74.2312499682; 80.1229160627; 74.6583337784; 79.8916664124; 13.6505584502
2017-12-22 18:02:52 ; 28.2638295762; 28.2000007629; 28.0723407015; 27.9063826216; 27.8999996185; 28.1042557169; 27.7999992371; 27.7000007629; 27.7000007629; 80.5148937144; 78.5255320123; 75.6042548646; 73.6340416442; 72.1680838402; 73.610637259; 79.4468093223; 74.1170196533; 79.2765952577; 0 
2017-12-22 18:07:55 ; 28.1765964183; 28.1148940553; 27.9808509908; 27.8851059447; 27.8595739324; 28.0234043446; 27.7702124575; 27.6659580799; 27.6914900922; 80.4319159325; 78.5595753447; 75.4638303391; 73.5085105084; 72.07872269; 73.7148934222; 79.3170229323; 73.9234054241; 79.0531906777; 0 
2017-12-22 18:13:05 ; 28.1000003815; 27.9659573169; 27.8999996185; 27.8021269048; 27.7744677118; 27.8361695878; 27.7000007629; 27.6212770584; 27.6829794214; 80.6702101687; 79.0553183048; 75.6085089826; 73.5914879657; 72.304257819; 74.323405002; 79.4361711867; 73.8702147464; 79.0106381355; 0 
2017-12-22 18:18:14 ; 28.0479168495; 27.8999996185; 27.8916662534; 27.7979159355; 27.7020840645; 27.7375001907; 27.7000007629; 27.6541672548; 27.6895840565; 80.6437481244; 79.1249980927; 75.5874986649; 73.522916317; 72.3062529564; 74.4458341599; 79.3687518438; 73.6999991735; 78.8125012716; 0 
2017-12-22 18:23:17 ; 27.927659542; 27.819148855; 27.7978722187; 27.7276593878; 27.6319153968; 27.6468090707; 27.6531920737; 27.6276600615; 27.6468090707; 84.5872343347; 83.5042550919; 79.4893621891; 77.2489369169; 75.9063824593; 78.1276608731; 83.3574460618; 76.8744678903; 82.3595733643; 0 
2017-12-22 18:28:21 ; 28.0108696067; 27.8434780784; 27.8260867492; 27.7499999585; 27.6326091186; 27.6565221704; 27.6304352802; 27.6304352802; 27.6826090605; 85.0565215401; 84.2239132757; 79.9521741452; 77.5630431797; 76.2413041488; 78.7000000995; 83.9891302689; 77.419564952; 82.9391303684; 0 
2017-12-22 18:33:22 ; 28.1020837228; 27.9874999523; 27.947916468; 27.8833328883; 27.75; 27.7999992371; 27.7062506676; 27.7020840645; 27.7708330154; 82.4479160309; 81.2374998728; 77.3499997457; 75.1562496821; 73.9583326976; 76.3145831426; 81.2145838737; 75.1479171117; 80.4354160627; 0 
2017-12-22 18:38:31 ; 28.0541668733; 27.8999996185; 27.8999996185; 27.7999992371; 27.7020840645; 27.7062506676; 27.7000007629; 27.6979174217; 27.6937507391; 81.8416665395; 80.4499993324; 76.7020834287; 74.5333331426; 73.3687500954; 75.6583328247; 80.5520833333; 74.6333328883; 79.8687499364; 0 
2017-12-22 18:43:33 ; 28.0404256861; 27.8999996185; 27.8851059447; 27.79787161; 27.7000007629; 27.7000007629; 27.6978730952; 27.6276600615; 27.6936177599; 81.5957432199; 80.2127638472; 76.5021276271; 74.344683221; 73.1808483043; 75.4723408476; 80.3234067876; 74.4361711867; 79.6595720332; 0 
2017-12-22 18:48:39 ; 28.0234043446; 27.8999996185; 27.882978277; 27.7936163557; 27.6957454276; 27.7000007629; 27.6808517537; 27.6021280492; 27.6872347568; 81.4319159325; 80.0936155928; 76.3744700006; 74.2553196359; 73.0617011862; 75.3255345771; 80.1638272874; 74.304258306; 79.5; 0 
2017-12-22 18:53:45 ; 28.018367417; 27.8999996185; 27.8918363221; 27.7959176667; 27.6959191147; 27.7000007629; 27.6938782906; 27.6673475772; 27.6959191147; 81.3020416571; 79.9489803703; 76.2673478418; 74.1387735484; 72.977551363; 75.2122441506; 80.0367341334; 74.2081627359; 79.3938782361; 0 
2017-12-22 18:58:50 ; 28.0319150154; 27.8999996185; 27.8808506093; 27.7999992371; 27.7000007629; 27.7000007629; 27.7000007629; 27.7000007629; 27.7000007629; 81.0914879657; 79.6978698081; 76.0617011862; 73.9085120343; 72.8000024024; 75.0595735591; 79.8404274798; 74.0042552542; 79.1191471181; 0 
2017-12-22 19:03:53 ; 28.0312501192; 27.8999996185; 27.8854162296; 27.7979159355; 27.6979174217; 27.7000007629; 27.7000007629; 27.6958340804; 27.6958340804; 81.0645823479; 79.6499977112; 76.0145831108; 73.8979182243; 72.7374992371; 74.9895834923; 79.7645842234; 73.9812502861; 79.1020817757; 0 
2017-12-22 19:08:57 ; 28.0285715376; 27.8999996185; 27.8816322015; 27.7938768815; 27.7000007629; 27.7000007629; 27.7000007629; 27.6979599388; 27.6938782906; 81.0306117778; 79.620406326; 75.9959184296; 73.8836752444; 72.7163244753; 74.9489803703; 79.724488706; 73.9224501629; 79.0755090519; 0 
2017-12-22 19:14:05 ; 28.006521764; 27.8999996185; 27.8608690345; 27.7782604383; 27.6913050776; 27.7000007629; 27.7000007629; 27.6934789989; 27.6978268416; 80.8630455681; 79.4521746428; 75.8217398602; 73.7195638574; 72.5913029546; 74.7891311646; 79.5478253572; 73.8065235304; 78.9260880843; 0 
2017-12-22 19:19:05 ; 28.0255320123; 27.8999996185; 27.8744676062; 27.7893611015; 27.6936177599; 27.7000007629; 27.7000007629; 27.6957454276; 27.6914900922; 80.7319150884; 79.3382987164; 75.7106380057; 73.6255299994; 72.4744684747; 74.6659550768; 79.4297878184; 73.6914870891; 78.7574474254; 0 
2017-12-22 19:24:10 ; 27.9302326469; 27.8279067638; 27.8139532666; 27.7465112819; 27.6372098257; 27.6581401381; 27.6720936797; 27.6534889576; 27.6674424992; 84.0069768152; 82.9790688448; 78.9767438312; 76.7790704772; 75.4558149826; 77.7093021482; 82.7418597909; 76.4372090184; 81.758139322; 0 
2017-12-22 19:29:17 ; 28.0326531858; 27.8428570884; 27.8326530067; 27.755101963; 27.6408165134; 27.6571429506; 27.6448983173; 27.6591838136; 27.6979592771; 85.3306120269; 84.5448980526; 80.2326532481; 77.8387757905; 76.5040818818; 79.0040815704; 84.2448978035; 77.6346938464; 83.1142856831; 0 
2017-12-22 19:34:22 ; 28.1816333459; 28.0; 27.9959183518; 27.9020404426; 27.7999992371; 27.8020400612; 27.7959176667; 27.7959176667; 27.7959176667; 82.106122231; 80.8346942201; 77.0; 74.8163266863; 73.6734692321; 76.0285711483; 80.9020409097; 74.8938774576; 80.0306116221; 0 
2017-12-22 19:39:26 ; 28.1020837228; 27.9354164203; 27.9187496901; 27.8395827214; 27.7312502861; 27.7687497139; 27.7062506676; 27.7000007629; 27.6979174217; 81.4375001589; 80.0083343188; 76.2562497457; 74.1208340327; 73.0; 75.316666921; 80.0895829201; 74.277083238; 79.4312508901; 0 
2017-12-22 19:44:34 ; 28.0319150154; 27.8999996185; 27.8872336124; 27.7999992371; 27.7000007629; 27.7000007629; 27.7000007629; 27.6978730952; 27.6914900922; 81.223402632; 79.8255339278; 76.1297852536; 73.9765961018; 72.8723423735; 75.1191471181; 79.9595750849; 74.1638274497; 79.2872356658; 0 
2017-12-22 19:49:36 ; 28.0333334605; 27.8999996185; 27.8911106957; 27.7999992371; 27.7000007629; 27.7000007629; 27.7000007629; 27.6955563015; 27.7000007629; 81.0711105347; 79.6844448513; 76.0088887533; 73.8755564372; 72.7666663276; 75.0044443766; 79.7977778117; 74.0111109416; 79.106666904; 0 
2017-12-22 19:54:45 ; 28.0285715376; 27.8999996185; 27.8877546739; 27.7999992371; 27.7000007629; 27.7000007629; 27.7000007629; 27.7000007629; 27.6897966424; 80.7591836112; 79.3428595407; 75.7122438392; 73.6122431852; 72.5; 74.6918353645; 79.4469395852; 73.7306112173; 78.8000014947; 0 
2017-12-22 19:59:52 ; 28.0270834366; 27.8999996185; 27.881249547; 27.7999992371; 27.7000007629; 27.7000007629; 27.7000007629; 27.7000007629; 27.6895840565; 80.6937484741; 79.2979192734; 75.668747584; 73.5895819664; 72.4708337784; 74.6562476158; 79.3979182243; 73.6958303452; 78.741666158; 0 
2017-12-22 20:04:54 ; 28.0152174494; 27.8999996185; 27.8956517759; 27.7999992371; 27.7000007629; 27.7000007629; 27.7000007629; 27.7000007629; 27.6978268416; 80.6804326928; 79.2695664116; 75.6586932307; 73.567390276; 72.4195664447; 74.6065201137; 79.3652194479; 73.6804320294; 78.7086941263; 0 
2017-12-22 20:09:56 ; 28.0085106708; 27.8999996185; 27.8744676062; 27.7936163557; 27.6893624245; 27.7000007629; 27.6957454276; 27.6702134153; 27.6765964183; 80.5276591524; 79.1191471181; 75.4936171187; 73.4234054241; 72.297874613; 74.5085105084; 79.2255304215; 73.519148644; 78.5914879657; 0 
2017-12-22 20:15:04 ; 28.018367417; 27.8979587944; 27.8673464327; 27.7836729556; 27.6775516977; 27.7000007629; 27.6775516977; 27.6448985119; 27.6918374665; 80.5306117778; 79.1102024001; 75.5; 73.4632658666; 72.3020433698; 74.5061223556; 79.2306112173; 73.5204078519; 78.6040800445; 0 
2017-12-22 20:20:10 ; 27.9066666921; 27.7911110772; 27.7777777354; 27.7066665649; 27.6088893043; 27.6222226885; 27.6377783034; 27.6355560727; 27.6511116876; 85.1666668362; 84.1622214423; 80.044444614; 77.8933342828; 76.4644458347; 78.8199996948; 84.0088882446; 77.3555557251; 82.8866663615; 0 
2017-12-22 20:25:15 ; 28.073469668; 27.8816325519; 27.867346822; 27.7775509503; 27.66734711; 27.6857143324; 27.6775512695; 27.6938776678; 27.7204081477; 85.0632651193; 84.3000004048; 79.9857146594; 77.6122447423; 76.2959182116; 78.8367345382; 84.0367349119; 77.4591835178; 82.9142856209; 0 
2017-12-22 20:30:22 ; 28.1693884013; 28.0; 27.9979591759; 27.9020404426; 27.7999992371; 27.8020400612; 27.7959176667; 27.7877545259; 27.7938768815; 82.5816323417; 81.3816329022; 77.4836732514; 75.2795911516; 74.1204080387; 76.489795607; 81.3816327465; 75.3285713974; 80.5673471568; 0 
2017-12-22 20:35:24 ; 28.1000003815; 27.9367344525; 27.9122445632; 27.8469381916; 27.7285717555; 27.7755098148; 27.7020415481; 27.7000007629; 27.7020415481; 81.8081633899; 80.4653058733; 76.6795912762; 74.5224491042; 73.3591834866; 75.7306121515; 80.4897962298; 74.6122441194; 79.8530608197; 0 
2017-12-22 20:40:28 ; 28.1000003815; 27.8999996185; 27.8999996185; 27.7999992371; 27.7000007629; 27.7040823333; 27.7000007629; 27.7000007629; 27.7000007629; 81.467347437; 80.0448972741; 76.3346960885; 74.1918348974; 73.0306117778; 75.3224512217; 80.1061208297; 74.3000007162; 79.4714290074; 0 
2017-12-22 20:45:35 ; 28.0395834843; 27.8999996185; 27.895832936; 27.7999992371; 27.7000007629; 27.7000007629; 27.7000007629; 27.7000007629; 27.6979174217; 81.179166317; 79.785416921; 76.1083316803; 73.9708337784; 72.8437507947; 75.1020817757; 79.8729176521; 74.0833320618; 79.1854166985; 0 
2017-12-22 20:50:40 ; 28.0108696067; 27.8956517759; 27.8543472705; 27.7934775974; 27.6826093922; 27.7000007629; 27.6630441002; 27.6347831229; 27.6717397856; 80.9891306006; 79.5695641559; 75.8826104869; 73.8021765999; 72.6760842696; 74.9260880843; 79.6130417534; 73.8543500486; 78.9913044805; 0 
2017-12-22 20:55:43 ; 28.0166667302; 27.8999996185; 27.8624994755; 27.7916660309; 27.685417374; 27.7000007629; 27.6750006676; 27.6416672071; 27.6812506914; 80.9083347321; 79.5166664124; 75.854168574; 73.766667525; 72.6333312988; 74.8875017166; 79.6041650772; 73.8291689555; 78.9750003815; 0 
2017-12-22 21:00:50 ; 28.0204082411; 27.8999996185; 27.8795913774; 27.7918360963; 27.7000007629; 27.7000007629; 27.7000007629; 27.6897966424; 27.6938782906; 80.7448984263; 79.3612264516; 75.7285719891; 73.6163247556; 72.4836737185; 74.7081618017; 79.4183685926; 73.6897936451; 78.7673476861; 0 
2017-12-22 21:05:53 ; 28.0; 27.8790694392; 27.8581391268; 27.7744182321; 27.6581401381; 27.6883728116; 27.6837216311; 27.6325586452; 27.6720936797; 81.9790693771; 80.6441847335; 76.9604650098; 74.8976750928; 73.6627917622; 75.8883718446; 80.7023256879; 74.72093041; 79.8930216944; 0 
2017-12-22 21:11:08 ; 27.9340000534; 27.7740000153; 27.7559999847; 27.698000145; 27.580000267; 27.5960002899; 27.5880003357; 27.5940003586; 27.6480003357; 86.356000061; 85.6239997864; 81.1400001526; 78.7219998169; 77.3220001221; 79.9100001526; 85.2380001831; 78.41; 84.0099998474; 0 
2017-12-22 21:16:10 ; 28.1541672548; 28.0; 27.9874999523; 27.8999996185; 27.7874994278; 27.7999992371; 27.772916317; 27.7916660309; 27.7999992371; 82.9749994278; 81.8812500636; 77.9270830154; 75.6229160627; 74.495833238; 76.9208332698; 81.8500003815; 75.6791664759; 80.9708329837; 0 
2017-12-22 21:21:16 ; 28.1000003815; 27.9276592985; 27.9085102893; 27.8297865847; 27.7255322882; 27.7680848304; 27.70212839; 27.7000007629; 27.7106388985; 82.251064057; 80.9297865198; 77.1063833034; 74.9595734617; 73.7489362676; 76.125532272; 80.9510634402; 74.9744678254; 80.2361701803; 0 
2017-12-22 21:26:23 ; 28.0760002899; 27.8999996185; 27.8999996185; 27.7999992371; 27.7000007629; 27.7000007629; 27.7000007629; 27.7000007629; 27.7000007629; 81.7160003662; 80.3700004578; 76.6279988098; 74.4640005493; 73.2800003052; 75.6179983521; 80.4340005493; 74.5519992065; 79.7480000305; 0 
2017-12-22 21:31:26 ; 28.0297873477; 27.8999996185; 27.8851059447; 27.7999992371; 27.7000007629; 27.7000007629; 27.7000007629; 27.6808517537; 27.6893624245; 81.4000015259; 80.0446801693; 76.3297890196; 74.2361693687; 73.0425525422; 75.3425555939; 80.1297852536; 74.2872358282; 79.4744684747; 0 
2017-12-22 21:36:26 ; 28.0159091516; 27.8999996185; 27.8863632029; 27.7999992371; 27.7000007629; 27.7000007629; 27.7000007629; 27.6772734035; 27.6886370832; 81.2113621452; 79.8681838296; 76.15454379; 74.0295450037; 72.9136376814; 75.1522712708; 79.9409099926; 74.1340890364; 79.2931825464; 0 
2017-12-22 21:41:34 ; 28.0270834366; 27.8999996185; 27.8874995708; 27.795832634; 27.7000007629; 27.7000007629; 27.7000007629; 27.6875007153; 27.6875007153; 80.9812502861; 79.5958323479; 75.9604172707; 73.8416686058; 72.7041652997; 74.9791669846; 79.6999993324; 73.927084446; 79.045832634; 0 
2017-12-22 21:46:39 ; 28.0217392134; 27.8999996185; 27.8695647198; 27.7826081981; 27.6869572349; 27.7000007629; 27.7000007629; 27.6391309655; 27.6869572349; 80.8913060064; 79.5108693994; 75.8586973107; 73.7630442744; 72.6260850326; 74.8869582466; 79.6043462339; 73.8195668096; 78.9630440422; 0 
2017-12-22 21:51:39 ; 28.0270834366; 27.8999996185; 27.8874995708; 27.7916660309; 27.7000007629; 27.7000007629; 27.7000007629; 27.6791673501; 27.6875007153; 80.6791653633; 79.297917366; 75.6604148547; 73.568748951; 72.4479174614; 74.6708318392; 79.3750011126; 73.6520811717; 78.7479170163; 0 
2017-12-22 21:56:45 ; 27.888888677; 27.7711112976; 27.7511112637; 27.684444597; 27.5755558438; 27.588889228; 27.6266671499; 27.6200004578; 27.6377783034; 86.6422225952; 85.8955552843; 81.5822223239; 79.1422225952; 77.6777779473; 80.1977774726; 85.7022220188; 78.6000001695; 84.2577779134; 0 
2017-12-22 22:01:51 ; 28.1511116876; 27.9577776167; 27.9511109246; 27.8555551741; 27.7488886939; 27.7599997626; 27.7288888719; 27.7533331129; 27.7777773539; 83.9777779473; 83.0644443088; 78.937778049; 76.6288891262; 75.4155553182; 77.8866667006; 82.9133332994; 76.5222218831; 81.8644443088; 0 
2017-12-22 22:06:56 ; 28.1297877291; 27.9872339939; 27.9553189785; 27.8808506093; 27.7744677118; 27.7999992371; 27.7574466949; 27.7489361864; 27.7553190678; 81.9106383628; 80.5978721456; 76.7723408151; 74.6297868769; 73.4531912296; 75.8255319798; 80.5638288133; 74.6255319474; 79.8085106383; 0 
2017-12-22 22:12:04 ; 28.0625002384; 27.8999996185; 27.895832936; 27.7999992371; 27.7000007629; 27.704167366; 27.7000007629; 27.6979174217; 27.6958340804; 81.1770836512; 79.7312501272; 76.0395825704; 73.914583683; 72.7937498093; 75.0708324114; 79.8083337148; 74.0041666031; 79.1229163806; 0 
2017-12-22 22:17:02 ; 28.0136364157; 27.8954541466; 27.8863632029; 27.7909084667; 27.6909098192; 27.697728027; 27.1363643408; 27.6227277409; 27.6863643473; 81.2159096111; 79.7818180431; 76.1022729007; 74.0090909438; 72.9090921229; 75.2204546495; 79.954544761; 74.0249990983; 79.0954544761; 0 
2017-12-22 22:22:06 ; 27.8869565052; 27.741304439; 27.7260870312; 27.6717394539; 27.5543480334; 27.5673915614; 27.5586958761; 27.5608697974; 27.6239135162; 87.0652175572; 86.4304346831; 81.9195652837; 79.4630435446; 78.0239131762; 80.6586957185; 86.0108693994; 79.0760866248; 84.7108696647; 0 
2017-12-22 22:27:13 ; 28.1612251048; 27.9918367036; 27.9673468142; 27.8836730256; 27.7673466741; 27.7857137408; 27.755101963; 27.7693874593; 27.7938768815; 82.3163263749; 81.1612243652; 77.2714286337; 75.0836729711; 73.9244897025; 76.3469386198; 81.1591838915; 75.0918368904; 80.2244901073; 0 
2017-12-22 22:32:15 ; 28.089362043; 27.9297869662; 27.9127656247; 27.8255312494; 27.7170217798; 27.7553190678; 27.7042560172; 27.7063836443; 27.7148940715; 80.9765962641; 79.5234042229; 75.8340421636; 73.7191485141; 72.6021280492; 74.9255311033; 79.572341432; 73.8191481245; 78.8574468734; 0 
2017-12-22 22:37:24 ; 27.9155554454; 27.8111111535; 27.7955555386; 27.7177775913; 27.611111535; 27.6266671499; 27.6533339183; 27.6222226885; 27.6533339183; 85.017777337; 84.1266657511; 79.944444614; 77.5177785238; 76.215556505; 78.6622221205; 83.7199998644; 77.1911107381; 82.6444444444; 0 
2017-12-22 22:42:26 ; 28.1062504053; 27.9145831267; 27.9041664998; 27.8208332062; 27.7000000477; 27.7208332221; 27.6916668812; 27.7062500715; 27.7437498172; 84.2124999364; 83.3541669846; 79.1750000318; 76.8291665713; 75.6125000318; 78.147916317; 83.1687501272; 76.7395831744; 82.0166664124; 0 
2017-12-22 22:47:45 ; 28.1638304122; 28.0; 27.9978723323; 27.9085102893; 27.7999992371; 27.8021269048; 27.7999992371; 27.7893611015; 27.7936163557; 81.6765959719; 80.380851421; 76.5723406203; 74.4404257916; 73.3106379408; 75.663830047; 80.3957444861; 74.4914893292; 79.5914899136; 0 
2017-12-22 22:52:51 ; 28.0979595574; 27.9285711561; 27.908162915; 27.8326524228; 27.7285717555; 27.755101963; 27.7040823333; 27.7000007629; 27.7000007629; 80.9632649324; 79.5265306745; 75.8469383084; 73.7428573297; 72.6469391803; 74.9428561464; 79.6000006539; 73.8387754791; 78.8897957315; 0 
2017-12-22 22:57:51 ; 27.9045452205; 27.7931819396; 27.7840910391; 27.7090908831; 27.5977276455; 27.6090913252; 27.6386368925; 27.6227277409; 27.6477278363; 85.9840908051; 85.0613630468; 80.7954550656; 78.5363644687; 77.0772732821; 79.5409089869; 84.7954538519; 78.0477274114; 83.5568183552; 0 
2017-12-22 23:02:54 ; 28.1291671594; 27.9562498331; 27.9291663965; 27.8499997457; 27.7187499603; 27.7499998808; 27.7166666587; 27.7374998728; 27.7999997934; 84.0833330154; 83.2354164124; 79.0708335241; 76.7437499364; 75.5166667302; 78.03125; 83.0520834923; 76.6083334287; 81.8979167938; 0 
2017-12-22 23:08:00 ; 28.1693884013; 28.0265307135; 28.0; 27.9183670355; 27.8081625335; 27.8408157193; 27.7979584519; 27.7897953111; 27.8122444153; 81.7612247078; 80.4653058733; 76.6469385575; 74.5061223556; 73.3714283534; 75.734694189; 80.4326528432; 74.4979589034; 79.622449291; 0 
