2017-12-15 00:00:57 ; 27.0872340913; 27.080851007; 26.9063829463; 26.4638294058; 26.0255317282; 25.5446806969; 25.163829844; 24.8617023306; 24.8234044339; 70.3638299171; 72.5510641057; 68.6276597368; 70.0085101838; 71.2574465326; 75.4000005519; 83.0446807374; 77.3255318175; 83.4936170375; 0
2017-12-15 00:06:00 ; 28.6395830313; 27.9104168018; 27.4979169369; 27.0437501272; 26.4729168812; 25.9104168018; 25.4791668256; 25.087500294; 24.9312498172; 80.2770835559; 85.1916662852; 80.5895829201; 81.0500000318; 82.4041663806; 88.2833331426; 95.2312499682; 91.3604170481; 97.8770837784; 0
2017-12-15 00:11:05 ; 28.8914890695; 28.2723400846; 27.8893612801; 27.5255320123; 26.9893616615; 26.4170212035; 25.8893616047; 25.4574468491; 25.1914893617; 85.6106382329; 89.8085111253; 85.3808507716; 85.1723405554; 86.453191392; 91.8000002922; 97.8276594446; 93.8382974178; 99.6595754421; 0 
2017-12-15 00:16:13 ; 28.8306119101; 28.3734692943; 28.1102041906; 27.7877550709; 27.3632653295; 26.9469388845; 26.5693877473; 26.1979591603; 25.7959184452; 83.0612246455; 86.4448978658; 80.4489795918; 80.2795917745; 80.9877548218; 86.8693881911; 93.2673464405; 88.5102040816; 94.9469384952; 0 
2017-12-15 00:21:13 ; 28.8936166155; 28.5510640246; 28.3659569355; 28.0787237046; 27.7659571222; 27.5085106708; 27.2851062531; 27.0085107519; 26.5148936738; 78.7659569598; 81.33617044; 75.2680855609; 75.3021280816; 75.6829785286; 79.7319141144; 88.0212759464; 80.6936166642; 88.9659579663; 0
2017-12-15 00:26:18 ; 28.4955551995; 28.2; 28.0555553436; 27.8533336216; 27.6222221798; 27.4444442325; 27.2466668023; 27.0466668447; 26.7200003306; 84.3133329603; 87.511110772; 81.2733334012; 80.502223036; 80.6000001695; 85.4133326213; 92.0177780151; 85.5311109755; 91.6555557251; 0 
2017-12-15 00:31:28 ; 28.3999996185; 28.1000003815; 27.983999939; 27.8119992828; 27.5860003281; 27.461999855; 27.2739998245; 27.092000351; 26.7579998779; 80.6979998779; 83.1440000916; 76.6899998474; 76.1519998169; 76.0480001831; 79.6100003052; 87.383999939; 79.5059994507; 86.7800004578; 0 
2017-12-15 00:36:26 ; 28.3645828168; 28.1000003815; 27.9958333174; 27.8104159435; 27.6270838181; 27.5020833413; 27.3999996185; 27.2000007629; 26.8687494993; 79.1895833015; 81.3958328565; 74.9833339055; 74.5687503815; 74.3729166985; 77.227083842; 84.5104163488; 77.0729166667; 83.9083336194; 0 
2017-12-15 00:41:34 ; 28.25; 27.9833332698; 27.8979162772; 27.7604165077; 27.5916670163; 27.5; 27.3979162772; 27.1979174217; 26.8624994755; 78.8125012716; 80.9125003815; 74.4770835241; 74.0770829519; 73.8458345731; 76.4687501589; 83.6416660945; 76.200000445; 82.8083333969; 0 
2017-12-15 00:46:44 ; 28.1319153968; 27.8914889478; 27.8191482463; 27.6468090707; 27.4957446646; 27.438297637; 27.3063822401; 27.1000003815; 26.8042545724; 78.6936158525; 80.7106375187; 74.2404255968; 73.8212775372; 73.5106379732; 75.9000000649; 82.8148941689; 75.4127656653; 82.019149131; 0 
2017-12-15 00:51:52 ; 28.0041666826; 27.7895828883; 27.702083985; 27.5729169448; 27.3937495947; 27.343749404; 27.2333335876; 27.0812503099; 26.7520833015; 78.7875019709; 80.8395846685; 74.3291683197; 73.8583348592; 73.5062499046; 75.8375000954; 82.7916668256; 75.3249996503; 81.9395826658; 0 
2017-12-15 00:56:53 ; 27.908162915; 27.6755108347; 27.5857146127; 27.4530610454; 27.3265299505; 27.2469388222; 27.1428576878; 26.9918367036; 26.6795925218; 78.8938787032; 80.920409222; 74.4183685926; 73.9204093777; 73.5755090519; 75.8857152511; 82.8326531235; 75.3591834866; 81.6877548841; 0 
2017-12-15 01:01:59 ; 27.8081625335; 27.5857146127; 27.4959183518; 27.389795498; 27.2224494; 27.1795925218; 27.0489797787; 26.9040812668; 26.6061228538; 79.0551012; 81.1530598232; 74.6244885192; 74.1387741712; 73.7163258767; 76.083672504; 83.1204083501; 75.5081626736; 82.0673466897; 0 
2017-12-15 01:07:01 ; 27.7638295762; 27.5021276677; 27.4021272862; 27.3042545724; 27.1361707322; 27.1000003815; 27.0; 26.8063822401; 26.5404256861; 79.1531901258; 81.2553194736; 74.6808496029; 74.2127656328; 73.7595752148; 76.0957445185; 83.0723406203; 75.4276597043; 82.0425530292; 0 
2017-12-15 01:12:08 ; 27.7999992371; 27.5333334605; 27.3999996185; 27.3095230829; 27.1095242273; 27.1000003815; 27.0; 26.8095230829; 26.5047619229; 78.8071436201; 80.9595233372; 74.4500000363; 74.0571419852; 73.6404751369; 75.9619047982; 82.9499998547; 75.3023810614; 81.880951836; 0 
2017-12-15 01:17:11 ; 27.8770828644; 27.6000003815; 27.5; 27.381249547; 27.1812506914; 27.1166671117; 27.0; 26.8749995232; 26.5916670163; 78.2479170163; 80.370833238; 74.0020839373; 73.643749555; 73.2687500318; 75.512500604; 82.4479165077; 75.035416762; 81.4104164441; 0 
2017-12-15 01:22:19 ; 27.8187497854; 27.552083532; 27.4333333174; 27.3187498252; 27.1354171832; 27.1020837228; 26.9666667779; 26.822916468; 26.5562502146; 81.4333338737; 84.1729162534; 77.9604159991; 77.2562492688; 76.9979171753; 80.2291660309; 87.0895835559; 79.6083335876; 85.8291660945; 0 
2017-12-15 01:27:21 ; 27.9212767013; 27.5617021601; 27.4127659493; 27.2468085188; 27.0574470277; 26.9468083077; 26.8212766039; 26.6659575523; 26.4510636431; 81.1914896864; 84.0510640246; 77.5617019978; 76.8382980671; 76.499999513; 79.7723408151; 87.4319147962; 79.0191488063; 85.6744676955; 0 
2017-12-15 01:32:25 ; 28.018367417; 27.7204078363; 27.5795921404; 27.416326445; 27.2020406918; 27.110204502; 26.9632653217; 26.8265304565; 26.5632655475; 82.0020407852; 84.9367348807; 78.7387749808; 78.1000000311; 78.012244244; 81.6897958249; 88.6183669421; 80.9428566135; 87.0612248012; 0 
2017-12-15 01:37:32 ; 28.0404256861; 27.6893616534; 27.5446810215; 27.3638295924; 27.1638299252; 27.0404256861; 26.8914891913; 26.7638297791; 26.5170213415; 80.6914893617; 83.421276336; 76.9787234043; 76.3361702777; 76.097872308; 79.3531919439; 86.9106385251; 78.4361705374; 85.0872341724; 0 
2017-12-15 01:42:40 ; 28.0212766769; 27.7340423909; 27.5808512505; 27.4170214065; 27.223404093; 27.0957450461; 26.9638299333; 26.8361701965; 26.5702130338; 82.5489362351; 85.5042557412; 79.3234038657; 78.5893617995; 78.3617024523; 82.1595741434; 89.0148933898; 81.4170210818; 87.3042552218; 0 
2017-12-15 01:47:43 ; 28.0729169448; 27.7249999046; 27.5687502623; 27.3999997377; 27.1958334843; 27.0708336035; 26.9291663965; 26.7854166031; 26.5270834366; 80.2270833651; 82.8562494914; 76.4895834923; 75.8916664124; 75.6354169846; 78.7499996821; 86.2020834287; 77.9229164124; 84.3000006676; 0 
2017-12-15 01:52:53 ; 27.9617021439; 27.6872339046; 27.5255320123; 27.3702130419; 27.1680849765; 27.0638299496; 26.917021447; 26.7893617914; 26.5361703507; 83.402127692; 86.374468215; 80.1255321097; 79.3063831735; 79.1382978723; 83.0212767581; 89.8382982295; 82.1723403931; 88.2595742408; 0 
2017-12-15 01:57:58 ; 28.1106387199; 27.7574466949; 27.5936173784; 27.4170210006; 27.2000001136; 27.0872343753; 26.9468083077; 26.7936169239; 26.5297873477; 79.9851062856; 82.6617017705; 76.3191494232; 75.7936172485; 75.5340423584; 78.6468085431; 86.0723406203; 77.8531911322; 84.2808511612; 0 
2017-12-15 02:03:04 ; 27.9708332221; 27.6708333095; 27.5354166826; 27.3729167382; 27.1708333492; 27.0458334684; 26.9041666587; 26.7729167144; 26.5375001431; 83.6499994596; 86.7375000318; 80.5145831108; 79.6645832062; 79.4124995867; 83.4708334605; 90.335416317; 82.5166665713; 88.6083331108; 0 
2017-12-15 02:08:16 ; 28.1065221455; 27.7608694408; 27.6065221455; 27.4282605959; 27.2152174245; 27.1152178308; 26.9630433373; 26.8239127864; 26.5434784267; 79.6608697642; 82.2152177562; 75.8913045137; 75.3478264187; 75.123913143; 78.1565218386; 85.4282611349; 77.3869560905; 83.6891307002; 0 
2017-12-15 02:13:26 ; 27.9124996662; 27.6270833015; 27.5; 27.3333333731; 27.1625001033; 27.0229167144; 26.8895831505; 26.75208354; 26.5187500715; 83.7041668892; 86.6770831744; 80.3041667938; 79.2895830472; 79.0541666349; 83.0562499364; 90.1916662852; 82.1416664124; 88.3395833969; 0 
2017-12-15 02:18:27 ; 28.1125004292; 27.7874998252; 27.6395838658; 27.4562498331; 27.2416665554; 27.1291671594; 26.9937499762; 26.8374996583; 26.5500001907; 79.6812502543; 82.3604167302; 76.0958331426; 75.5562504133; 75.4437500636; 78.6250001589; 85.9875001907; 77.9854170481; 84.1833337148; 0
2017-12-15 02:23:36 ; 27.8999996185; 27.5872342942; 27.4574466462; 27.2978722593; 27.0872343347; 26.9553189785; 26.8042552623; 26.6638301687; 26.4510636431; 83.9170217311; 86.8829787234; 80.4829786585; 79.4787235666; 79.2063825891; 83.2063832384; 90.0978726326; 82.1510642843; 88.1893614099; 0 
2017-12-15 02:28:40 ; 28.0695654828; 27.760869192; 27.6239135162; 27.4413041239; 27.2260870312; 27.1282613588; 26.9695651013; 26.8217386992; 26.53260882; 81.3391302358; 84.1499997015; 78.0239135079; 77.3217395285; 77.2869559578; 80.934782277; 87.7978265182; 80.3152170596; 86.0913044473; 0 
2017-12-15 02:33:48 ; 27.9750000636; 27.639583389; 27.4937499762; 27.324999849; 27.1125004292; 26.9749999046; 26.8270833095; 26.6791668336; 26.4458331267; 81.4479161898; 84.2229164441; 77.7187501589; 76.9354171753; 76.6770828565; 80.1479166349; 87.5437499682; 79.1875001589; 85.5833334923; 0 
2017-12-15 02:38:56 ; 27.9624998967; 27.668749849; 27.5187500715; 27.3520834446; 27.1458331744; 27.014583389; 26.8520835241; 26.7187499603; 26.4895832936; 83.5999995867; 86.5625; 80.3916672071; 79.4458343188; 79.2791665395; 83.429166317; 90.1854163806; 82.5500003497; 88.5104166667; 0 
2017-12-15 02:43:57 ; 28.0895836751; 27.7562498649; 27.6000003815; 27.4270830552; 27.2125000556; 27.0812503099; 26.9229164918; 26.7791665792; 26.4958333174; 80.1458330154; 82.8104163806; 76.4895830154; 75.8895837466; 75.7750002543; 79.0145837466; 86.379166921; 78.2479163806; 84.5229172707; 0
2017-12-15 02:49:05 ; 27.933333079; 27.6104169289; 27.4708332221; 27.3166664441; 27.1125003497; 26.9666665395; 26.8062499364; 26.6666669846; 26.4437497854; 84.1145830154; 87.0749999682; 80.8749995232; 79.8104166985; 79.5104163488; 83.5208333333; 90.3208333651; 82.71875; 88.6270831426; 0 
2017-12-15 02:54:09 ; 28.1021743028; 27.7869561651; 27.6347831229; 27.4521737721; 27.2391303519; 27.1260874375; 26.9695651842; 26.8217387821; 26.53260882; 81.4043482905; 84.2413043147; 78.2456520744; 77.6369565881; 77.5652172254; 81.2891305011; 87.9978257884; 80.4108694325; 86.5586957517; 0 
2017-12-15 02:59:13 ; 27.9571426937; 27.6224490574; 27.4918367036; 27.3102039804; 27.0979595574; 26.9693876383; 26.8040816638; 26.66734711; 26.4367344525; 81.8367343825; 84.5040815704; 78.0530611933; 77.2510206261; 76.9755102664; 80.5244895779; 87.9122443686; 79.5653063716; 86.020408319; 0 
2017-12-15 03:04:14 ; 27.9822221544; 27.6799997542; 27.5333334605; 27.3577779134; 27.1577776591; 27.0400001526; 26.8711112552; 26.719999822; 26.4911110772; 83.3355558607; 86.2355558607; 80.168888855; 79.382222663; 79.2288886176; 83.2155551487; 89.7733334012; 82.6266664293; 88.36222229; 0 
2017-12-15 03:09:20 ; 28.0916670163; 27.7312499285; 27.5770836274; 27.3895831108; 27.1687501669; 27.0500001907; 26.8812499046; 26.7229166428; 26.4583331744; 80.2041667302; 82.8874996503; 76.6041666667; 76.0229166349; 75.8270834287; 79.129166762; 86.5624996821; 78.3125006358; 84.7812503179; 0
2017-12-15 03:14:24 ; 27.9183670355; 27.6061225035; 27.4591835178; 27.3040817027; 27.100000109; 26.963265166; 26.7979593472; 26.6571429895; 26.444897749; 84.5857146905; 87.6897959806; 81.506122667; 80.422449073; 80.2020406918; 84.4551019474; 91.1877551955; 83.6081634833; 89.6346938464; 0 
2017-12-15 03:19:30 ; 28.128571919; 27.8224486526; 27.6551026325; 27.463265166; 27.2408162331; 27.1306127431; 26.9897958794; 26.8346935584; 26.5326531858; 80.3244896714; 83.0693874748; 76.9244900139; 76.4061226358; 76.3183671601; 79.8040819752; 86.9714288517; 79.2571426703; 85.5122448668; 0
2017-12-15 03:24:34 ; 27.9199996948; 27.5900003052; 27.4579998398; 27.2999998856; 27.0900003433; 26.961999855; 26.8039998245; 26.6560004044; 26.4419997787; 83.2699995422; 85.9880001831; 79.6600001526; 78.633999939; 78.3240000916; 82.0779997253; 89.0919999695; 81.126000061; 87.3179998779; 0 
2017-12-15 03:29:40 ; 27.9520833492; 27.6520829995; 27.5187500715; 27.3333333333; 27.1499999762; 27.0229167541; 26.8708334366; 26.7041664918; 26.4583331744; 83.4125000636; 86.366666158; 80.3000000318; 79.3749996821; 79.1937499046; 83.2791665395; 89.8166664441; 82.5229169528; 88.2750002543; 0 
2017-12-15 03:34:45 ; 28.0346940099; 27.6959182973; 27.5408164822; 27.3612242718; 27.1469392582; 27.0081632964; 26.8693876072; 26.708163242; 26.4551018695; 80.8224491976; 83.7632658044; 77.5591837046; 76.9102040505; 76.8285717088; 80.5183672224; 87.7897958561; 79.8448979903; 85.6122450537; 0
2017-12-15 03:39:46 ; 27.893477896; 27.5500001907; 27.4021735399; 27.2478261616; 27.0391305841; 26.8717386412; 26.700000141; 26.5760872468; 26.3804343265; 83.3413042815; 86.1804343514; 79.8934780618; 78.8956519417; 78.6434782277; 82.5760871224; 89.5021738799; 81.4065221704; 87.4347824428; 0 
2017-12-15 03:44:52 ; 27.908163421; 27.6142854885; 27.4653059901; 27.2795918523; 27.0673471957; 26.944897749; 26.7857142857; 26.6448978502; 26.4061220909; 83.883673376; 86.8632655241; 80.8285713974; 79.8387759462; 79.6999997509; 83.8285717088; 90.2653062782; 82.9612239915; 88.5591835489; 0 
2017-12-15 03:49:57 ; 28.0297873477; 27.6978723648; 27.5340426831; 27.3468081698; 27.117021723; 26.9765956554; 26.8255317363; 26.6765958908; 26.4212762954; 81.6170214389; 84.6468083808; 78.6702130906; 77.993617281; 77.9765954525; 81.8148930326; 88.6893610853; 81.2702128634; 86.9340425857; 0 
2017-12-15 03:55:03 ; 27.9624998569; 27.608333389; 27.4458331267; 27.2645833492; 27.0500001907; 26.8916662534; 26.7145834366; 26.5770835479; 26.343749404; 82.429166317; 85.2916671435; 78.9687496821; 78.0270835559; 77.8354171117; 81.6624999046; 88.8124996821; 80.8229168256; 86.9812490145; 0
2017-12-15 04:00:06 ; 27.9624998569; 27.6270833015; 27.4666665395; 27.2833334605; 27.066666921; 26.9145830075; 26.7645835479; 26.6104166508; 26.3770828644; 84.3437506358; 87.5312498411; 81.6020832062; 80.6041665077; 80.4458330472; 84.7395834923; 91.2895830472; 84.0020836194; 89.835416158; 0 
2017-12-15 04:05:08 ; 28.0702130338; 27.7382978074; 27.5680853661; 27.3765954363; 27.1510642437; 27.0021276677; 26.8510635457; 26.678723599; 26.4319146339; 82.3340420013; 85.3510633428; 79.5042554165; 78.7276596719; 78.6446812406; 82.6170211143; 89.2404254345; 82.1170214389; 87.5531914894; 0 
2017-12-15 04:10:17 ; 28.0320001221; 27.6699999619; 27.5; 27.3259999466; 27.1060002518; 26.9439997864; 26.7820000076; 26.6240000916; 26.3879995728; 81.4979998779; 84.2979998779; 78.0040002441; 77.2660002136; 77.0900003052; 80.7559994507; 88.0799998474; 79.9780003357; 86.3580004883; 0
2017-12-15 04:15:17 ; 27.945999794; 27.6180000687; 27.461999855; 27.2860000992; 27.0720001221; 26.9059996414; 26.7560001755; 26.5960000229; 26.3659994888; 84.5080000305; 87.6559999084; 81.6319999695; 80.5959997559; 80.4319999695; 84.7799995422; 91.2999998474; 83.9819999695; 89.8400001526; 0 
2017-12-15 04:20:24 ; 28.0395834843; 27.7124997775; 27.5541668733; 27.3729165395; 27.1291670799; 27.0; 26.8479164839; 26.6895833413; 26.4145830075; 82.6437501907; 85.6624995867; 79.8062499364; 79.008333842; 78.9208335876; 83.0312495232; 89.6104160945; 82.6562503179; 88.1583333015; 0 
2017-12-15 04:25:32 ; 28.02765968; 27.6680850983; 27.5085106708; 27.3148935602; 27.0936173784; 26.9425529723; 26.7702127416; 26.6255321097; 26.3744676062; 81.1553192139; 84.1255319474; 77.8914893942; 77.2127662821; 77.1659571871; 80.8425529967; 88.242553224; 80.119149066; 86.0808511288; 0
2017-12-15 04:30:38 ; 27.9083330234; 27.5541668733; 27.3937495947; 27.2250000636; 27.0166667302; 26.8624994755; 26.6875001987; 26.5541668733; 26.3354160388; 83.995833079; 87.0104168256; 80.9916664759; 79.9437503815; 79.6437498728; 83.7375003497; 90.4812499682; 82.8374996185; 88.8520832062; 0 
2017-12-15 04:35:44 ; 27.9749999046; 27.6479164759; 27.4874999523; 27.2895832459; 27.0812503099; 26.9520831505; 26.7791665792; 26.6437500715; 26.3874995708; 83.6833333969; 86.7020840645; 80.8854166667; 79.9854168892; 79.8083335559; 84.0687495867; 90.4312497775; 83.3999997775; 89.012500445; 0 
2017-12-15 04:40:48 ; 28.0836737886; 27.7306121126; 27.5714288439; 27.3795916499; 27.1387758839; 26.9959183518; 26.8408162642; 26.6734693878; 26.4040812668; 80.5040818818; 83.3795918056; 77.3102040194; 76.671428914; 76.6061220753; 80.2265304254; 87.669387506; 79.6040816015; 85.7734689518; 0
2017-12-15 04:45:52 ; 27.9469385731; 27.6020411667; 27.463265166; 27.2857141689; 27.0632655475; 26.9122445632; 26.7693877707; 26.6040819908; 26.3877546739; 83.6122447423; 86.5897957938; 80.3755100795; 79.3836738431; 79.130612276; 83.0775510827; 89.7693876928; 82.1000001868; 88.2183672847; 0 
2017-12-15 04:51:05 ; 28.0479168495; 27.7354163329; 27.5791669687; 27.391666611; 27.1645836035; 27.0500001907; 26.9020833572; 26.7208330234; 26.4562498331; 82.5812497139; 85.4812498093; 79.5916666985; 78.6770834923; 78.5520830154; 82.5458331108; 89.0145831108; 81.9687504768; 87.7208329837; 0 
2017-12-15 04:56:14 ; 28.0291667779; 27.6875000397; 27.5312501192; 27.3479164044; 27.1250004371; 26.9937499762; 26.8395832777; 26.6666667859; 26.4083329837; 80.5958333015; 83.1666661898; 76.9000002543; 76.1791672707; 75.9437508583; 79.241666317; 86.4604164759; 78.3729166985; 84.4624997775; 0 
2017-12-15 05:01:18 ; 27.9159997559; 27.6239998245; 27.4899999619; 27.320000267; 27.1160000229; 26.9859999466; 26.8300002289; 26.6759999466; 26.4239997101; 83.353999939; 86.2699998474; 80.1420002747; 79.2060003662; 79.0060002136; 82.9619998169; 89.7219998169; 82.1280001831; 87.9439996338; 0 
2017-12-15 05:06:23 ; 28.0085106708; 27.6978725677; 27.5425533538; 27.3638293084; 27.1382983999; 27.0148936738; 26.8702123114; 26.7148937469; 26.4361699693; 80.6489363325; 83.4829786585; 77.368085009; 76.7617018679; 76.678723599; 80.1872336205; 87.1446807537; 79.6723412047; 85.4872334257; 0
2017-12-15 05:11:24 ; 27.8617020871; 27.5255320123; 27.3893612801; 27.1914895646; 26.9936169969; 26.8510632616; 26.6744683854; 26.5404256861; 26.3234035817; 82.8914890695; 85.6510637973; 79.4489363001; 78.4148934547; 78.1297873639; 81.8893619294; 88.9170217311; 80.9702135451; 86.9765954525; 0 
2017-12-15 05:16:30 ; 27.9319146339; 27.6106381518; 27.4489359754; 27.2553191895; 27.0404256861; 26.910637957; 26.7468085188; 26.6127661035; 26.327659404; 83.3765961667; 86.5425528668; 80.5191492933; 79.5787230147; 79.4489359754; 83.5617026471; 90.1893618969; 82.6765962966; 88.6978724054; 0 
2017-12-15 05:21:33 ; 28.0333334605; 27.7020834287; 27.5229167541; 27.3374996583; 27.0916670163; 26.9520831505; 26.7979164918; 26.6479170322; 26.347916166; 80.4916666349; 83.3312503497; 77.3666671117; 76.7604169846; 76.6958330472; 80.3229168256; 87.3208335241; 79.5458332698; 85.6041665077; 0
2017-12-15 05:26:36 ; 27.933333079; 27.5812502702; 27.4145830075; 27.2187500795; 27.0020833413; 26.8458327452; 26.6708336274; 26.5395834843; 26.2937495311; 82.6104165713; 85.4729166031; 79.3312501907; 78.4520831108; 78.152083238; 82.0500000318; 88.9624994596; 80.9666665395; 87.2666664124; 0 
2017-12-15 05:31:45 ; 27.9469385731; 27.6224489017; 27.4428569249; 27.246938939; 27.0346940099; 26.8775505533; 26.7142857921; 26.5510206028; 26.289795895; 83.4836735628; 86.7122447734; 80.7918369527; 79.8387756348; 79.6734698549; 83.9816327776; 90.5551019785; 83.2530607885; 89.1142853717; 0 
2017-12-15 05:36:57 ; 28.0041666826; 27.6833333969; 27.5083333651; 27.3229163488; 27.0791669687; 26.9249997139; 26.7687498331; 26.5958336989; 26.320832928; 82.3166659673; 85.4354163806; 79.5124998093; 78.7125004133; 78.7083330154; 82.7437499364; 89.1895839373; 82.2229170799; 87.924999555; 0 
2017-12-15 05:42:00 ; 28.0125000477; 27.6666666269; 27.5; 27.3041665157; 27.0729169448; 26.9020829598; 26.7416666349; 26.5750002861; 26.2999997934; 80.9458340009; 83.8583327929; 77.8249999682; 77.1083337466; 77.0604166985; 80.7916668256; 88.0416663488; 80.0687500636; 86.0312501589; 0 
2017-12-15 05:47:04 ; 27.9260866746; 27.5782611681; 27.4086953039; 27.2239130684; 27.0108696067; 26.8521733491; 26.66304381; 26.5043478427; 26.2608693994; 83.2369560573; 86.1739132093; 80.1521737472; 79.1739132093; 78.9717388982; 82.9565220708; 89.5695654828; 81.956521905; 87.9630437105; 0 
2017-12-15 05:52:07 ; 27.9239127947; 27.6065216894; 27.4347823599; 27.2413043976; 27.013043528; 26.8478259626; 26.700000058; 26.5217392134; 26.2739131762; 83.723912944; 86.8369563559; 80.9826087952; 80.0173915365; 79.9347826087; 84.2239127781; 90.7173914702; 83.6065214406; 89.1043477266; 0 
2017-12-15 05:57:22 ; 28.0346940099; 27.6979591603; 27.5102041206; 27.3265303008; 27.0775513162; 26.9204078596; 26.7632652205; 26.5857146127; 26.3102037469; 82.0693879419; 85.2102038325; 79.3979591837; 78.6816326842; 78.5959181494; 82.6714281355; 89.2387756036; 82.3020405672; 87.8693885025; 0 
2017-12-15 06:02:30 ; 28.0125000477; 27.6458333731; 27.4687498808; 27.2708332936; 27.0541668733; 26.8895829519; 26.722916762; 26.5458334684; 26.2895832856; 81.174999396; 83.9895828565; 77.8270831108; 77.1000003815; 76.8812499046; 80.5124998093; 87.7791665395; 79.6750000318; 86.1000000636; 0 
2017-12-15 06:07:35 ; 27.9695651013; 27.6391304265; 27.4891303933; 27.2891305841; 27.0760872468; 26.9130431465; 26.7543480915; 26.5978260455; 26.3347821443; 83.7391299372; 86.8847830399; 80.963043047; 79.9391307002; 79.8217388651; 84.0499997346; 90.6956516763; 83.4499999337; 89.2086959507; 0 
2017-12-15 06:12:44 ; 28.0265307913; 27.7020406918; 27.5346940099; 27.3387752455; 27.1081636779; 26.9673468142; 26.8204079453; 26.6448980837; 26.3571424679; 81.3999999689; 84.2918366413; 78.5346941267; 77.7367348184; 77.6285707123; 81.4326529989; 87.85714239; 80.9877548218; 86.4000007474; 18.2729792179
2017-12-15 06:17:47 ; 27.6127661035; 27.3319147394; 27.1191491066; 26.9276592985; 26.7276595501; 26.6382980347; 26.3191488956; 26.0787233799; 25.9808509908; 84.9936169563; 87.7319144391; 82.2276593472; 81.4829781715; 81.1276597368; 85.3638295924; 92.1063829787; 86.1872337828; 91.2638296574; 14.579699642
2017-12-15 06:22:54 ; 28.0836737886; 27.8448977568; 27.5857146127; 27.3591834866; 27.1999999455; 27.1959182194; 26.7571427092; 26.4428570806; 26.1734696602; 81.5510205639; 83.9816327776; 78.5836732825; 78.1653065584; 77.8714286648; 81.1612243652; 89.3183676272; 83.0571424523; 88.2612239293; 14.579699642
2017-12-15 06:27:59 ; 27.9239127532; 27.7304348324; 27.486956472; 27.2804347743; 27.1934783355; 27.2586957268; 26.7586956853; 26.4195649106; 26.19130458; 82.1065216064; 84.1913044142; 78.4108697642; 77.6847826087; 76.9478262196; 79.7369565549; 88.2456520744; 81.6195655491; 87.1869566544; 16.4304326721
2017-12-15 06:33:01 ; 27.5956520412; 27.5413040907; 27.3239133669; 27.1434782692; 27.0847825175; 27.2108697891; 26.7304349982; 26.4717390226; 26.2152175489; 77.5499998176; 78.1869561569; 72.7000001824; 72.186955991; 71.5304347329; 72.652173913; 80.8913051771; 74.1478263192; 79.6956523398; 14.579699642
2017-12-15 06:38:08 ; 28.0833332141; 27.9458333651; 27.7020831903; 27.5104166269; 27.3958336115; 27.5812499126; 27.183333238; 27.0791666508; 26.7854167223; 78.1791664759; 79.3541667461; 73.7562500636; 73.2625000477; 72.5333332221; 73.6604164441; 81.4854168892; 74.4249998728; 80.3270840645; 16.4304326721
2017-12-15 06:43:11 ; 28.0900001144; 27.9959999847; 27.7600001526; 27.5640002441; 27.5100000381; 27.7879997253; 27.4879999542; 27.4239997101; 27.1340003586; 84.2359999084; 85.6759996033; 79.8379998779; 78.85; 77.5499998474; 78.77; 86.613999939; 78.2979998779; 83.8499996948; 14.579699642
2017-12-15 06:48:14 ; 28.5979170005; 28.4812499682; 28.2187501192; 28.0208334128; 27.9541665713; 28.2291663488; 27.9208332698; 27.8562498093; 27.5375001431; 83.7229166031; 85.2437497775; 79.2500004768; 78.3312503497; 77.1645832062; 78.4624999364; 86.2541664441; 78.2499998411; 84.0583335559; 14.579699642
2017-12-15 06:53:28 ; 28.6914894429; 28.6085110522; 28.3595742165; 28.2170213334; 28.1829790156; 28.4297869662; 28.0851067076; 27.9872339939; 27.6680857476; 81.7978718534; 83.0595743707; 77.0936168914; 76.2063827515; 75.0957441939; 76.1425532889; 83.789361832; 76.4425529318; 82.0872336854; 14.579699642
2017-12-15 06:58:29 ; 28.5583335559; 28.4979166587; 28.2854166428; 28.1645837228; 28.1520839135; 28.3874995708; 28.0291667779; 27.9062496424; 27.6020837228; 81.9291666349; 83.0479167302; 76.9125002225; 75.9708333015; 74.8229163488; 76.0270835559; 83.9166661898; 76.8437507947; 82.6937499046; 14.3737807906
2017-12-15 07:03:38 ; 28.4571426937; 28.4285711561; 28.2163266941; 28.118367526; 28.124490154; 28.3591831363; 27.9836734071; 27.853060664; 27.5428573063; 84.3081630785; 85.4346937841; 79.1122450537; 77.8469387755; 76.5081632964; 77.7999999377; 85.8061222933; 78.2530612556; 84.1387757282; 14.3737807906
2017-12-15 07:08:43 ; 28.4130434783; 28.3891303436; 28.1978260952; 28.0956525388; 28.0630437188; 28.2956516846; 27.9217388319; 27.767391039; 27.4652172586; 82.2543479256; 83.2282607037; 77.056521706; 76.0565215401; 74.8021737804; 75.8217388651; 83.6760869234; 76.5521739462; 81.9869565549; 15.3209934849
2017-12-15 07:13:45 ; 28.3680850496; 28.299999927; 28.1212769366; 28.0106383385; 27.9957446646; 28.2255320853; 27.8446802586; 27.6914896458; 27.4319146339; 80.7829787883; 81.7212766282; 75.6085107682; 74.7808511612; 73.6212765308; 74.7063827515; 82.4893615398; 75.7723401658; 81.2553193113; 15.3209934849
2017-12-15 07:18:53 ; 28.3148934385; 28.274468077; 28.0893620024; 27.9808509908; 27.9808509908; 28.2255322882; 27.8382972555; 27.7255322882; 27.4276592985; 84.2638296574; 85.3978726001; 79.0425533538; 77.6702130906; 76.3659572195; 77.6255319474; 85.7574471007; 78.2255318824; 83.8574460618; 15.3209934849
2017-12-15 07:23:56 ; 28.4255318743; 28.3808508528; 28.1978726083; 28.0957450461; 28.0638300307; 28.285105969; 27.910637957; 27.7553190678; 27.4702126523; 81.6531915868; 82.5702126686; 76.4042553191; 75.4276598667; 74.242552737; 75.2106380057; 83.0531908401; 76.0553186295; 81.6276594121; 15.3209934849
2017-12-15 07:28:59 ; 28.3734692554; 28.3122447656; 28.126531056; 28.0204082411; 28.0163265929; 28.2408164667; 27.8448973675; 27.7040821387; 27.4183670355; 81.1897961364; 82.1367344759; 75.9693879108; 75.0510204082; 73.9163267175; 75.0224494156; 82.8959182428; 76.1367346316; 81.9102037391; 15.3209934849
2017-12-15 07:34:05 ; 28.3340426912; 28.3063830924; 28.1234044826; 28.0234043446; 28.0063830031; 28.2553190678; 27.8702122709; 27.7127660386; 27.4425529723; 83.302127757; 84.3382979048; 78.053191327; 76.8617019653; 75.5319147313; 76.6680851388; 84.7127664444; 77.4063826216; 83.0234037359; 15.3209934849
2017-12-15 07:39:08 ; 28.433333079; 28.3577774048; 28.1666672601; 28.0622224596; 28.0533335368; 28.2666664124; 27.8733328501; 27.7155559116; 27.4177774641; 79.5533331977; 80.3955556234; 74.3444444444; 73.6200002035; 72.5800004747; 73.4244447496; 81.0111111111; 74.5600001017; 80.0399995592; 18.142609647
2017-12-15 07:44:14 ; 28.2723403687; 28.2446809322; 28.0723407015; 27.97234032; 27.9638296493; 28.2106388173; 27.8255312494; 27.6638304122; 27.4021272862; 83.9042553191; 84.9914890046; 78.5851065453; 77.2702125387; 75.9361703751; 77.2489364299; 85.3914892318; 78.0212765957; 83.7127659574; 16.2646141679
2017-12-15 07:49:21 ; 28.4102040894; 28.3551018384; 28.1714289918; 28.073469668; 28.0612247233; 28.2816322482; 27.8938771462; 27.7367348574; 26.9020406607; 81.9632653995; 82.8510206573; 76.6959178691; 75.6755100172; 74.4489795918; 75.3489798721; 83.2836738119; 76.3000000934; 81.724490263; 16.2646141679
2017-12-15 07:54:28 ; 28.3739998627; 28.3159998703; 28.1380003738; 28.0320001221; 28.0260000992; 28.2440000916; 27.8459994125; 27.7020005798; 27.4179996872; 80.9319999695; 81.826000061; 75.6680003357; 74.7299998474; 73.5919998169; 74.6399998474; 82.4699998474; 75.8059999084; 81.4500003052; 16.2646141679
2017-12-15 07:59:31 ; 28.3062500556; 28.2833335002; 28.1083334684; 28.0062500238; 27.9979166587; 28.2458335559; 27.8499994278; 27.7166668971; 27.433333079; 84.1687498093; 85.2187496821; 78.8937500318; 77.5583340327; 76.1583337784; 77.3312501907; 85.4312505722; 77.9666665395; 83.616666317; 16.2646141679
2017-12-15 08:04:33 ; 28.4586954946; 28.3760864838; 28.1891310319; 28.0891307748; 28.0673915614; 28.2847821194; 27.8891300118; 27.7347827994; 27.4565215733; 79.3717387656; 80.1173908399; 74.1260870229; 73.4717393958; 72.4434786258; 73.2304350812; 80.8434783272; 74.3978258216; 79.8000002322; 18.142609647
2017-12-15 08:09:36 ; 28.2645833095; 28.2229168018; 28.0645835797; 27.9541664918; 27.9520831505; 28.2083338102; 27.812499404; 27.6479172309; 27.4020829598; 84.4854167302; 85.5500000318; 79.1229168574; 77.7333335876; 76.379166921; 77.7166666985; 86.0062503815; 78.5208333333; 84.3145836194; 16.2646141679
2017-12-15 08:14:43 ; 28.4693876383; 28.3918363221; 28.2081638258; 28.0979595574; 28.0857146127; 28.2959177056; 27.8979587944; 27.7387756815; 27.4612243419; 78.814285434; 79.5020406295; 73.5408167936; 72.9346942512; 71.9448986443; 72.6632649947; 80.2204077584; 73.9428569249; 79.4795918367; 19.7971515592
2017-12-15 08:19:46 ; 28.2458333174; 28.2125001351; 28.0562502146; 27.9583331744; 27.9541664918; 28.2083338896; 27.814582626; 27.6458338896; 27.395832936; 84.5395835241; 85.5812503497; 79.1479166349; 77.7645832698; 76.3708335559; 77.6666668256; 85.9291667938; 78.4749997457; 84.3333333333; 16.2646141679
2017-12-15 08:24:52 ; 28.4812499285; 28.3937495947; 28.2166670958; 28.1020837228; 28.0854169925; 28.3062493006; 27.9104163249; 27.7437500954; 27.4583331744; 78.7479170163; 79.4041666985; 73.4875000318; 72.879166921; 71.8750006358; 72.6562496821; 80.2124997775; 73.9979166985; 79.5749993324; 16.2646141679
2017-12-15 08:29:56 ; 28.2571430206; 28.2367347406; 28.0877553589; 27.9836734071; 27.981632583; 28.2183674014; 27.8306119491; 27.6632656565; 27.3979587944; 83.8326531235; 84.8285713974; 78.442857392; 77.1469384018; 75.771428478; 76.926530332; 85.1693876617; 77.8367345382; 83.7224493221; 17.2050402647
2017-12-15 08:35:00 ; 28.3673908399; 28.308695337; 28.1304352802; 28.03260882; 28.0; 28.2217394787; 27.8304342602; 27.6652180216; 27.3847821692; 80.0391301694; 80.8434788248; 74.7826091932; 74.0108695652; 72.9086958844; 73.847826087; 81.6478259874; 75.1391298045; 80.8369568535; 14.3737807906
2017-12-15 08:40:08 ; 28.3999996185; 28.3361695878; 28.1765964183; 28.0659576984; 28.0255320123; 28.278722966; 27.8893612801; 27.6872347568; 27.4042549539; 77.8829783987; 78.453191392; 72.6127655354; 72.0744680851; 71.0723407827; 71.6829783663; 79.1319146664; 73.1361704076; 78.8212767256; 18.142609647
2017-12-15 08:45:15 ; 28.1382980752; 28.1148938118; 27.97234032; 27.8765952739; 27.8723399385; 28.1297876074; 27.7297875425; 27.5510640246; 27.3021271482; 84.3510635051; 85.3787233069; 78.9191488712; 77.5851060583; 76.1382978723; 77.2361703426; 85.4999998377; 78.0978726326; 84.1936166642; 17.2050402647
2017-12-15 08:50:16 ; 28.3755097292; 28.3204078285; 28.1408168637; 28.0285715376; 27.9979591759; 28.2265307757; 27.822448458; 27.6714292254; 27.3795913774; 79.5224492599; 80.2816324039; 74.2836735005; 73.5693876305; 72.5020404738; 73.3571430128; 81.0551022899; 74.6836726909; 80.5408161708; 17.2050402647
2017-12-15 08:55:24 ; 28.3938771462; 28.3367340711; 28.1714292254; 28.0714288439; 28.0346940099; 28.2836729556; 27.8795913774; 27.6938782906; 27.4020404426; 77.8999998132; 78.4469383395; 72.5673471568; 72.048979623; 71.0265308302; 71.6265307057; 79.1081634833; 73.144897928; 78.9632660224; 16.2646141679
2017-12-15 09:00:28 ; 28.1836731969; 28.1775508803; 28.0163265929; 27.9204078596; 27.9183670355; 28.1530617305; 27.7591833776; 27.5775513162; 27.2897955447; 82.0653060602; 82.8326528121; 76.6306116532; 75.5163256587; 74.2020397576; 74.9918360807; 83.0244892665; 76.1102044242; 81.9489800589; 16.2646141679
2017-12-15 09:05:31 ; 28.2937498887; 28.2208332618; 28.0500001907; 27.947916468; 27.9208330313; 28.147916913; 27.7520833413; 27.6125003497; 27.3333330154; 81.4479173024; 82.3999996185; 76.2270835241; 75.2333334287; 74.0604166985; 75.1500002543; 83.1666666667; 76.3520832062; 82.347916762; 16.2646141679
2017-12-15 09:10:35 ; 28.4958333174; 28.3999996185; 28.2208337784; 28.1000003815; 28.1000003815; 28.3187493086; 27.9229163726; 27.7895827293; 27.485416611; 78.0374997457; 78.6354160309; 72.7562499046; 72.2354165713; 71.2583333651; 71.8604167302; 79.3416668574; 73.339583238; 79.0916666985; 16.2646141679
2017-12-15 09:15:44 ; 28.2270834843; 28.2166667779; 28.0562502146; 27.9708332221; 27.9708332221; 28.191666762; 27.8062498172; 27.6416670481; 27.3499994278; 83.8833333651; 84.8541661898; 78.4395833015; 77.1166666349; 75.7562495867; 76.808333238; 85.0645829837; 77.7437494596; 83.7208331426; 15.3209934849
2017-12-15 09:20:51 ; 28.4224486838; 28.3387751677; 28.1612251048; 28.0571430751; 28.0326531858; 28.2510203537; 27.8571423511; 27.6877555458; 27.4122445632; 80.1918367658; 81.0224491042; 74.936734725; 74.1693879731; 73.0755102975; 74.0183673781; 81.8000002491; 75.2591834555; 81.1755101729; 15.3209934849
2017-12-15 09:25:54 ; 28.4404253047; 28.3999996185; 28.20212839; 28.1000003815; 28.1000003815; 28.3021269048; 27.9042549539; 27.7553190678; 27.4595743139; 77.9553188567; 78.5340428454; 72.6510633103; 72.1255316227; 71.1276598991; 71.6936169888; 79.1425532889; 73.2063827515; 78.9893618645; 15.3209934849
2017-12-15 09:31:05 ; 28.2219998932; 28.1879998016; 28.0400001526; 27.9579998398; 27.9519998169; 28.2039999771; 27.7999999619; 27.6180004501; 27.3539994431; 82.8299995422; 83.6500001526; 77.3799996948; 76.1839990234; 74.8519996643; 75.7879994202; 83.8639993286; 76.7899993896; 82.7360003662; 15.3209934849
2017-12-15 09:36:12 ; 28.3212763604; 28.2617019491; 28.0957450461; 27.9936169969; 27.9659573169; 28.1851067239; 27.7957445104; 27.6404260676; 27.3574462647; 81.0829785935; 81.9936174433; 75.8382980671; 74.9000002273; 73.7297874613; 74.7595745655; 82.7170212117; 75.9914894916; 82.1638302093; 15.3209934849
2017-12-15 09:41:18 ; 28.463265166; 28.3999996185; 28.2040823333; 28.1000003815; 28.1000003815; 28.2999992371; 27.9020404426; 27.7510203926; 27.4408161008; 78.1857140989; 78.8102040194; 72.900000436; 72.3612244275; 71.3693878797; 71.9938774887; 79.4816332447; 73.4448975544; 79.181633307; 15.3209934849
2017-12-15 09:46:19 ; 28.2354165316; 28.21666646; 28.0687502623; 27.9749999046; 27.9666665395; 28.214583238; 27.8104164998; 27.6270838181; 27.3562494516; 82.4187498093; 83.2020835876; 76.9458332062; 75.8354159991; 74.5687497457; 75.4749999046; 83.5354159673; 76.566666921; 82.3624998728; 15.3209934849
2017-12-15 09:51:23 ; 28.2448978813; 28.1979592382; 28.0285715376; 27.9326528043; 27.8918363221; 28.1244902708; 27.7367348574; 27.5714288439; 27.3265299894; 81.5081632964; 82.3836736874; 76.1693879731; 75.2081628916; 74.042856956; 75.0959179937; 83.0734693566; 76.2571425146; 82.0081636079; 15.3209934849
2017-12-15 09:56:35 ; 28.3899995804; 28.2999992371; 28.1280004883; 28.0; 28.0; 28.2120005798; 27.8239993286; 27.6900007248; 27.3999996185; 78.37; 78.9120002747; 73.03; 72.4639996338; 71.48; 72.1079995728; 79.6120004272; 73.5519998169; 79.0600004578; 15.3209934849
2017-12-15 10:01:46 ; 28.2859994507; 28.246000061; 28.0960003662; 27.9739999008; 27.9479998016; 28.1940007401; 27.7959992981; 27.5960003662; 27.3199993134; 77.6459989929; 78.1099998474; 72.3040002441; 71.8020001221; 70.7980000305; 71.3120001221; 78.7399995422; 72.8520007324; 78.3259997559; 15.3209934849
2017-12-15 10:06:48 ; 28.0638300307; 28.0659576984; 27.9191486683; 27.8212765227; 27.8106381842; 28.0404256861; 27.6595749956; 27.4765956554; 27.217021374; 82.4957457197; 83.2425535486; 76.9638301768; 75.8617016407; 74.5489359105; 75.4234039631; 83.4978730222; 76.4978720482; 82.0829782689; 15.3209934849
2017-12-15 10:11:58 ; 28.1140003586; 28.0640002441; 27.9199996948; 27.8099998093; 27.7799996567; 27.9979999924; 27.6260004807; 27.4579998398; 27.1980003738; 81.6499998474; 82.5300001526; 76.3500001526; 75.333999939; 74.1599996948; 75.1959999084; 83.216000061; 76.3519999695; 82.1560003662; 16.2646141679
2017-12-15 10:16:58 ; 28.2869559578; 28.2000007629; 28.0434784267; 27.8999996185; 27.8999996185; 28.1000003815; 27.715217922; 27.5934786175; 27.2999992371; 78.6065217723; 79.1499998673; 73.2826083639; 72.6586958844; 71.6347830399; 72.2891300036; 79.7891303353; 73.6760867575; 79.2108694989; 15.3209934849
2017-12-15 10:22:07 ; 28.1960007477; 28.1660006332; 28.0; 27.8999996185; 27.8719995117; 28.1000003815; 27.7000007629; 27.516000061; 27.2779995728; 77.7179997253; 78.2140002441; 72.3980007935; 71.8840014648; 70.8720004272; 71.3960003662; 78.7839996338; 72.8539997864; 78.3459997559; 16.2646141679
2017-12-15 10:27:05 ; 28.1468090707; 28.1000003815; 27.9829786585; 27.882978277; 27.8021269048; 28.0744683692; 27.678724086; 27.5; 27.2042560172; 77.86170229; 78.3404263436; 72.5617008615; 72.025531363; 70.9617006018; 71.4723397113; 78.9234039631; 72.8999989286; 78.2999999675; 16.9413947703
2017-12-15 10:32:12 ; 27.9787233231; 27.9659573169; 27.8319144553; 27.7106384927; 27.7297875425; 27.9361699693; 27.5829790399; 27.4255316308; 27.1638303716; 84.7446805264; 85.8340426506; 79.3510633428; 77.9021275297; 76.5361701478; 77.7808513236; 86.2851069024; 78.7085107032; 84.5680850415; 15.3209934849
2017-12-15 10:37:15 ; 28.3155551063; 28.2511110094; 28.0733336131; 27.955555386; 27.9155552334; 28.1422227648; 27.7555554708; 27.6244449192; 27.3622216966; 79.4311113146; 80.1688890245; 74.2355553521; 73.5444441054; 72.4933332655; 73.2888880412; 80.9333335029; 74.4888887193; 80.0733334012; 16.2646141679
2017-12-15 10:42:21 ; 28.314582626; 28.2937493324; 28.1000003815; 27.9916666349; 27.9874999523; 28.2000007629; 27.8041659196; 27.6437505484; 27.381249547; 77.7916661898; 78.3208325704; 72.4916669528; 71.9895834923; 71.008333842; 71.5562504133; 78.9666670163; 72.9624999364; 78.5145834287; 16.2646141679
2017-12-15 10:47:35 ; 28.1106380706; 28.0765960369; 27.9617019816; 27.8340424477; 27.8382975802; 28.089362043; 27.700000073; 27.5234043446; 27.2638295762; 82.7404259215; 83.5553192788; 77.3042547348; 76.1191484167; 74.8404247203; 75.77659542; 83.895744973; 76.6553188892; 82.336169953; 15.3209934849
2017-12-15 10:52:34 ; 28.1916666826; 28.1250004768; 27.9791665872; 27.8541661898; 27.8374994993; 28.052083532; 27.6625004609; 27.5250000954; 27.2666664918; 81.3666666349; 82.2375000318; 76.0749998093; 75.125; 73.9583338102; 74.9937494596; 82.9520837466; 76.0979161263; 81.8791666031; 15.3209934849
2017-12-15 10:57:46 ; 28.2999992371; 28.2779995728; 28.1000003815; 27.983999939; 27.9099996567; 28.1920007324; 27.7939993286; 27.6000003815; 27.3419993973; 78.5679997253; 79.1879995728; 73.2880006409; 72.6940003967; 71.6219999695; 72.3120001221; 79.7940010071; 73.6179998779; 79.2580003357; 16.2646141679
2017-12-15 11:02:47 ; 28.2395834923; 28.1958340804; 28.0458335082; 27.9124996662; 27.9062496424; 28.1354171832; 27.7479166985; 27.5833336512; 27.2999992371; 77.8666667938; 78.3895837466; 72.5541664759; 72.0020836194; 70.977083842; 71.5229167938; 78.9291664759; 72.9458332062; 78.504166762; 16.2646141679
2017-12-15 11:07:55 ; 28.1553197414; 28.1085110522; 27.9978723323; 27.8978719508; 27.8361695878; 28.0936173784; 27.6872347568; 27.5; 27.2106388985; 77.5595735591; 78.0106384602; 72.248935943; 71.7744690915; 70.7191478648; 71.2255309085; 78.6063813554; 72.644679455; 78.1553179152; 15.3209934849
2017-12-15 11:12:56 ; 28.1000003815; 28.1000003815; 27.9040812668; 27.8040808853; 27.7999992371; 28.0142857688; 27.6448985119; 27.4918367036; 27.2000007629; 77.4408170739; 77.9326539332; 72.1367327632; 71.6061209854; 70.5857129778; 71.0448972741; 78.4102043619; 72.5632643408; 78.0387752299; 15.3209934849
2017-12-15 11:18:10 ; 27.947916468; 27.9458331267; 27.8083331188; 27.7041668097; 27.7145835161; 27.9354164203; 27.5750002861; 27.3874995708; 27.1520839135; 84.0687503815; 85.0312496821; 78.5916662216; 77.21875; 75.8708333969; 76.902083238; 85.2187503179; 77.7687500318; 83.535416762; 14.3737807906
2017-12-15 11:23:12 ; 28.2510636106; 28.1872341886; 28.02765968; 27.9085103299; 27.8531909699; 28.0936173784; 27.7148937469; 27.5638300307; 27.3106379813; 80.1787239237; 80.9957444211; 74.9787234043; 74.191489037; 73.0893616372; 74.0106378109; 81.7659579338; 75.1319151533; 80.8446812731; 15.3209934849
2017-12-15 11:28:19 ; 28.3347819784; 28.2999992371; 28.1000003815; 28.0; 27.993478236; 28.2000007629; 27.8086949224; 27.6608701789; 27.3999996185; 77.9652174245; 78.4978259543; 72.6739133752; 72.1565220045; 71.1934781282; 71.7282612013; 79.1152174576; 73.043478095; 78.5847829736; 15.5062178143
2017-12-15 11:33:23 ; 28.1918363377; 28.1571431841; 28.0244898893; 27.9183671523; 27.8979587944; 28.1510209843; 27.7591833776; 27.5714288439; 27.3081627281; 80.9551027259; 81.5836743725; 75.4999993772; 74.5836721926; 73.3734686715; 74.0285705255; 81.8795919613; 75.1734695435; 80.7122453962; 15.3209934849
2017-12-15 11:38:29 ; 28.097916921; 28.0604168971; 27.9229163726; 27.820833087; 27.814582785; 28.0416668256; 27.6458338896; 27.5; 27.2479166985; 82.5645836194; 83.5145832698; 77.1979166667; 76.0604162216; 74.8020833333; 75.8833332062; 83.9875000318; 76.9604164759; 82.7333331108; 15.3209934849
2017-12-15 11:43:31 ; 28.2999992371; 28.2000007629; 28.0959187332; 27.9326528043; 27.9040812668; 28.1714292254; 27.7734690296; 27.6000003815; 27.3061217094; 78.7285712106; 79.2714283223; 73.432653466; 72.7612245521; 71.7061227292; 72.3918360496; 79.9020405983; 73.6918367658; 79.2061228849; 15.3209934849
2017-12-15 11:48:39 ; 28.2382980509; 28.2000007629; 28.0489363569; 27.9042549539; 27.9021272862; 28.1574474091; 27.7723400846; 27.5851067076; 27.2999992371; 77.7255323694; 78.2021278219; 72.3872334906; 71.8319146988; 70.8063831735; 71.3340428129; 78.7404262462; 72.7680855609; 78.2085105409; 18.142609647
2017-12-15 11:53:39 ; 27.9883720487; 27.9674417363; 27.841860128; 27.7488373158; 27.7581395881; 27.9767440973; 27.6139539231; 27.4372090628; 27.2093029466; 85.0790696255; 86.0976750573; 79.5790698029; 78.1186047931; 76.7325581395; 77.8930234687; 86.3372098346; 78.7348836854; 84.3627903073; 15.3209934849
2017-12-15 11:58:46 ; 28.2717387158; 28.2217392714; 28.0586958761; 27.9413041239; 27.8956517759; 28.1347831229; 27.7434783189; 27.6065221455; 27.3456516266; 79.5891307333; 80.2739128445; 74.317391437; 73.5608694657; 72.4913043147; 73.2826083639; 80.9282604715; 74.5043479256; 80.0195649188; 15.3209934849
2017-12-15 12:03:50 ; 28.2978253572; 28.284782078; 28.1000003815; 27.9978260787; 27.986956472; 28.2000007629; 27.7999992371; 27.6391309655; 27.3782604052; 78.1021738467; 78.6413046795; 72.7717386329; 72.2239131098; 71.2043480251; 71.6869566544; 79.0760871224; 73.0260863926; 78.3760865253; 20.0102959382
2017-12-15 12:08:57 ; 28.05531936; 28.0510640246; 27.9170209601; 27.8319143336; 27.8148929109; 28.0361703507; 27.657447328; 27.5148936738; 27.2659572033; 84.8255319798; 85.8531912946; 79.3574470358; 77.9319146339; 76.5893616372; 77.7765957447; 86.1361697582; 78.5872343347; 84.342552672; 15.3209934849
2017-12-15 12:14:04 ; 28.3379994202; 28.2699996948; 28.0940003586; 27.9739999008; 27.9579998398; 28.1660006332; 27.7819996262; 27.6400005341; 27.3819995499; 79.3700001526; 80.0440002441; 74.1000001526; 73.3799998474; 72.3359999084; 73.0919998169; 80.7; 74.3119999695; 79.8820007324; 15.3209934849
2017-12-15 12:19:08 ; 28.3270826737; 28.2979159355; 28.1062504053; 28.0; 28.0; 28.2000007629; 27.8312493563; 27.6687506437; 27.3999996185; 77.7687498728; 78.2583332062; 72.4354166985; 71.910416762; 70.9062504768; 71.3999999364; 78.8041667938; 72.8229161898; 78.2708336512; 15.3209934849
2017-12-15 12:24:09 ; 28.1333330472; 28.1020836035; 27.985416611; 27.8729166985; 27.870833079; 28.1166671117; 27.7249998252; 27.5583335559; 27.2999995947; 82.7458340327; 83.5437499682; 77.308333079; 76.1874993642; 74.866666158; 75.7499998411; 83.7875000636; 76.602083683; 82.1937502225; 15.3209934849
2017-12-15 12:29:26 ; 27.8999999299; 27.8816325519; 27.740816311; 27.6244896091; 27.6102038403; 27.8408164978; 27.4591835178; 27.340816381; 27.1591840861; 84.4122451471; 85.5714284157; 79.5897957938; 78.3714281977; 77.136734943; 78.5204084747; 86.6204086615; 77.8163263749; 84.0693876305; 15.3209934849
2017-12-15 12:34:38 ; 28.3680850902; 28.2468083158; 28.0255320529; 27.8574467517; 27.8234041498; 28.0191490498; 27.5936172972; 27.4574466868; 27.2085106626; 81.6638303716; 83.065957252; 77.342553646; 76.5468089327; 75.4914890046; 76.7085105409; 84.7659574468; 76.4936169563; 82.6446807537; 22.2219984708
2017-12-15 12:39:46 ; 27.8340426506; 27.846808535; 27.6489362514; 27.4957445023; 27.49787217; 27.7234044582; 27.3510636675; 27.2659576497; 27.1106386388; 85.3382982295; 86.2851064154; 80.3255321422; 79.091489102; 77.6531917491; 78.9127656653; 86.808510476; 77.9553191814; 84.0042547672; 15.0188836076
2017-12-15 12:44:47 ; 28.3749998411; 28.2833331426; 28.0812503099; 27.9104166428; 27.8395831585; 28.0312501192; 27.6416668892; 27.5229167541; 27.3083331585; 79.6270831426; 80.4854162534; 74.7708331744; 74.1458333333; 73.2854170799; 74.3395833969; 81.8666664759; 74.4062496821; 80.2583335241; 18.142609647
2017-12-15 12:49:56 ; 27.9499998922; 27.9326083971; 27.7260870312; 27.582608762; 27.5760870809; 27.836956273; 27.4978260787; 27.3847821692; 27.2260873629; 87.1673914039; 88.2239132757; 82.2326086293; 80.7304342519; 79.2391302689; 80.7195653501; 88.8021739462; 79.9673913043; 85.9108697642; 14.3737807906
2017-12-15 12:55:05 ; 28.4958333572; 28.3895831903; 28.1645834843; 27.9937500159; 27.9333331982; 28.1749999921; 27.793749849; 27.6500002543; 27.4124996662; 81.3562502861; 82.2854162852; 76.40625; 75.6666671435; 74.5937498411; 75.6083337466; 83.3729168574; 76.2020831108; 82.1166666349; 14.3737807906
2017-12-15 13:00:08 ; 28.6000003815; 28.5022727359; 28.302271973; 28.1931825551; 28.1318186847; 28.3977268826; 28.0; 27.7999992371; 27.5068182078; 79.2386354967; 79.8295449344; 74.0704543374; 73.5409091603; 72.4704549963; 73.122727134; 80.5477270647; 74.0704548576; 79.8954540599; 14.3737807906
2017-12-15 13:05:17 ; 28.5106383385; 28.47234032; 28.2914887286; 28.1893624245; 28.1212770584; 28.3999996185; 27.9957446646; 27.7914887286; 27.5; 78.6191482544; 79.1425531266; 73.3361702777; 72.7851064154; 71.685106318; 72.2446811757; 79.6893618969; 73.4851064479; 79.2276598342; 14.3737807906
2017-12-15 13:10:39 ; 28.4456519666; 28.3978256972; 28.2043485227; 28.1043482241; 28.1021743028; 28.3521733491; 27.9282605959; 27.708696241; 27.4326084386; 78.4652185855; 78.9391315294; 73.1630423173; 72.6108692003; 71.4934793555; 71.9869568866; 79.3826096576; 73.221738069; 78.9695658476; 16.2646141679
2017-12-15 13:15:45 ; 28.0708334049; 28.0687500636; 27.9312497377; 27.8312495152; 27.843749404; 28.0854167541; 27.691666921; 27.5187500715; 27.2770832777; 86.5604165395; 87.4458332062; 81.1083337466; 79.4687498411; 77.918750445; 79.1395835876; 87.539583842; 79.2624996503; 85.3541668256; 14.3737807906
2017-12-15 13:20:47 ; 28.1652180216; 28.1065221455; 27.9782607866; 27.8652168771; 27.8130427651; 28.0847829321; 27.6586962575; 27.4608694159; 27.2086962824; 81.708695619; 82.4217391636; 76.3195654828; 75.3195646535; 74.0782608364; 75.0413038834; 82.9478265514; 76.1043480583; 82.0195650847; 14.3737807906
2017-12-15 13:26:00 ; 28.2000007629; 28.1291671594; 28.0; 27.8999996185; 27.8187493086; 28.1000003815; 27.6979174217; 27.4874999523; 27.2208337784; 80.1187504133; 80.6458333333; 74.7270833651; 73.9479165077; 72.7354164124; 73.4333329201; 81.1375001272; 74.6645830472; 80.4791673024; 15.3209934849
2017-12-15 13:31:18 ; 28.1717397856; 28.1000003815; 28.0; 27.8978256972; 27.8260862931; 28.1000003815; 27.6913050776; 27.486956472; 27.2086962824; 79.6173901765; 80.0978252577; 74.276088217; 73.5260865585; 72.2978268499; 72.9282617984; 80.5326083639; 74.1826077337; 79.9282611349; 15.0188836076
2017-12-15 13:36:21 ; 28.1354171832; 28.1000003815; 27.9979166587; 27.895832936; 27.8124992847; 28.1000003815; 27.6791673501; 27.4833332698; 27.2000007629; 79.3083348274; 79.8354177475; 73.9812502861; 73.2729171117; 72.0604157448; 72.6354150772; 80.2229158084; 73.9666668574; 79.8437498411; 17.2050402647
2017-12-15 13:41:25 ; 28.1312505007; 28.1000003815; 27.9583331744; 27.8729161819; 27.8041659196; 28.0958336989; 27.6541672548; 27.4145830075; 27.2000007629; 79.2354167302; 79.7312498093; 73.864584446; 73.1624991099; 71.9729170799; 72.5520826976; 80.104165713; 73.8625013034; 79.7208334605; 16.9413947703
2017-12-15 13:46:32 ; 28.1260874375; 28.1000003815; 27.9586954946; 27.8521733491; 27.8021731584; 28.0891307748; 27.6565223362; 27.4130431465; 27.1978268416; 78.3782607369; 78.7760865585; 72.9652174245; 72.3347828077; 71.2521738799; 71.7717391304; 79.1978267172; 73.1152164625; 78.8760871887; 18.142609647
2017-12-15 13:51:37 ; 27.441666762; 27.4833334684; 27.293749849; 27.20208323; 27.2687499523; 27.5291667779; 27.1437497934; 26.9958333572; 26.8687501748; 79.0187497139; 79.4083331426; 74.0062500636; 73.1500002543; 71.7708334923; 71.8604168892; 79.0333336194; 71.6249996821; 76.6312502225; 21.4159311723
2017-12-15 13:56:52 ; 27.9893617021; 27.8659575036; 27.6382978318; 27.4829787396; 27.4404255076; 27.6425533295; 27.2744679147; 27.212765998; 27.0148937144; 85.0042550919; 86.185106318; 80.3042548971; 78.9425529318; 77.5659574143; 79.0148937144; 87.1893612476; 79.0340423584; 84.8446804615; 16.9413947703
2017-12-15 14:02:05 ; 28.8795913774; 28.810203669; 28.5571430751; 28.4142854262; 28.322448458; 28.5612247233; 28.2306120736; 28.1020412056; 27.7653056943; 85.1428569872; 86.2244897959; 80.1244899205; 78.8306123383; 77.4938778001; 78.728571522; 86.8387754791; 78.8306121826; 85.1938778624; 17.5633904743
2017-12-15 14:07:19 ; 28.9062496424; 28.8916662534; 28.6895840565; 28.5687502623; 28.4937499762; 28.704167366; 28.366666158; 28.1895840565; 27.8020825783; 80.6270834605; 81.316666762; 75.3374999364; 74.5333331426; 73.4208335876; 74.2520828247; 81.9041668574; 75.3229163488; 81.5104168256; 17.5633904743
2017-12-15 14:12:25 ; 28.8999996185; 28.8833328883; 28.7000007629; 28.5979170402; 28.5041666826; 28.7187504768; 28.3979162772; 28.1583339373; 27.8041659196; 78.7062498728; 79.1708335876; 73.3437495232; 72.6999998093; 71.6270839373; 72.2208336194; 79.7020835876; 73.6520835559; 79.6000006994; 17.5633904743
2017-12-15 14:17:28 ; 28.8571423122; 28.81632583; 28.6387760396; 28.5530614269; 28.5; 28.7081639037; 28.3224483023; 28.1081636779; 27.7979584519; 78.1306113418; 78.4897960741; 72.7061221064; 72.1142845932; 71.0326527187; 71.5530605705; 78.8775510204; 73.0224491042; 78.8591845765; 17.5633904743
2017-12-15 14:22:35 ; 28.7999992371; 28.7791662216; 28.6000003815; 28.4979166587; 28.4770832459; 28.6750006676; 28.295832634; 28.0729169448; 27.7229170799; 77.8020831744; 78.1770831744; 72.3750007947; 71.8270837466; 70.7583332062; 71.1895836194; 78.4729162852; 72.7020829519; 78.5000001589; 20.7429583244
2017-12-15 14:27:38 ; 28.4652172172; 28.46739118; 28.3173910639; 28.252174253; 28.2586958097; 28.4695651013; 28.0913045717; 27.8847821692; 27.606522104; 85.7021741452; 86.4586957849; 79.9521734818; 78.2717392963; 76.7543477597; 77.9152171923; 86.2173908068; 78.6652173581; 85.0565218718; 18.5320616217
2017-12-15 14:32:47 ; 28.5; 28.4836734071; 28.2999992371; 28.2000007629; 28.2000007629; 28.3999996185; 28.0; 27.7999992371; 27.5020408241; 81.3999999689; 81.9938776444; 75.7714289451; 74.748979841; 73.5469391492; 74.5061223556; 82.3326532792; 75.7795919302; 81.7775505222; 18.1463168571
2017-12-15 14:37:46 ; 28.5; 28.5; 28.3021269048; 28.2000007629; 28.2000007629; 28.3999996185; 28.0; 27.7999992371; 27.5; 79.7531910348; 80.2297871366; 74.2106380057; 73.3787226575; 72.2468079912; 72.9808507067; 80.5744680851; 74.4170212441; 80.2531913595; 19.1270108305
2017-12-15 14:42:56 ; 28.5; 28.4859999466; 28.2999992371; 28.2000007629; 28.2000007629; 28.3999996185; 28.0; 27.7999992371; 27.5; 78.9800001526; 79.4079994202; 73.4719998169; 72.7120004272; 71.59; 72.216000061; 79.6780001831; 73.653999939; 79.3099995422; 19.1270108305
2017-12-15 14:47:59 ; 28.5; 28.4895832936; 28.2999992371; 28.2000007629; 28.2000007629; 28.3999996185; 28.0; 27.7999992371; 27.5020833413; 78.5645823479; 78.941666762; 73.0520826976; 72.3500008583; 71.2229166031; 71.770834287; 79.1625003815; 73.2750000954; 78.9083334605; 18.1463168571
2017-12-15 14:53:08 ; 28.5; 28.486956472; 28.2999992371; 28.2000007629; 28.2000007629; 28.3999996185; 28.0; 27.7999992371; 27.5; 78.2847834048; 78.6391286435; 72.8413057742; 72.1521717569; 71.0282604383; 71.5217387987; 78.8782615662; 73.0434775974; 78.776087056; 19.4968229206
2017-12-15 14:58:13 ; 28.5; 28.4765956554; 28.2999992371; 28.2000007629; 28.2000007629; 28.3999996185; 28.0; 27.7872334744; 27.5; 78.1595726825; 78.5148933898; 72.6999990585; 72.0404249151; 70.9404264409; 71.4191500075; 78.7595747278; 72.8936181576; 78.6085107682; 19.4968229206
2017-12-15 15:03:25 ; 28.5; 28.4130431465; 28.2978253572; 28.2000007629; 28.2000007629; 28.3999996185; 28.0; 27.7934775974; 27.5; 78.0217387987; 78.3326102547; 72.5478256889; 71.8891321265; 70.8195659803; 71.3130448383; 78.6434773984; 72.8260884492; 78.5195660798; 18.5320616217
2017-12-15 15:08:41 ; 28.5; 28.410637957; 28.2999992371; 28.2000007629; 28.2000007629; 28.3999996185; 28.0; 27.7829782202; 27.4978723323; 78.2170205624; 78.5744675981; 72.8021285686; 72.1553177529; 71.0553183048; 71.5297871042; 78.9148937793; 73.031914569; 78.9957449081; 18.8484840044
2017-12-15 15:13:42 ; 28.5; 28.426530332; 28.2999992371; 28.2000007629; 28.2000007629; 28.3999996185; 28.0; 27.7959176667; 27.5; 78.163263282; 78.5265302074; 72.7367343513; 72.0734682667; 70.9755105778; 71.4571435111; 78.8428582951; 73.0081631407; 78.9122456142; 18.5320616217
2017-12-15 15:18:46 ; 28.5; 28.3999996185; 28.2979584519; 28.2000007629; 28.2000007629; 28.3999996185; 28.0; 27.7816321704; 27.5; 78.148979187; 78.4979592148; 72.7142857143; 72.0795906223; 70.9530619407; 71.4204093777; 78.7836744347; 72.9224498515; 78.6816329956; 20.1034809375
2017-12-15 15:24:00 ; 28.5; 28.4559998322; 28.2999992371; 28.2000007629; 28.2000007629; 28.3999996185; 28.0; 27.7879994202; 27.5; 78.157999115; 78.5479995728; 72.7519996643; 72.1239985657; 71.0259996033; 71.5199998474; 78.9220004272; 73.0439997864; 78.8919999695; 17.2050402647
2017-12-15 15:29:02 ; 28.5; 28.480434708; 28.2999992371; 28.2000007629; 28.2021746428; 28.3999996185; 28.006521764; 27.7978253572; 27.5021739213; 78.1891290416; 78.5913031205; 72.7913053761; 72.1913019263; 71.0826074351; 71.6086939936; 79.0673907736; 73.1760855965; 79.1065222699; 17.8966730353
2017-12-15 15:34:10 ; 28.5; 28.4959999847; 28.3079992676; 28.2000007629; 28.2100006104; 28.4239997101; 28.0400001526; 27.8119992828; 27.5560002136; 78.5380006409; 78.9959999084; 73.1059999084; 72.4340000916; 71.3459997559; 71.9279992676; 79.4559997559; 73.4299998474; 79.6739996338; 15.9822759261
2017-12-15 15:39:14 ; 28.5428573063; 28.5; 28.3061217094; 28.2142862592; 28.255101963; 28.4918367036; 28.0693880198; 27.8489790157; 27.5795921404; 79.0142859634; 79.5428566446; 73.5959173709; 72.8979599622; 71.8122458945; 72.4387759773; 80.012244244; 73.9122453028; 80.3122457387; 15.9822759261
2017-12-15 15:44:16 ; 28.5808513723; 28.5; 28.3106375755; 28.2638295762; 28.2914887286; 28.5; 28.0829790399; 27.8638292678; 27.6000003815; 79.6212773425; 80.1574476526; 74.1340419688; 73.4063826216; 72.2723416268; 72.9106378758; 80.5723396464; 74.3638295924; 80.9723403606; 15.3209934849
2017-12-15 15:49:25 ; 28.5980003738; 28.5; 28.3359993744; 28.2959992981; 28.2999992371; 28.5; 28.0860003281; 27.8739995193; 27.5940003586; 79.7840014648; 80.3160020447; 74.302000885; 73.5939985657; 72.4500007629; 73.1499980164; 80.8320013428; 74.5939988708; 81.137999115; 15.3209934849
2017-12-15 15:54:28 ; 28.5978727138; 28.5; 28.3170205786; 28.2914887286; 28.2999992371; 28.5; 28.0914897107; 27.8659569355; 27.5978727138; 79.4595755719; 79.9893623514; 74.0021279518; 73.3106382654; 72.1659568624; 72.8510656154; 80.5000001623; 74.3106387524; 80.9446808835; 15.9822759261
2017-12-15 15:59:30 ; 28.5702130338; 28.5; 28.3170205786; 28.2361704238; 28.2851058473; 28.5; 28.0574470277; 27.8574462647; 27.5404256861; 79.2936185472; 79.8404276422; 73.8808527196; 73.1595721955; 72.0489354235; 72.736169531; 80.3382993658; 74.1999987338; 80.697871756; 16.2646141679
2017-12-15 16:04:37 ; 28.5140000534; 28.5; 28.3119992828; 28.2080006409; 28.2340002441; 28.483999939; 28.0520001984; 27.8159992981; 27.5140000534; 79.1659979248; 79.7460006714; 73.7660011292; 73.0379994202; 71.9340010071; 72.6239981079; 80.2199993896; 74.0919985962; 80.6059992981; 15.3209934849
2017-12-15 16:09:44 ; 28.5; 28.5; 28.3059992599; 28.2000007629; 28.2120005798; 28.4439997864; 28.0360001373; 27.8139992905; 27.5040000153; 78.8400022888; 79.4160012817; 73.4900001526; 72.7680001831; 71.6559991455; 72.2940005493; 79.8700010681; 73.7800001526; 80.3040002441; 16.2646141679
2017-12-15 16:14:44 ; 28.5; 28.4957446646; 28.3021269048; 28.2000007629; 28.2063836443; 28.3999996185; 28.0340426831; 27.7999992371; 27.5042553354; 78.670211305; 79.1936158525; 73.2744682799; 72.5808498301; 71.4723408476; 72.0765945759; 79.6489353586; 73.5999986364; 80.0787230147; 15.3209934849
2017-12-15 16:19:51 ; 28.5; 28.4808509908; 28.2999992371; 28.2000007629; 28.2000007629; 28.3999996185; 28.0063830031; 27.7999992371; 27.5; 78.3148930326; 78.7808503496; 72.9382984892; 72.2914886475; 71.1893614099; 71.7510637324; 79.2191490011; 73.2744681176; 79.6510637973; 15.3209934849
2017-12-15 16:24:56 ; 28.5; 28.4489359754; 28.2999992371; 28.2000007629; 28.2000007629; 28.3999996185; 28.0; 27.7914887286; 27.4978723323; 77.9765961018; 78.3638299171; 72.5978711717; 71.9723408476; 70.8851076491; 71.3914908551; 78.8106394017; 72.9617022251; 79.2361703426; 16.2646141679
2017-12-15 16:29:57 ; 28.5; 28.3999996185; 28.2632651037; 28.1938782906; 28.2000007629; 28.3979587944; 27.9857142312; 27.7816321704; 27.463265166; 77.7673475304; 78.1102024001; 72.3591851993; 71.7775523906; 70.7285704321; 71.2163254096; 78.575509519; 72.7571426703; 78.951020377; 15.3209934849
2017-12-15 16:35:04 ; 28.4571426937; 28.3999996185; 28.2285717555; 28.1857149942; 28.1428576878; 28.3755097292; 27.9489793972; 27.7204086148; 27.408162915; 77.730611373; 78.1081622377; 72.3408171985; 71.7877556937; 70.6979581872; 71.204081477; 78.5877539187; 72.7326532481; 78.9448978658; 15.3209934849
2017-12-15 16:40:10 ; 28.4020404426; 28.3999996185; 28.2081639037; 28.1591842807; 28.1040820297; 28.3755097292; 27.9367344525; 27.7000007629; 27.3999996185; 77.8591853551; 78.3000014947; 72.4877552889; 71.9244909481; 70.8183694956; 71.3551037847; 78.7204069799; 72.8061233832; 79.1081634833; 15.3209934849
2017-12-15 16:45:13 ; 28.3999996185; 28.3937495947; 28.2000007629; 28.1062504053; 28.104167064; 28.3354160388; 27.9041663011; 27.7000007629; 27.3999996185; 78.0604157448; 78.5208330154; 72.670832634; 72.0937485695; 71.0; 71.5374994278; 78.9333341916; 73.0541659991; 79.2833342552; 15.3209934849
2017-12-15 16:50:17 ; 28.3999996185; 28.3916662534; 28.2000007629; 28.1000003815; 28.1020837228; 28.3041659196; 27.8999996185; 27.7000007629; 27.3999996185; 77.7791663806; 78.2166668574; 72.4041660627; 71.8416663806; 70.7479170163; 71.2312501272; 78.6312505404; 72.8312500318; 78.652083238; 15.5062178143
2017-12-15 16:55:20 ; 28.3999996185; 28.3408157193; 28.1938782906; 28.1000003815; 28.1000003815; 28.2999992371; 27.8979587944; 27.68367417; 27.3591831363; 77.1775512695; 77.4734690141; 71.7877550709; 71.2775513007; 70.1959175577; 70.6387755725; 77.92857174; 72.2530607885; 77.9428563021; 18.142609647
2017-12-15 17:00:23 ; 28.0458333095; 28.064583381; 27.9437497854; 27.8791662057; 27.8708328406; 28.1187502543; 27.7041668495; 27.5062500238; 27.2208335002; 85.2145833969; 85.9437497457; 79.3833332062; 77.7812501589; 76.2437500954; 77.2416664759; 85.5749998093; 78.152083238; 84.3687502543; 15.5062178143
2017-12-15 17:05:27 ; 28.0760872468; 28.0304348987; 27.8999996185; 27.8043470797; 27.7999992371; 28.0; 27.6000003815; 27.3999996185; 27.1021743028; 81.167391238; 81.7304344177; 75.5630433456; 74.5326083639; 73.3086962493; 74.1999999337; 82.1499997015; 75.5326077005; 81.8434776638; 15.5062178143
2017-12-15 17:10:40 ; 28.1000003815; 28.1000003815; 27.8999996185; 27.821999321; 27.7999992371; 28.0; 27.6000003815; 27.3999996185; 27.108000412; 80.3300016785; 80.9200010681; 74.8240020752; 73.9180012512; 72.7299989319; 73.5239996338; 81.3900012207; 74.9500007629; 81.3220001221; 15.5062178143
2017-12-15 17:15:48 ; 28.1000003815; 28.1000003815; 27.8999996185; 27.8604161342; 27.8020825783; 28.0166667302; 27.6062504053; 27.3999996185; 27.1520839135; 80.3354185422; 80.9812502861; 74.8604187965; 74.022916317; 72.8020838102; 73.5812487602; 81.4375009537; 75.0020833015; 81.495833238; 15.5062178143
2017-12-15 17:20:51 ; 28.1063833845; 28.1000003815; 27.9340423016; 27.8851059447; 27.8234035817; 28.0787237046; 27.6468090707; 27.4148932924; 27.1978730952; 80.4510645765; 81.1319128808; 75.0340420337; 74.1914880631; 72.9234054241; 73.7446805264; 81.5872328738; 75.0893603386; 81.6723402307; 15.5062178143
2017-12-15 17:25:56 ; 28.1229171356; 28.1000003815; 27.9979166587; 27.8979162772; 27.843749404; 28.1000003815; 27.6833340327; 27.485416611; 27.2000007629; 80.1145826976; 80.737499555; 74.7583335241; 73.9062514305; 72.6874990463; 73.5062499046; 81.2770824432; 74.8583337466; 81.3583332698; 15.5062178143
2017-12-15 17:30:59 ; 28.1652180216; 28.1000003815; 28.0; 27.8999996185; 27.8869560905; 28.1000003815; 27.7000007629; 27.4956521573; 27.2021746428; 80.1739128776; 80.7673915365; 74.7717392963; 73.932609724; 72.7304349153; 73.4978261201; 81.2521730506; 74.8434798199; 81.4608699964; 14.579699642
2017-12-15 17:36:07 ; 28.2000007629; 28.1510644061; 28.0; 27.8999996185; 27.8999996185; 28.1000003815; 27.7000007629; 27.5; 27.2042560172; 80.2531916842; 80.8510654531; 74.823406463; 73.961702712; 72.7787249951; 73.5276591524; 81.2936182225; 74.9148949156; 81.5553189541; 14.579699642
2017-12-15 17:41:08 ; 28.2000007629; 28.1934789989; 28.0; 27.8999996185; 27.9021735399; 28.1434788082; 27.7369567208; 27.5021739213; 27.2782604383; 80.2217374055; 80.8869580808; 74.8413066035; 73.9695656818; 72.7978285085; 73.5826074351; 81.356523265; 74.9108709252; 81.7130432129; 14.579699642
2017-12-15 17:46:15 ; 28.2000007629; 28.1934789989; 28.013043528; 27.9065213825; 27.9065213825; 28.1826093922; 27.7608693994; 27.5239131347; 27.2934775974; 80.2717397939; 80.932609724; 74.8717409217; 73.982608961; 72.8108717877; 73.6130419192; 81.4000010283; 74.9543485227; 81.7586968463; 14.579699642
2017-12-15 17:51:19 ; 28.2458333969; 28.2000007629; 28.0645835797; 27.9291663965; 27.9062496424; 28.1750006676; 27.7541666031; 27.5708336035; 27.2999992371; 80.2249991099; 80.8416690826; 74.8125023842; 73.9437508583; 72.75; 73.5354161263; 81.3000006676; 74.9375009537; 81.6312499046; 14.579699642
2017-12-15 17:56:24 ; 28.2872334744; 28.2000007629; 28.0936173784; 27.9638296493; 27.9148932924; 28.1829794214; 27.7659572033; 27.5723407015; 27.2999992371; 80.1936155279; 80.7872356658; 74.7851078764; 73.9085120343; 72.6808491159; 73.4638303391; 81.2382978074; 74.8808528819; 81.6404248501; 14.579699642
2017-12-15 18:01:28 ; 28.2999992371; 28.2000007629; 28.1000003815; 27.9799999237; 27.9499998093; 28.1960007477; 27.7879994202; 27.5880003357; 27.2999992371; 80.1619976807; 80.7520002747; 74.7700009155; 73.9060014343; 72.6919989014; 73.4340010071; 81.213999176; 74.8440019226; 81.5499996948; 14.579699642
2017-12-15 18:06:32 ; 28.2999992371; 28.2000007629; 28.0979170402; 27.9937499762; 27.947916468; 28.2000007629; 27.7916660309; 27.5770836274; 27.2999992371; 80.1666646004; 80.7479162216; 74.7666676839; 73.9000015259; 72.6916656494; 73.4708337784; 81.2354164124; 74.8625019391; 81.5791662534; 14.579699642
2017-12-15 18:11:38 ; 28.2999992371; 28.2000007629; 28.1000003815; 27.9938775277; 28.0; 28.2000007629; 27.7999992371; 27.5959187332; 27.3020400612; 80.1244878964; 80.7040796085; 74.7408159217; 73.8653081777; 72.6857123862; 73.4061238814; 81.1816312829; 74.844899703; 81.4734697926; 0 
2017-12-15 18:16:38 ; 28.2000004789; 28.1297877291; 28.0340426831; 27.938297637; 27.910637957; 28.0787237046; 27.7553190678; 27.589362043; 27.2999992371; 80.3340424883; 81.1489363325; 74.889363228; 73.9723408476; 72.8361710893; 73.91489313; 81.3361715763; 74.8787252548; 81.5063828813; 0 
2017-12-15 18:21:44 ; 28.0979595574; 27.9959183518; 27.9734692865; 27.8999996185; 27.8081625335; 27.871428081; 27.6857149942; 27.5795921404; 27.2999992371; 80.7306126186; 81.710204611; 75.1857128533; 74.1999995952; 73.1734687649; 74.7428576411; 81.6306111861; 74.9306133037; 81.4816329333; 0 
2017-12-15 18:26:56 ; 28.0306123617; 27.9020404426; 27.8999996185; 27.8918363221; 27.7632651037; 27.7918360963; 27.6326535673; 27.5632655475; 27.2999992371; 80.9816329333; 82.0367341334; 75.3918380737; 74.4224501629; 73.5163262815; 75.2285716777; 81.8632672368; 75.0183670667; 81.5897964166; 0 
2017-12-15 18:32:04 ; 28.0020000076; 27.8999996185; 27.8999996185; 27.8039992523; 27.7120005798; 27.7020007324; 27.6000003815; 27.5060000229; 27.2979992676; 81.1579975891; 82.2519999695; 75.561999054; 74.5319995117; 73.7059986877; 75.4500007629; 81.9880001831; 75.0439993286; 81.7300003052; 0 
2017-12-15 18:37:08 ; 28.0; 27.8999996185; 27.889795498; 27.7999992371; 27.7000007629; 27.7000007629; 27.6000003815; 27.5; 27.2346941111; 81.2448978035; 82.4102054518; 75.6938763054; 74.620406326; 73.8040836879; 75.5959169037; 82.0897945482; 75.1122431852; 81.7204083812; 0 
2017-12-15 18:42:14 ; 28.0; 27.8999996185; 27.8520827691; 27.7979159355; 27.6958340804; 27.7000007629; 27.6000003815; 27.5; 27.2083339691; 81.1374979019; 82.2791676521; 75.522916317; 74.5249996185; 73.7020815214; 75.4895834923; 81.9416675568; 74.9729170799; 81.5499997139; 0 
2017-12-15 18:47:19 ; 27.9829786585; 27.8999996185; 27.8468079263; 27.7893611015; 27.6595750768; 27.6957454276; 27.6000003815; 27.4978723323; 27.20212839; 80.9978723729; 82.1446792927; 75.3978735741; 74.4106394991; 73.5872331984; 75.3914908551; 81.8425547823; 74.8446824094; 81.355320058; 0 
2017-12-15 18:52:27 ; 27.945999794; 27.8859995651; 27.8239993286; 27.7759996033; 27.6320005035; 27.6140004349; 27.6000003815; 27.4919999695; 27.2020007324; 81.216000061; 82.432000885; 75.6339987183; 74.6259988403; 73.778000946; 75.5679989624; 82.0799993896; 75.0599990845; 81.6480004883; 0 
2017-12-15 18:57:28 ; 27.9291663965; 27.8229159911; 27.8041659196; 27.7291669846; 27.6166671117; 27.6000003815; 27.5895836751; 27.485416611; 27.2000007629; 81.3500021299; 82.545832634; 75.7583332062; 74.7458333969; 73.9000015259; 75.7312493324; 82.245833238; 75.197915713; 81.7312499682; 0 
2017-12-15 19:02:33 ; 27.9104163249; 27.7999992371; 27.7999992371; 27.7020840645; 27.6000003815; 27.6000003815; 27.5729169448; 27.4770832459; 27.2000007629; 81.4291677475; 82.6208314896; 75.8500022888; 74.8062520027; 73.9520840645; 75.8125019073; 82.3229176203; 75.2291661898; 81.8062508901; 0 
2017-12-15 19:07:36 ; 27.9041663011; 27.7999992371; 27.7999992371; 27.7000007629; 27.6000003815; 27.6000003815; 27.566666921; 27.4708332221; 27.2000007629; 81.5812487602; 82.8104174932; 76.0312496821; 75.0333328247; 74.1041653951; 75.9895834923; 82.5604159037; 75.4354176521; 82.0749994914; 0 
2017-12-15 19:12:47 ; 27.9399997711; 27.8359993744; 27.8059992599; 27.7220004272; 27.6020003891; 27.6000003815; 27.5860003281; 27.4959999847; 27.2020007324; 81.7279986572; 83.003999939; 76.1579983521; 75.0999984741; 74.2580003357; 76.1719978333; 82.7580004883; 75.5639990234; 82.3040000916; 0 
2017-12-15 19:17:50 ; 28.0; 27.8978719508; 27.8765952739; 27.7999992371; 27.6829794214; 27.6957454276; 27.6000003815; 27.5148936738; 27.278722966; 81.5468077964; 82.8276600939; 76.0659564404; 75.0404249151; 74.1574455424; 76.1021262636; 82.5808504795; 75.3829798597; 82.1148938118; 0 
2017-12-15 19:22:56 ; 28.0224490652; 27.8999996185; 27.8999996185; 27.8306115987; 27.7000007629; 27.7000007629; 27.6163269744; 27.5897962609; 27.2999992371; 81.3979607407; 82.642854963; 75.9244909481; 74.9081646666; 74.0632643408; 75.9387764444; 82.3877566591; 75.308165414; 82.0367344448; 0 
2017-12-15 19:27:58 ; 28.0229167541; 27.8999996185; 27.8999996185; 27.8770828644; 27.7145838737; 27.704167366; 27.6645839612; 27.5937503576; 27.2999992371; 81.3500021299; 82.5479159355; 75.8437522252; 74.8458350499; 73.9958333969; 75.831252416; 82.3333347638; 75.2541673978; 81.9750002225; 0 
2017-12-15 19:33:02 ; 28.0285715376; 27.8999996185; 27.8999996185; 27.8816322015; 27.7265309704; 27.7061231185; 27.6510209843; 27.5979595574; 27.3020400612; 81.2346923205; 82.4061238814; 75.6836728466; 74.7040805427; 73.8775528888; 75.7142840016; 82.1428560529; 75.1265293043; 81.7081638258; 0 
2017-12-15 19:38:11 ; 28.0645835797; 27.9020829598; 27.8999996185; 27.8916662534; 27.727083683; 27.7645831108; 27.6645839612; 27.5979170402; 27.3020825783; 81.2583335241; 82.4020848274; 75.6874980927; 74.7145821253; 73.8791685104; 75.7666667302; 82.1666653951; 75.1249980927; 81.7916674614; 0 
2017-12-15 19:43:17 ; 28.1000003815; 27.9673468142; 27.9102037391; 27.8959179703; 27.7653058889; 27.7959176667; 27.6755108736; 27.6000003815; 27.3102033576; 81.2816336496; 82.4897960741; 75.6938755269; 74.7163252539; 73.9142870222; 75.791838354; 82.1612231196; 75.1346918223; 81.793878205; 0 
2017-12-15 19:48:18 ; 28.1000003815; 27.9583331744; 27.9104163249; 27.8979162772; 27.7645831108; 27.7979159355; 27.670833985; 27.6000003815; 27.3062492609; 81.3250023524; 82.5312495232; 75.7312491735; 74.7729179064; 73.9625005722; 75.8541684151; 82.2270833651; 75.1708318392; 81.8291672071; 0 
2017-12-15 19:53:28 ; 28.1000003815; 27.9978723323; 27.9574466462; 27.8999996185; 27.7872334744; 27.7957439828; 27.6957454276; 27.6000003815; 27.3148929109; 81.2191473778; 82.4638303391; 75.6914874138; 74.676593537; 73.902129153; 75.7680858856; 82.1680833532; 75.0872327115; 81.8191495855; 0 
2017-12-15 19:58:36 ; 28.0978727138; 27.9787233231; 27.9297869662; 27.8957442831; 27.7872334744; 27.7957439828; 27.678724086; 27.6000003815; 27.3148929109; 81.3765976277; 82.5680842298; 75.7659580961; 74.7808518105; 73.9787237289; 75.8446828964; 82.2191483518; 75.1744665592; 81.8510641544; 0 
2017-12-15 20:03:38 ; 28.0979595574; 27.9489793972; 27.9102037391; 27.8938771462; 27.7714282445; 27.7979584519; 27.6775516977; 27.6000003815; 27.3102033576; 81.4367356592; 82.6081617706; 75.8265329478; 74.8693894367; 74.0489788445; 75.9571435111; 82.3653073992; 75.2510209375; 81.9469391181; 0 
2017-12-15 20:08:43 ; 28.1000003815; 27.9957446646; 27.9234039631; 27.8999996185; 27.7914887286; 27.79787161; 27.6957454276; 27.6000003815; 27.3234035817; 81.3659594921; 82.6234023723; 75.7787243458; 74.8234066253; 74.0234038982; 75.9297883054; 82.329789182; 75.2127651458; 81.9340429103; 0 
2017-12-15 20:13:51 ; 28.1000003815; 28.0; 27.981632583; 27.8999996185; 27.7999992371; 27.7938768815; 27.6959191147; 27.6000003815; 27.3387748952; 81.3000022732; 82.5489788445; 75.7632664272; 74.7387748251; 73.9795921481; 75.8428589179; 82.2469387444; 75.1510184152; 81.8020408786; 0 
2017-12-15 20:18:53 ; 28.1000003815; 27.9978260787; 27.9521737306; 27.8999996185; 27.7999992371; 27.7891298377; 27.6978268416; 27.6000003815; 27.3304341358; 81.1282590783; 82.3608716882; 75.5586949224; 74.5913029546; 73.8130458334; 75.6630411563; 82.0391298377; 74.9717395617; 81.5869558583; 0 
2017-12-15 20:23:59 ; 28.1000003815; 28.0; 27.9693876383; 27.8999996185; 27.7999992371; 27.7897953111; 27.6979599388; 27.6000003815; 27.3326524228; 81.0857129778; 82.3000018061; 75.5306117778; 74.5612235556; 73.7816345838; 75.6550996741; 81.9857145037; 74.9428580148; 81.5857137563; 0 
2017-12-15 20:29:06 ; 28.1000003815; 27.9979166587; 27.9604165157; 27.8999996185; 27.7937493324; 27.795832634; 27.6916673978; 27.6000003815; 27.3083326022; 81.1645817757; 82.3854182561; 75.6124989192; 74.6166648865; 73.8333355586; 75.6999982198; 82.045832634; 75.0124998093; 81.6520835559; 0 
2017-12-15 20:34:06 ; 28.1000003815; 27.985416611; 27.9270830552; 27.8999996185; 27.7895827293; 27.7979159355; 27.6937507391; 27.6000003815; 27.3312493563; 81.275001049; 82.4666671753; 75.6666644414; 74.6729140282; 73.8833351135; 75.7520834605; 82.1395816803; 75.0812487602; 81.7437504133; 0 
2017-12-15 20:39:16 ; 28.0900003433; 27.9159996796; 27.8999996185; 27.8979996109; 27.7639997864; 27.7959992981; 27.6760006714; 27.6000003815; 27.3079992676; 81.3300019836; 82.4840002441; 75.7219985962; 74.7620007324; 73.9540007019; 75.8360025024; 82.2139996338; 75.1379978943; 81.7319998169; 0 
2017-12-15 20:44:23 ; 28.1000003815; 27.9183670355; 27.9020404426; 27.8959179703; 27.7469388222; 27.7877545259; 27.6795925218; 27.6000003815; 27.3081625335; 81.2795928644; 82.4448988; 75.6918355202; 74.7306116844; 73.9102054518; 75.7979608653; 82.1714270455; 75.1244878964; 81.7938783607; 0 
2017-12-15 20:49:24 ; 28.1000003815; 27.9958333174; 27.9499998093; 27.8999996185; 27.7979159355; 27.7979159355; 27.6916673978; 27.6000003815; 27.3062492609; 81.0437493324; 82.2979165713; 75.5041666031; 74.5499992371; 73.7708338102; 75.6437484423; 81.9770833651; 74.9520840645; 81.4666670163; 0 
2017-12-15 20:54:30 ; 28.1000003815; 27.9979591759; 27.9571426937; 27.8999996185; 27.7979584519; 27.7979584519; 27.6979599388; 27.6000003815; 27.3061217094; 80.8673489629; 82.1040800445; 75.3204091909; 74.3693895924; 73.5857129778; 75.4571435111; 81.7122443063; 74.7530618784; 81.1693882845; 0 
2017-12-15 20:59:34 ; 28.0979170402; 27.9291663965; 27.9041663011; 27.895832936; 27.7520833015; 27.7770829201; 27.656250596; 27.5937503576; 27.3020825783; 80.7729182243; 81.918750604; 75.1854155858; 74.2708341281; 73.4604172707; 75.3125007947; 81.6166652044; 74.7020819982; 81.1229170163; 0 
2017-12-15 21:04:40 ; 28.0312501192; 27.8999996185; 27.8999996185; 27.8874995708; 27.7229170799; 27.7291669846; 27.6625006199; 27.5875003338; 27.2999992371; 80.5958328247; 81.7395820618; 75.0249996185; 74.1437486013; 73.320833683; 75.1416652997; 81.4208343824; 74.5666656494; 80.941666921; 0 
2017-12-15 21:09:40 ; 28.0083333651; 27.8999996185; 27.8999996185; 27.8791662057; 27.7125005722; 27.7020840645; 27.6291671594; 27.5708336035; 27.2999992371; 80.431251049; 81.6104149818; 74.8979182243; 74.0062499046; 73.1979146004; 75.0395827293; 81.2833340963; 74.4291677475; 80.9000008901; 0 
2017-12-15 21:14:45 ; 28.0387756581; 27.8999996185; 27.8999996185; 27.8673464327; 27.7183678296; 27.7102046889; 27.646939336; 27.5857146127; 27.3020400612; 80.434694874; 81.5836721926; 74.8816344592; 73.9836737185; 73.1857120747; 75.0; 81.226530114; 74.4061237257; 80.726531671; 0 
2017-12-15 21:19:53 ; 28.0428573063; 27.8999996185; 27.8999996185; 27.8673464327; 27.7183678296; 27.7102046889; 27.6571434566; 27.591837085; 27.2999992371; 80.1204083501; 81.2408162331; 74.5653060602; 73.7122450848; 72.9367355035; 74.6734693878; 80.9183667241; 74.1367344759; 80.3571433242; 0 
2017-12-15 21:24:54 ; 27.9020408708; 27.8204079064; 27.8061221765; 27.76530585; 27.6408167859; 27.646939336; 27.5938779091; 27.5326531858; 27.2693874593; 81.6612248323; 82.7857142857; 76.24693999; 75.1653060913; 74.2244890174; 75.9122456142; 82.1183669421; 74.6836740922; 80.7693880042; 0 
2017-12-15 21:30:05 ; 27.7604166269; 27.6437499523; 27.6000000636; 27.5395834843; 27.4583331744; 27.4645831982; 27.433333079; 27.3854162296; 27.1958336433; 86.0999997457; 87.7270832062; 80.620833238; 78.9416664441; 77.8416668574; 80.2979165713; 87.2312498093; 78.7250000636; 85.1979165077; 0 
2017-12-15 21:35:05 ; 28.0829790399; 27.938297637; 27.8914889478; 27.7978716911; 27.6744687506; 27.6744687506; 27.6127663876; 27.5744683692; 27.3510632616; 80.8659577065; 82.2148935846; 75.5787235017; 74.5234042229; 73.7595744032; 75.7468079912; 81.8808515833; 74.5872344159; 81.0382984243; 0
2017-12-15 21:40:11 ; 27.7553192707; 27.6510638785; 27.6021277651; 27.5255319717; 27.4042549539; 27.4255316308; 27.3957442831; 27.3489359186; 27.1510642437; 84.5617024848; 85.8638297548; 78.9255319149; 77.5425533538; 76.5638299496; 78.676595485; 85.4319147962; 77.2553193113; 83.8127654055; 0
2017-12-15 21:45:15 ; 28.1770831744; 27.9979166587; 27.9291663965; 27.8270829916; 27.654167215; 27.6604172786; 27.6479172309; 27.6604172389; 27.3916662534; 82.9729166031; 84.3437501589; 77.5937493642; 76.277083238; 75.5958331426; 77.6833327611; 84.0000006358; 75.8062502543; 82.4874998728; 0 
2017-12-15 21:50:31 ; 28.4645833174; 28.2604165077; 28.1625000636; 28.0333334605; 27.8499998252; 27.8624998728; 27.8437498808; 27.8416664998; 27.6229170958; 82.0333331426; 83.5458332698; 76.8875001272; 75.914583683; 75.2458335559; 77.3770834605; 83.5687497457; 75.8250002861; 82.4166660309; 0 
2017-12-15 21:56:03 ; 28.5847829321; 28.3999996185; 28.3043470797; 28.2000007629; 28.0782611681; 28.0826090108; 28.026087056; 28.0; 27.7369567208; 79.6413046795; 80.7326086293; 74.2521738799; 73.5369561237; 72.9717387324; 74.6956526715; 80.5760872882; 73.6456526051; 79.9413044142; 0 
2017-12-15 22:01:49 ; 28.4489359754; 28.3127653244; 28.240425678; 28.1829794214; 28.0063830031; 28.0170213415; 27.9659573169; 27.8936166155; 27.644681403; 79.263829495; 80.2255309085; 73.7425524123; 73.0489354235; 72.3617039133; 74.012765925; 79.9361708621; 73.1936165018; 79.5340417091; 0 
2017-12-15 22:06:55 ; 28.3586951131; 28.2173917605; 28.1586962575; 28.0826090108; 27.9391302026; 27.9478258879; 27.8869560905; 27.8152166864; 27.5978264601; 79.2695655823; 80.2391297714; 73.7130420519; 72.9847828409; 72.2543479256; 73.9260879185; 79.8565227674; 73.1543466319; 79.4130436441; 0 
2017-12-15 22:12:01 ; 28.2836729556; 28.1142861503; 28.1000003815; 28.0061224723; 27.8734689051; 27.8979587944; 27.8081625335; 27.7326533259; 27.5; 79.3387778146; 80.2489793739; 73.7469385887; 73.0; 72.2979611767; 73.9897960741; 79.9489803703; 73.2448971807; 79.457143044; 0 
2017-12-15 22:17:07 ; 28.1693884013; 28.0591838992; 28.0244898893; 27.9204078596; 27.7999992371; 27.8244891264; 27.7306125407; 27.68367417; 27.4387752767; 79.3346954657; 80.3163280876; 73.7979605539; 72.9897960741; 72.2836749018; 73.9551027259; 79.8979602736; 73.1918356759; 79.3857143169; 0 
2017-12-15 22:22:10 ; 28.1021280492; 28.0; 27.9787233231; 27.8957442831; 27.7702124575; 27.7680848304; 27.672341083; 27.6000003815; 27.3999996185; 79.3361720633; 80.3510654531; 73.8127681651; 73.0361696609; 72.3212783489; 73.9893618645; 79.9531920413; 73.2106378434; 79.461702712; 0 
2017-12-15 22:27:16 ; 28.0437501669; 27.9083329837; 27.8999996185; 27.8312493563; 27.704167366; 27.7000007629; 27.604167064; 27.5479168495; 27.3104159435; 79.1374993324; 80.0708330472; 73.5895826022; 72.8250001272; 72.1291658084; 73.7500006358; 79.6666660309; 73.0187503497; 79.0250002543; 0 
2017-12-15 22:32:24 ; 28.0; 27.8999996185; 27.8673907985; 27.7891298377; 27.6347831229; 27.6326092015; 27.5913046961; 27.4956521573; 27.2934775974; 78.8260884492; 79.7521742116; 73.2760873877; 72.5195649188; 71.8282619974; 73.3847835375; 79.3260882834; 72.7152169269; 78.7043483568; 0 
2017-12-15 22:37:25 ; 27.9347823599; 27.8521733491; 27.8108688437; 27.7108701623; 27.6000003815; 27.6000003815; 27.5239131347; 27.4391302026; 27.2000007629; 78.3913060064; 79.2608695652; 72.8478275797; 72.1326071698; 71.4521746428; 73.0217389646; 78.8652181211; 72.3413057742; 78.1130429143; 0 
2017-12-15 22:42:28 ; 27.8999996185; 27.7999992371; 27.7702124575; 27.6936177599; 27.5340426831; 27.5361703507; 27.4957446646; 27.3999996185; 27.2000007629; 78.1957434796; 79.0170210169; 72.6425523149; 71.9893618645; 71.2468075042; 72.7936187095; 78.6617006342; 72.1276579512; 77.9276597043; 0 
2017-12-15 22:47:40 ; 27.8999996185; 27.7999992371; 27.7440000916; 27.6580006027; 27.5040000153; 27.5; 27.4819999313; 27.391999588; 27.1840007019; 77.8459991455; 78.6840005493; 72.3219995117; 71.7099995422; 71.003999939; 72.5060005188; 78.3559994507; 71.8979998779; 77.5420004272; 0 
2017-12-15 22:52:43 ; 27.8022221883; 27.7111110687; 27.6800002204; 27.6355560727; 27.4755554623; 27.5; 27.4533331553; 27.3688883887; 27.1644450718; 83.762221951; 84.926667277; 77.9244439019; 76.5577779134; 75.5777779473; 77.566666158; 84.0933332655; 76.2199993557; 82.2999994914; 0 
2017-12-15 22:57:43 ; 28.1458331744; 27.9895833333; 27.9562499523; 27.8479165236; 27.6875000795; 27.6645834049; 27.5895836353; 27.5604168971; 27.3499997854; 80.7124994596; 81.9312499364; 75.2604168256; 74.3479164441; 73.6645833651; 75.6541663806; 81.7833334605; 74.4833337466; 80.4020841916; 0 
2017-12-15 23:02:46 ; 28.2062497139; 28.1000003815; 28.0416668256; 27.9791665872; 27.8291660945; 27.8520827691; 27.75; 27.7208336194; 27.4791665872; 82.8708335559; 83.9270828565; 77.0833338102; 75.9020835559; 75.0416668256; 77.0625001589; 83.5000001589; 75.7354167302; 81.7124999364; 0 
2017-12-15 23:07:52 ; 28.2791664998; 28.1375002861; 28.1000003815; 28.0020833413; 27.843749404; 27.843749404; 27.7395833731; 27.7208335797; 27.5020833413; 81.6562495232; 82.8624998728; 76.0541666349; 75.0270833969; 74.3104163806; 76.4520827929; 82.6624997457; 75.2062500318; 81.1895828247; 0 
2017-12-15 23:12:58 ; 28.2729165554; 28.1791664759; 28.1312504609; 28.0812503099; 27.9124996662; 27.8854162296; 27.8249997298; 27.7687497536; 27.5604168971; 83.035416762; 84.0625001589; 77.2041665713; 75.9937502543; 75.1812499364; 77.2604171435; 83.6604173978; 75.8437496821; 81.8270835876; 0 
2017-12-15 23:18:06 ; 28.3291663726; 28.1937502225; 28.1479172309; 28.066666921; 27.8979162772; 27.8749995232; 27.7958329121; 27.7645831108; 27.5395834843; 81.2520833015; 82.3312500318; 75.5291668574; 74.5749998093; 73.8812500636; 75.9979163806; 82.1687499682; 74.8708333969; 80.660416762; 0 
2017-12-15 23:23:09 ; 28.3148933979; 28.2276593066; 28.1595750768; 28.1063833845; 27.9574466462; 27.9361699693; 27.8531910511; 27.7808505931; 27.5702130338; 81.7276590226; 82.6425532889; 75.8659573819; 74.8170209844; 74.1000002597; 75.9617023874; 82.2595747278; 74.8148935196; 80.7191486764; 0 
2017-12-15 23:28:15 ; 28.223912861; 28.1043482241; 28.0760872468; 27.9978260787; 27.8391298211; 27.8413037425; 27.7434783604; 27.7000006385; 27.480434708; 82.4347827746; 83.5804348821; 76.6630434783; 75.5195654164; 74.7695652506; 77.015217325; 83.3304345504; 75.7499996683; 81.6847829404; 0 
2017-12-15 23:33:17 ; 28.2999997431; 28.1530618084; 28.146939336; 28.0591838992; 27.8816322015; 27.8836730256; 27.7938770372; 27.7673466352; 27.5081632964; 81.8428573608; 82.6469382461; 75.9714285403; 74.9000002803; 74.1102031786; 75.9959182739; 82.2061222621; 74.6897962921; 80.5734695123; 0 
2017-12-15 23:38:17 ; 28.1702127254; 28.05531936; 28.0340426831; 27.9617019816; 27.8255312494; 27.806382443; 27.7148939498; 27.6723410018; 27.4638296493; 82.9255320772; 84.0787233393; 77.1106383953; 75.9106383628; 75.1531919114; 77.4063837579; 83.7872338802; 76.0382977749; 81.9446807212; 0 
2017-12-15 23:43:25 ; 28.3551017216; 28.1877558183; 28.1714292254; 28.0877554368; 27.8999996185; 27.8999996185; 27.8081625335; 27.7755098148; 27.5224490652; 80.5183675338; 81.328571086; 74.7163263438; 73.7979586854; 73.0816329645; 74.8979593394; 80.9448978658; 73.8448979903; 79.5959181494; 0 
2017-12-15 23:48:29 ; 28.1673468765; 28.0714288439; 28.0489797787; 27.9591835178; 27.8183666541; 27.8224483023; 27.7204086148; 27.68367417; 27.4489793972; 83.5571430751; 84.7775509893; 77.7306121515; 76.4142856209; 75.6367346316; 77.9897957627; 84.4857141923; 76.7081633587; 82.7244897959; 0 
2017-12-15 23:53:36 ; 28.3265302619; 28.1816333459; 28.1571434566; 28.073469668; 27.889795498; 27.8959179703; 27.7959177056; 27.744898037; 27.5081632964; 80.7551023522; 81.5857143791; 74.9428572363; 73.9979592148; 73.2469385887; 75.0857146905; 81.1714281355; 74.0163262815; 79.6040820686; 0 
2017-12-15 23:58:35 ; 28.145652149; 28.0369566627; 28.0217392134; 27.9608694159; 27.8239123718; 27.813042848; 27.7065222782; 27.6739135825; 27.4434780453; 83.3760873546; 84.5630436773; 77.5347829072; 76.2630436109; 75.4521739794; 77.7456519085; 84.1630436441; 76.3891306338; 82.2760867243; 0 
