
2017-12-11 02:10:37 20.694737585; 20.7999992371; 20.7000007629; 20.7999992371; 20.6000003815; 20.7105269181; 20.6210530934; 20.7000007629; 20.0578951083; 76.3842106869; 73.6105254324; 79.1842105263; 83.5947353965; 83.4315788871; 74.3947372437; 73.8789484124; 83.0999996788; 251.557889436; 0 
2017-12-11 02:15:34 20.6388894187; 20.7999992371; 20.7000007629; 20.7999992371; 20.6000003815; 20.7000007629; 20.6055559582; 20.7000007629; 20.6000003815; 76.0500005086; 73.355556488; 78.7944441901; 83.3388888041; 87.2388882107; 74.0722211202; 73.6888885498; 82.8222211202; 81.0; 0 
2017-12-11 02:20:43 20.6000003815; 20.7699996948; 20.7000007629; 20.7999992371; 20.6000003815; 20.6900007248; 20.5950003624; 20.6450005531; 20.5850003242; 76.2249988556; 73.4250011444; 78.9300010681; 83.5149997711; 87.25; 74.1449996948; 73.8450008392; 83.1099998474; 81.1700000763; 0 
2017-12-11 02:25:56 20.6000003815; 20.7000007629; 20.7000007629; 20.7777773539; 20.6000003815; 20.611111535; 20.588889228; 20.6000003815; 20.5166667302; 76.2666672601; 73.5333328247; 78.9555562337; 83.5888875326; 87.2888912625; 74.2777786255; 74.1166648865; 83.4333343506; 81.3166694641; 0 
2017-12-11 02:30:53 20.6000003815; 20.7000007629; 20.6809530712; 20.7000007629; 20.5095238459; 20.6000003815; 20.5047619229; 20.6000003815; 20.5; 76.2666676839; 73.4904763358; 78.9142870222; 83.5666656494; 86.1095263163; 74.1714259556; 74.0047618321; 83.1714274089; 81.2333323161; 0 
2017-12-11 02:36:00 20.5777780745; 20.7000007629; 20.6222226885; 20.6944451862; 20.455555386; 20.0277781487; 20.5; 20.5555557675; 20.4611109628; 76.2166671753; 73.4333343506; 78.8277774387; 83.5111109416; 87.3333350288; 254.083326552; 73.9388898214; 82.9722226461; 81.2055558099; 0 
2017-12-11 02:41:13 20.5526317797; 20.7000007629; 20.6000003815; 20.684211229; 20.3999996185; 20.5736844916; 20.5; 20.5105263559; 20.4473682203; 76.0; 73.2684209723; 78.6368400172; 83.3368441933; 87.2631586978; 74.0052630776; 73.7368413022; 82.7473682604; 81.0473676983; 0 
2017-12-11 02:46:11 20.5368422458; 20.0736846422; 19.5157898351; 20.6526321612; 20.3999996185; 20.505263178; 20.4631577542; 20.5; 20.4052627965; 75.873686138; 243.721045243; 419.378956443; 83.178945441; 87.126313862; 73.9789476897; 73.7105263158; 82.7526321411; 80.9842107672; 0 
2017-12-11 02:51:11 20.5111111535; 20.6055559582; 20.5722224977; 20.6055559582; 20.3999996185; 20.5; 20.4388886558; 20.5; 20.3999996185; 75.7277768453; 73.1166648865; 78.4666667514; 83.0111109416; 86.9666671753; 73.9388898214; 73.6111098395; 82.5944434272; 80.9722226461; 0 
2017-12-11 02:56:11 20.5; 20.6000003815; 20.5095238459; 20.6000003815; 20.3523803893; 20.4904761541; 18.9428567886; 20.4809523083; 20.3190469288; 75.2809520903; 72.8000008719; 78.0285713559; 82.619047619; 86.6476175217; 73.6809517997; 71.5476197742; 82.1761906942; 80.680952163; 0 
2017-12-11 03:01:16 20.5; 20.5952384585; 20.5; 20.6000003815; 20.3619042351; 20.4285711561; 20.3952376956; 20.3999996185; 20.2999992371; 75.1047603062; 72.7619062151; 77.9666671753; 82.4761908395; 86.4952381679; 73.5142854963; 73.2714298793; 82.1095221383; 80.5619038173; 0 
2017-12-11 03:06:39 20.5; 20.5954549096; 20.5; 20.6000003815; 20.3499994278; 20.4045450904; 20.381817731; 20.3999996185; 20.2999992371; 75.1409069408; 72.7545460788; 77.9409096458; 82.5; 86.4727276889; 73.5272723111; 73.259091464; 82.1318165172; 80.5499992371; 0 
2017-12-11 03:11:32 20.4952380771; 20.104762259; 20.5; 20.6000003815; 20.3619042351; 20.4190473102; 20.3285707746; 20.3999996185; 20.2999992371; 75.142854963; 227.042855399; 77.8571428571; 82.5571419852; 86.5190473284; 73.5190473284; 73.2428570702; 82.1428578695; 80.5714274815; 0 
2017-12-11 03:16:36 20.4809523083; 20.5714288439; 20.5; 20.5857146127; 20.30476116; 20.3999996185; 20.2999992371; 20.3999996185; 20.2999992371; 75.0857129778; 72.6380931309; 77.7666684105; 82.4952381679; 86.4952381679; 73.4238106864; 73.190473284; 82.0761893136; 80.5238091605; 0 
2017-12-11 03:21:35 20.4411762462; 20.5058823754; 20.4882352492; 20.5588237538; 20.2999992371; 20.3999996185; 20.3058816124; 20.3941172431; 20.2529411316; 75.0176467896; 72.6352920532; 77.6941173778; 82.435295105; 86.4764709473; 73.5294113159; 73.1705860811; 82.0058822632; 80.5; 0 
2017-12-11 03:26:42 19.8117643805; 20.5; 19.8176467559; 20.5; 20.2999992371; 20.3999996185; 20.2999992371; 20.3941172431; 20.2176475525; 265.505885853; 72.5705871582; 268.111768386; 82.3941192627; 86.4588241577; 73.5058822632; 73.1117625517; 82.0176467896; 80.5; 0 
2017-12-11 03:31:47 20.3999996185; 20.5; 20.4277775023; 20.5; 20.2888882955; 20.3999996185; 20.2999992371; 20.3833328883; 20.2055562337; 75.0499992371; 72.5333328247; 77.6444430881; 82.422223409; 86.4777781169; 73.4388898214; 73.1666641235; 82.0611101786; 80.5277773539; 0 
2017-12-11 03:36:56 20.3999996185; 20.5; 20.4099996567; 20.5; 20.2549999237; 20.3999996185; 20.2849994659; 20.3449994087; 20.2000007629; 75.2249992371; 72.6449981689; 77.8250015259; 82.6449981689; 86.584998703; 73.5299995422; 73.3350021362; 82.2800014496; 80.6449985504; 0 
2017-12-11 03:41:53 19.8333329625; 20.5; 20.3999996185; 20.4944444233; 20.2444445292; 20.366666158; 20.2222226461; 20.2999992371; 20.2000007629; 255.355556912; 72.872224172; 77.9555562337; 82.7944454617; 86.7777786255; 73.6777759128; 73.4166679382; 82.4722226461; 80.8611132304; 0 
2017-12-11 03:46:59 20.3999996185; 20.494736822; 20.4105259745; 20.4736841101; 20.2000007629; 20.3789469066; 20.2315792285; 20.2999992371; 20.2000007629; 75.6157877069; 72.9421061466; 78.1578927291; 83.0315784655; 87.0052630776; 73.7315782246; 73.5789461638; 82.6105246293; 81.0052630776; 0 
2017-12-11 03:52:08 20.3949995995; 20.5; 20.3999996185; 20.4199996948; 20.2000007629; 20.3699995041; 20.2250003815; 20.2949993134; 20.2000007629; 75.8100006104; 73.0599990845; 78.2750015259; 83.1649982452; 87.2199989319; 73.8150020599; 73.7550003052; 82.8400009155; 81.1399978638; 0 
2017-12-11 03:57:05 20.3388882743; 20.5; 20.3999996185; 20.4055551953; 20.2000007629; 20.3833328883; 20.1833340327; 20.2333335876; 20.1777784559; 75.8722237481; 73.1611086528; 78.3277804057; 83.2833332486; 87.2888891432; 73.8777792189; 73.9444452922; 83.1111111111; 81.25; 0 
2017-12-11 04:02:10 20.30476116; 20.4952380771; 19.9142853419; 20.3999996185; 20.1904769171; 20.3999996185; 20.1571434566; 20.2000007629; 19.2000004167; 75.7714284261; 73.047618321; 232.152382987; 83.228570484; 87.2952390398; 73.6999987648; 73.8190482003; 82.8952386039; 81.0238095238; 0 
2017-12-11 04:07:16 20.2999992371; 19.9315788369; 20.3999996185; 20.3999996185; 20.1315794493; 20.3421046608; 19.6421059056; 20.2263161509; 20.1157899154; 75.4315799914; 243.326321251; 77.678945441; 82.8842122931; 87.0157892328; 73.5526307759; 244.057899475; 82.3894745676; 80.778947529; 0 
2017-12-11 04:12:27 20.2999992371; 20.4052627965; 19.8578943453; 20.3999996185; 20.1052635594; 20.310525593; 20.1315794493; 20.184211229; 20.1000003815; 75.4526323017; 72.7684209723; 248.331581919; 82.9578953793; 86.6947374846; 73.5526307759; 73.6736839696; 82.7263159501; 80.8684210526; 0 
2017-12-11 04:17:27 20.2999992371; 20.3999996185; 20.3947364406; 20.3526310168; 20.1052635594; 20.310525593; 20.0631581357; 20.0947372035; 20.1000003815; 75.9210538362; 73.089472319; 78.2631586978; 83.3947384483; 87.2263155485; 73.6631554051; 74.1368400172; 83.3842122931; 81.1684188843; 0 
2017-12-11 04:22:33 20.2999992371; 20.3999996185; 20.3842100846; 20.315788771; 20.1052635594; 20.3315783049; 20.005263178; 20.0894740255; 20.1000003815; 76.0210523103; 73.1210515876; 78.3947388498; 83.4736846121; 87.3315815173; 73.7789467259; 74.2526309365; 83.6000000803; 81.3421052632; 0 
2017-12-11 04:27:33 19.7666666848; 20.3999996185; 20.3190469288; 20.30476116; 20.1047623044; 20.3095230829; 20.0047619229; 20.0761907668; 20.1000003815; 230.642862229; 73.5619045439; 78.8523806617; 83.9523813157; 87.66666703; 74.1095239548; 74.6857147217; 84.1476207915; 81.8523802984; 0 
2017-12-11 04:32:42 20.2150005341; 20.3999996185; 20.2999992371; 20.2999992371; 20.1050004005; 20.3049992561; 20.0; 20.0550002098; 20.0900003433; 76.6749977112; 73.7399993896; 78.9900001526; 84.1549976349; 87.8900016785; 74.2650005341; 74.8150028229; 84.3800018311; 81.9400009155; 0 
2017-12-11 04:37:46 20.2045461481; 20.3999996185; 20.2999992371; 20.2999992371; 20.1045458534; 20.2999992371; 20.0; 20.0136364157; 20.0545456626; 76.6772703691; 73.754545732; 79.0181815407; 84.1863611395; 87.8818199851; 74.3045480902; 74.8954561407; 84.3727292148; 81.927273837; 0 
2017-12-11 04:42:49 20.2000007629; 20.388888465; 20.2999992371; 20.2999992371; 20.1000003815; 20.2999992371; 20.0; 20.0055555767; 20.044444614; 76.7444441054; 73.8555577596; 79.1666641235; 84.2333323161; 87.9055565728; 74.3777796427; 74.9333343506; 84.4000015259; 81.9888890584; 0 
2017-12-11 04:47:54 19.6684217955; 20.3631573727; 20.2999992371; 20.2999992371; 20.1000003815; 20.2999992371; 20.0; 20.0; 20.0105263559; 247.242105584; 73.8894753707; 79.2052604274; 84.2526317396; 87.9736846121; 74.4000015259; 75.0157892328; 84.5105261552; 82.0105261552; 0 
2017-12-11 04:53:03 20.2000007629; 20.3588229909; 20.2999992371; 20.2999992371; 20.1000003815; 20.2999992371; 19.9235291201; 20.0; 19.9529412213; 76.8000030518; 73.9058837891; 79.1941155826; 84.3058844174; 88.0117645264; 74.4235305786; 75.0176467896; 84.564704895; 82.0294113159; 0 
2017-12-11 04:58:02 19.6950007439; 20.3349993706; 20.2999992371; 20.2999992371; 20.1000003815; 20.2949993134; 19.934999752; 20.0; 20.0050000191; 238.720000458; 73.8550022125; 79.1749973297; 84.2950016022; 87.9650005341; 74.4450008392; 75.0149997711; 84.5149997711; 82.0049999237; 0 
2017-12-11 05:03:10 20.2000007629; 20.3333326976; 20.2999992371; 20.295237405; 20.1000003815; 20.295237405; 19.9142853873; 20.0; 20.0; 76.8285740444; 73.8714305333; 79.2761920747; 84.3523832049; 88.0142854963; 74.4190488543; 75.0142854963; 84.6238076346; 81.9714290074; 0 
2017-12-11 05:08:23 20.2000007629; 20.3526310168; 20.2947361595; 20.2999992371; 20.1000003815; 20.2999992371; 19.9052627965; 20.0; 20.0; 76.8000030518; 73.8000014456; 79.2263147455; 84.2947395726; 87.9894738448; 74.34737075; 74.9473692241; 84.4842107672; 81.9210538362; 0 
2017-12-11 05:13:28 19.6950007439; 20.3249993324; 20.2899993896; 20.2899993896; 20.1000003815; 20.2899993896; 19.9099996567; 20.0; 20.0050000191; 238.720000458; 73.8050022125; 79.2299991608; 84.2850013733; 88.0; 74.3900016785; 74.9400009155; 84.4250011444; 81.9800003052; 0 
2017-12-11 05:18:26 19.136842828; 20.2999992371; 20.2684207715; 20.2157899957; 20.1000003815; 20.2894730819; 19.8999996185; 20.0; 20.0; 417.684208117; 73.873686138; 79.2052612305; 84.2684217754; 88.0368415431; 74.4157907586; 74.9736846121; 84.5105261552; 82.0105261552; 0 
2017-12-11 05:23:35 20.2000007629; 20.2999992371; 20.2899993896; 20.2100006104; 20.1000003815; 20.25; 19.8999996185; 19.9949999809; 20.0; 76.8350025177; 73.8750019073; 79.1599975586; 84.2750011444; 88.0049999237; 74.4250011444; 75.0; 84.5549991608; 82.0099998474; 0 
2017-12-11 05:28:36 20.2000007629; 20.2999992371; 20.2894730819; 20.2052638405; 20.1000003815; 20.2157899957; 19.8999996185; 19.994736822; 20.0; 76.7631586978; 73.8000006425; 79.0263153879; 84.1842097232; 85.2421061867; 74.2842114097; 74.9157907586; 84.4315799914; 81.9578953793; 0 
2017-12-11 05:33:42 20.1941183876; 20.2999992371; 20.2529411316; 20.2000007629; 20.0647061292; 20.2000007629; 19.8999996185; 19.9588233723; 20.0; 76.6823501587; 73.6999969482; 78.9647064209; 84.1529388428; 87.8411779965; 74.1941151338; 74.841178894; 84.341178894; 81.8470611572; 0 
2017-12-11 05:38:50 20.1944451862; 20.2999992371; 19.6611115138; 20.2000007629; 20.0555557675; 20.2055562337; 19.8999996185; 19.9611109628; 20.0; 76.7111091614; 73.7611117893; 258.850002713; 84.1777750651; 87.850001865; 74.2222205268; 74.8611132304; 84.3666687012; 81.844446818; 0 
2017-12-11 05:43:53 20.1473689832; 20.2999992371; 20.2000007629; 20.2000007629; 20.005263178; 20.2000007629; 19.8947364406; 19.9105259745; 20.0; 76.8157922845; 73.8947384483; 79.0578938534; 84.2894760935; 87.9210538362; 74.3684230604; 74.9736846121; 84.4789476897; 81.9894738448; 0 
2017-12-11 05:48:52 20.123529883; 20.2941169739; 20.2000007629; 20.2000007629; 19.4117647059; 20.2000007629; 19.8999996185; 19.8999996185; 19.9941176246; 76.8117675781; 73.8941192627; 79.0941162109; 84.3294143677; 85.3882356531; 74.3823547363; 75.0294113159; 84.5588226318; 81.9941177368; 0 
2017-12-11 05:53:55 20.1526321612; 20.2999992371; 20.2000007629; 20.2000007629; 20.0; 20.2000007629; 19.8999996185; 19.9052627965; 19.9736841101; 76.7894760935; 73.8526338276; 79.0999984741; 84.2789491352; 87.9000015259; 74.3578969052; 75.0157892328; 84.5; 81.9736846121; 0 
2017-12-11 05:59:05 20.1444449955; 20.2999992371; 20.2000007629; 20.2000007629; 20.0; 19.6388896306; 19.8944440418; 19.8999996185; 19.9944444233; 76.8055585225; 73.9000015259; 79.1333312988; 84.2777794732; 87.9666671753; 254.377779219; 75.0722211202; 84.5277773539; 82.0; 0 
2017-12-11 06:04:10 20.1055559582; 20.2666664124; 20.2000007629; 20.2000007629; 20.0; 20.2000007629; 19.8999996185; 19.8999996185; 19.9888888465; 76.8055585225; 73.8888905843; 79.1999969482; 84.3500022888; 88.0055554708; 74.4000015259; 75.077776591; 84.5944430033; 82.077776591; 0 
2017-12-11 06:09:11 20.1000003815; 20.235294342; 20.2000007629; 20.2000007629; 20.0; 20.2000007629; 19.8823524924; 19.8999996185; 19.9823528739; 76.9235305786; 73.9588241577; 79.2705894919; 84.4823532104; 88.0823516846; 74.4764709473; 75.0823516846; 84.6882328707; 82.1058807373; 0 
2017-12-11 06:14:21 20.1000003815; 20.2166671753; 20.1958340804; 20.2000007629; 20.0; 20.2000007629; 19.4833329519; 19.4833329519; 19.9666665395; 77.0; 74.0208330154; 79.3875017166; 84.5208330154; 88.1208314896; 74.5749988556; 73.6208305359; 219.545832952; 82.1708310445; 0 
2017-12-11 06:19:21 20.1000003815; 20.2350002289; 19.6950007439; 20.2000007629; 20.0; 20.2000007629; 19.8999996185; 19.8999996185; 19.9799999237; 77.0899986267; 74.1399982452; 241.410004044; 84.6149982452; 88.2249988556; 74.6499977112; 75.2650009155; 84.8700019836; 82.3700008392; 0 
2017-12-11 06:24:30 20.1000003815; 19.7050005913; 19.6950007439; 20.2000007629; 20.0; 20.2000007629; 19.8849995613; 19.8999996185; 19.9849999428; 77.2099979401; 236.214994431; 241.450003433; 84.7550003052; 88.3250026703; 74.7600006104; 75.3250026703; 84.9800003052; 82.4700004578; 0 
2017-12-11 06:29:31 20.1000003815; 20.236842306; 20.194737585; 20.189474407; 20.0; 20.2000007629; 19.810525593; 19.8999996185; 19.9631577542; 77.2578952187; 74.3000002409; 79.5736830862; 84.7736860576; 88.3526338276; 74.7947395726; 75.3105292069; 85.0842092414; 82.3947384483; 0 
2017-12-11 06:34:38 20.1000003815; 19.7428575243; 20.2000007629; 20.1809530712; 19.9952380771; 20.1619054703; 19.7999992371; 19.8857138497; 19.9476188478; 77.1999969482; 228.51428041; 79.4809526716; 84.709522429; 88.3904778617; 74.7904786609; 75.3000030518; 85.0095236642; 82.3523828416; 0 
2017-12-11 06:39:44 20.1000003815; 19.6736848731; 20.2000007629; 20.1210530934; 19.9842104661; 20.2000007629; 19.7999992371; 19.8526310168; 19.9052627965; 77.1999969482; 244.715781764; 79.4947369224; 84.7105247096; 88.3842122931; 74.7105239065; 75.3000030518; 84.9947369224; 82.3052661293; 0 
2017-12-11 06:44:51 20.1000003815; 20.2086962824; 20.1956529203; 20.1260874375; 20.0; 20.2000007629; 19.7999992371; 19.8695647198; 19.9130431465; 77.1739103898; 74.2086934629; 79.4913044805; 84.6695629617; 88.3739149674; 74.726085497; 75.3000030518; 85.017391039; 82.2956539652; 0 
2017-12-11 06:49:50 20.1000003815; 20.2105269181; 20.1473689832; 20.1210530934; 20.0; 20.2000007629; 19.7999992371; 19.8789469066; 19.9526313983; 77.3157922845; 74.3000022487; 79.5947357981; 84.7526317396; 88.4052646035; 74.8052661293; 75.3210553621; 85.0947353965; 82.4526327033; 0 
2017-12-11 06:54:56 20.1000003815; 20.2050006866; 19.6950007439; 20.2000007629; 20.0; 20.2000007629; 19.8949995995; 19.8999996185; 19.9699998856; 77.4050014496; 74.4300010681; 241.675; 84.9050014496; 88.5349994659; 74.9500007629; 75.5149997711; 85.184998703; 82.7049987793; 0 
2017-12-11 06:59:58 20.1000003815; 20.2050006866; 20.2000007629; 20.1700006485; 20.0; 20.2000007629; 18.9199995607; 19.8999996185; 19.9799999237; 77.659998703; 74.6649974823; 79.9900001526; 85.1599979401; 88.7650005341; 75.169997406; 75.3449977875; 85.4850002289; 82.8900016785; 0 
2017-12-11 07:05:03 20.1000003815; 20.2000007629; 20.2000007629; 20.133333842; 20.0; 20.19523884; 19.8571423122; 97.9190495809; 19.9571426937; 77.8190503802; 74.7714298793; 80.1571404593; 85.2809528169; 88.952381679; 75.2952408564; 75.7619051252; 85.2714273362; 82.9809526716; 0 
2017-12-11 07:10:08 20.133333842; 20.2111117045; 20.1777784559; 20.1944451862; 20.022222307; 20.1444449955; 19.8999996185; 19.9666665395; 19.9166663488; 77.9666671753; 74.9833335876; 80.5166655646; 85.3444459703; 88.9777781169; 75.5499992371; 75.9111124674; 85.6444422404; 83.3722216288; 0 
2017-12-11 07:15:14 20.1818188754; 20.2136369185; 20.1909098192; 20.2090915333; 20.077273022; 20.1409096284; 19.9136360342; 20.0; 19.9045450904; 77.927273837; 75.0272723111; 80.5499992371; 85.2590907704; 88.9000015259; 75.7181812633; 75.8318200545; 85.6090892445; 83.4409099926; 0 
2017-12-11 07:20:17 20.2000007629; 20.2157899957; 18.6000006826; 20.2578946164; 20.0894740255; 20.1105267374; 19.9578945762; 20.005263178; 19.9263155084; 77.9421061466; 75.1263142636; 591.75263174; 85.2736840499; 88.9421061466; 75.8578969052; 75.910527681; 85.589472319; 83.6105246293; 0 
2017-12-11 07:25:42 19.6400005341; 19.710000515; 20.2000007629; 20.2000007629; 20.0400001526; 19.6400005341; 19.8999996185; 19.9599998474; 19.9499998093; 239.895002365; 237.16999321; 80.5799987793; 85.4550006866; 89.1299980164; 237.729998016; 75.9100013733; 85.6449981689; 83.4050014496; 0 
2017-12-11 07:30:28 20.1000003815; 20.2000007629; 20.2000007629; 20.184211229; 20.0; 19.6526322616; 19.8999996185; 19.8999996185; 19.9789472881; 78.0999984741; 75.1315769396; 80.4736846121; 85.5526307759; 89.2842122128; 246.131581758; 76.0; 85.7894760935; 83.1947354768; 0 
2017-12-11 07:35:40 20.1000003815; 20.2050006866; 19.6950007439; 20.1950007439; 20.0; 20.2000007629; 19.8849995613; 19.8999996185; 20.0; 78.0749988556; 75.0249996185; 242.160002518; 85.4950000763; 89.3000030518; 75.5949985504; 75.9800003052; 85.8000030518; 83.1199981689; 0 
2017-12-11 07:40:35 20.1000003815; 20.2105269181; 20.2000007629; 20.194737585; 19.9894736441; 20.2000007629; 19.8473678388; 19.8999996185; 19.9578945762; 78.0578938534; 75.0210523103; 80.3000030518; 85.5052630776; 89.3315811157; 75.5315784655; 75.9842107672; 85.8578969052; 83.1157877069; 0 
2017-12-11 07:45:41 20.1000003815; 20.2000007629; 20.2000007629; 20.1857149942; 20.0; 20.2000007629; 19.8523803893; 19.8999996185; 19.9857142312; 78.0714274815; 75.0047618321; 80.3000030518; 85.5; 89.3190503802; 75.5619038173; 76.0571419852; 85.904763358; 83.1285694667; 0 
2017-12-11 07:51:03 20.1000003815; 20.2050006866; 20.2000007629; 20.1700006485; 19.9849999428; 20.2000007629; 19.8299993515; 19.8899995804; 19.9749999046; 78.1149982452; 75.0599990845; 80.2900024414; 85.5299995422; 89.3850017548; 75.5649990082; 76.084998703; 85.9400009155; 83.1899982452; 0 
2017-12-11 07:55:53 20.0952384585; 20.204762595; 20.2000007629; 20.1619053795; 19.9523807707; 19.7190483638; 19.7999992371; 19.8904757727; 19.9428569249; 78.1952351161; 75.1047603062; 80.3000030518; 85.595236642; 89.4857145037; 229.857145764; 76.1571404593; 86.095236642; 83.1523793538; 0 
2017-12-11 08:01:00 20.1000003815; 20.2000007629; 20.2000007629; 20.1777784559; 19.9499998093; 20.1944451862; 19.8277771208; 19.8944440418; 19.9722221163; 78.2111087375; 75.1666641235; 80.3944460551; 85.627775828; 89.4500007629; 75.6722195943; 76.2111091614; 86.1111094157; 83.2611122131; 0 
2017-12-11 08:06:11 20.1000003815; 20.204762595; 19.7190483638; 20.2000007629; 20.0; 19.7190483638; 19.8809519268; 19.9047615415; 19.9952380771; 78.1333312988; 75.0333328247; 234.500001817; 85.5809511457; 89.4904763358; 229.828574771; 76.1285694667; 85.9095244635; 83.2666680472; 0 
2017-12-11 08:11:08 20.1600006104; 20.2000007629; 20.1950007439; 20.2000007629; 20.0300001144; 20.1100004196; 19.8999996185; 19.934999752; 19.9199996948; 77.9700004578; 75.084998703; 80.3600021362; 85.3; 89.0800003052; 75.7449989319; 75.9250011444; 85.7399997711; 83.3450000763; 0 
2017-12-11 08:16:27 20.1090913252; 20.2000007629; 20.1136367971; 20.2227276889; 20.1000003815; 20.0090909438; 19.8999996185; 18.5590906143; 19.7999995839; 77.5909087441; 74.9818184593; 80.2727269259; 84.9090898687; 88.4818174189; 75.699999029; 75.6454540599; 232.436365301; 83.427273837; 0 
2017-12-11 08:21:23 20.1052635594; 20.1631585171; 20.0894740255; 20.2526315388; 20.1000003815; 20.0; 19.5631575333; 20.0; 19.694737585; 77.3526330245; 74.8052637201; 80.3526334261; 84.5368415431; 87.9157899555; 75.5684200086; 74.3157904776; 84.9473692241; 83.7631590994; 0 
2017-12-11 08:26:24 20.2000007629; 20.1954552911; 20.1000003815; 20.2772723111; 20.1090913252; 20.0090909438; 19.922726978; 20.0; 19.7181823037; 77.1227264404; 74.6227264404; 80.254543998; 84.3727281744; 87.7727269259; 75.3863650235; 75.2090894526; 84.7045433738; 83.5954544761; 0 
2017-12-11 08:31:30 20.0526317797; 20.0789476696; 19.9473682203; 20.2105265166; 20.0210528123; 19.9210523304; 19.8421048616; 19.8894732626; 19.4736841101; 77.4263165123; 74.9526314986; 80.689474407; 84.4736842105; 87.8894741661; 75.7263159501; 75.3421048616; 84.9368414628; 84.3105263961; 0 
2017-12-11 08:36:37 19.8999996185; 19.9399997711; 19.7250003815; 20.0750002861; 19.9799999237; 19.7949993134; 19.1550005436; 19.6950005531; 19.2000005722; 77.8900001526; 75.3450012207; 81.5150005341; 84.8450008392; 88.1849990845; 76.0650001526; 237.845002365; 85.6500007629; 85.6199996948; 0 
2017-12-11 08:41:50 19.844443851; 19.9166663488; 19.6722228792; 20.0; 19.9166663488; 19.7166671753; 19.566666921; 19.6000003815; 19.155556149; 78.272222307; 75.6222203573; 82.0000004239; 85.2555563185; 88.4944445292; 76.6166648865; 76.5277773539; 86.3333346049; 85.9666671753; 0 
2017-12-11 08:46:50 19.8499994278; 19.9055551953; 19.1055561172; 20.0; 19.9055551953; 19.7000007629; 19.5333334605; 19.6000003815; 19.2000007629; 78.5166664124; 75.9055548774; 262.077771929; 85.4388898214; 88.7666651408; 76.8999998305; 76.7666655646; 86.6555553012; 86.0500013563; 0 
2017-12-11 08:51:50 19.7999992371; 19.8999996185; 19.1050003529; 19.9649998665; 19.5549995422; 19.6550005913; 19.4899999619; 19.5350001335; 19.0950003624; 79.0650009155; 76.4249996185; 244.255005264; 86.0450000763; 89.5700012207; 77.4999996185; 77.3750003815; 87.3149990082; 86.915001297; 0 
2017-12-11 08:57:01 19.7999992371; 19.8631573727; 19.5473686017; 19.9526313983; 19.8473678388; 18.6210531341; 19.4421050423; 19.5210527119; 19.0578949577; 79.5263153879; 76.794738368; 83.5999996788; 86.4263165123; 89.9052646035; 77.7473674573; 77.6999997591; 87.7526329442; 87.4052638004; 0 
2017-12-11 09:01:56 19.6950007439; 19.7250003815; 19.4149996758; 19.8549994469; 19.7400001526; 19.4249997139; 19.3149993896; 19.3899995804; 18.9149996758; 79.0349994659; 76.4250011444; 83.1449989319; 85.9250011444; 89.4700004578; 77.6149982452; 77.3700019836; 87.4350009918; 87.0749992371; 0 
2017-12-11 09:07:01 19.6800006866; 19.75; 19.3899995804; 19.8349993706; 19.7549999237; 19.5; 19.2949993134; 19.3549994469; 18.8599994659; 79.1749988556; 76.3850017548; 83.4250011444; 86.0199996948; 89.3600013733; 77.5149997711; 77.5749988556; 87.5549991608; 87.4350006104; 0 
2017-12-11 09:12:08 19.6523815337; 19.704762595; 19.3476184663; 19.8142850058; 19.7095244271; 19.4761903854; 19.2476190839; 19.3333326976; 18.8285707746; 78.8190485636; 76.0999988374; 83.0857129778; 85.6380942208; 89.0428564889; 77.1285701933; 77.2333341326; 87.1142854236; 87.133332752; 0 
2017-12-11 09:17:13 19.8111109204; 19.3166664971; 19.5111111535; 19.9388886558; 19.8499994278; 19.1444444656; 19.433333079; 19.5111111535; 19.2333331638; 78.400001102; 255.599997626; 82.5388891432; 85.5666656494; 88.8222232395; 256.527778202; 77.0; 86.8444446988; 85.9833340115; 0 
2017-12-11 09:22:22 19.9458331267; 20.0750002861; 19.7708332539; 20.0125000477; 19.8999996185; 19.9749999046; 19.2333338658; 19.7375001113; 19.7041667302; 78.4250011444; 75.4583339691; 81.9250011444; 85.6874984105; 89.2833347321; 76.1041653951; 211.633336385; 86.4208345413; 84.3791662852; 0 
2017-12-11 09:27:26 20.0; 20.1157899154; 19.9473682203; 20.0894740255; 19.8999996185; 20.0631581357; 19.2526312376; 19.8368414829; 19.8999996185; 78.6684196874; 75.5894735236; 81.7894748889; 85.9842115703; 89.5631581357; 76.1210519891; 247.094741018; 86.4315799914; 84.0105261552; 0 
2017-12-11 09:32:28 20.0210527119; 20.189474407; 20.0263158899; 20.1052635594; 19.952631599; 20.1000003815; 19.815788771; 19.8999996185; 19.9210523304; 78.936843069; 75.9947369224; 81.8105271992; 86.273684853; 89.9263169138; 76.4315799914; 76.7526309365; 86.5999984741; 84.0999984741; 0 
2017-12-11 09:37:42 20.0150000572; 20.1750006676; 20.1000003815; 20.1000003815; 19.9899999619; 20.1000003815; 19.8249993324; 19.8999996185; 20.0; 78.8250026703; 75.8850017548; 81.5999984741; 86.1799972534; 89.8600017548; 76.3350025177; 76.6099983215; 86.4800003052; 83.8850017548; 0 
2017-12-11 09:42:39 20.0947372035; 19.136842828; 20.1157899154; 20.1631585171; 20.0; 20.1263162713; 19.8999996185; 19.9684209322; 20.005263178; 79.0263153879; 416.889479386; 81.5421046207; 86.2894740858; 89.9052646035; 76.4263169138; 76.6999969482; 86.5526307759; 83.9157907586; 0 
2017-12-11 09:50:38 20.1000003815; 19.5588242026; 19.6058830934; 20.2000007629; 19.4470589582; 20.1588241353; 19.9941176246; 20.0; 20.0176471261; 79.1529388428; 266.264699151; 272.158829633; 86.3470607084; 279.34117665; 76.5941171085; 76.7882353839; 86.5176467896; 84.1764719346; 0 
2017-12-11 09:55:39 20.1666673024; 19.6611115138; 19.6388896306; 20.2388890584; 20.1000003815; 20.2000007629; 19.4500000212; 20.044444614; 20.0166667302; 79.0555547078; 255.894447751; 261.433337741; 86.199997796; 90.0166664124; 76.577776591; 256.516670651; 86.3888905843; 84.0999984741; 0 
2017-12-11 10:00:48 20.2000007629; 20.2999992371; 19.5687507391; 20.2999992371; 20.1000003815; 20.2000007629; 20.0875003338; 19.4687503576; 20.1000003815; 79.0187497139; 75.9937500954; 283.887496471; 86.2062497139; 90.0187497139; 76.5499992371; 76.5249996185; 288.399992943; 84.0500006676; 0 
2017-12-11 10:05:37 20.2000007629; 20.2999992371; 20.2933326721; 20.2999992371; 20.1000003815; 19.5266674042; 20.1000003815; 20.1200004578; 20.1000003815; 78.9600006104; 75.9666671753; 81.5933319092; 86.0866653442; 89.9933334351; 292.45333252; 76.4066680908; 86.1933329264; 84.0466659546; 0 
2017-12-11 10:10:37 20.2000007629; 20.2999992371; 20.2999992371; 20.3055548138; 20.133333842; 19.6388896306; 20.1222226885; 20.2000007629; 20.111111535; 78.5722232395; 75.577776591; 81.1499994066; 85.7166654799; 89.6444439358; 256.083335029; 76.0444450378; 85.6944440206; 83.611111535; 0 
2017-12-11 10:15:47 20.2764701843; 20.376470117; 20.2999992371; 20.3882348678; 20.2000007629; 20.2764701843; 19.0117654239; 20.264705658; 20.2000007629; 78.4823518641; 75.3999997307; 80.9235283347; 85.5764698702; 89.4588232601; 75.9647059721; 456.911772784; 85.3470580157; 83.341174855; 0 
2017-12-11 10:21:10 20.2999992371; 20.3999996185; 20.3545448997; 20.3999996185; 20.2000007629; 20.2999992371; 20.2545453852; 20.2999992371; 20.2000007629; 78.2636358088; 75.2090911865; 80.7272734209; 85.3454548229; 89.309092435; 75.7636365024; 75.5909077037; 84.9636355313; 83.1727267179; 0 
2017-12-11 10:25:59 20.3090901808; 20.3999996185; 20.381817731; 20.4090905623; 18.527272452; 20.3090901808; 20.2999992371; 20.3454539559; 20.2636361556; 78.0545446222; 75.1818188754; 80.6909096458; 85.1272735596; 88.6090920188; 75.7909088135; 75.4545461481; 84.8090917414; 83.1363636364; 0 
2017-12-11 10:44:17 20.3999996185; 20.4975609663; 20.4804877304; 20.5170732359; 20.3585360457; 20.3999996185; 20.4658535283; 20.443902225; 20.3512189446; 78.5999984741; 75.7341466764; 81.2780501203; 85.6048771928; 89.3487813066; 76.3317095129; 75.7024389127; 85.4121953453; 83.5975593009; 0 
2017-12-11 10:49:26 20.4434780453; 20.5; 20.3391306711; 20.5369566627; 20.3999996185; 20.4260866746; 20.2065214696; 20.4043474612; 20.4108692252; 78.6043470631; 75.7130437105; 151.428258481; 85.7260856628; 89.3826089942; 76.2565218055; 146.189130368; 85.6500000332; 83.3521741784; 0 
2017-12-11 10:54:28 20.5; 20.5500001907; 20.5956525388; 20.6000003815; 20.3999996185; 20.4956521573; 20.5; 20.5043478427; 20.506521764; 78.5413037176; 75.5586947565; 80.9369574837; 85.6282589125; 89.4282619642; 76.1130424168; 75.6326066722; 85.3543493851; 83.0760861272; 0 
2017-12-11 10:59:46 20.5; 20.3711114883; 20.6000003815; 20.6266671499; 20.3999996185; 20.5; 20.5377779219; 20.5800003052; 20.5755558438; 78.34666765; 147.299999152; 80.6644429525; 85.3555565728; 89.3022233751; 75.8377782186; 75.3622233073; 85.0022221883; 82.6688876682; 0 
2017-12-11 11:04:50 20.5111111535; 20.395556026; 20.6600006104; 20.7000007629; 20.4933333079; 20.5600002289; 20.5911114587; 20.5977781508; 20.6311116113; 78.4777781169; 147.50666843; 80.8111119588; 85.5622212728; 89.4444451226; 76.0644434611; 75.5377772013; 85.302223036; 82.7444439358; 0 
2017-12-11 11:10:02 20.5760872468; 20.6978268416; 20.7000007629; 20.7000007629; 20.5; 20.3739134125; 20.6000003815; 20.6021743028; 20.6152178308; 78.1673919014; 75.2391304348; 80.3608682052; 85.1739142045; 89.1347832058; 146.134783372; 75.2478266177; 84.8760865253; 82.3869555929; 0 
2017-12-11 11:15:00 20.6000003815; 20.7000007629; 20.7044451396; 20.7244448344; 20.5; 20.6022226122; 20.6177782271; 20.6177782271; 20.6955563015; 78.0755552504; 75.1888893975; 80.2222232395; 85.1; 88.9399990506; 75.5977778117; 75.1488888211; 84.782222663; 82.2844446818; 0 
2017-12-11 11:20:00 20.1209306052; 20.7023263088; 20.7209306761; 20.7999992371; 20.5; 20.6441865965; 20.7697671402; 20.7697671402; 20.67441927; 227.704655669; 74.2720927749; 79.3558136696; 84.039535345; 88.0186048996; 74.6860459793; 74.0279072606; 83.2232559559; 81.3674426411; 0 
2017-12-11 11:25:13 20.3659577674; 20.6978730952; 20.617021723; 20.7999992371; 20.5; 20.5659576984; 20.5297872259; 20.7425533051; 20.4340423016; 146.338298067; 74.6808507392; 80.0489363975; 84.236170018; 88.0914889397; 75.2808511612; 143.029787104; 83.4148932924; 82.5382985866; 0 
2017-12-11 11:30:09 20.3289477449; 20.7000007629; 20.6052635594; 20.7999992371; 20.5; 20.5921056145; 20.4789473383; 20.7263161509; 20.4473682203; 162.892105504; 74.8763142636; 80.2552624753; 84.4789478904; 88.3447357981; 75.4421063473; 159.618417439; 83.6578949376; 82.7999992371; 0 
2017-12-11 11:35:13 20.3782612552; 20.7000007629; 20.6478266509; 20.7999992371; 20.5152174494; 20.6021743028; 20.7760865585; 20.7413044805; 20.5434784267; 147.708697278; 74.5195649188; 79.9413047459; 84.1869553276; 88.0782600071; 75.1086943253; 74.1282595759; 83.4304356782; 82.3217398602; 0 
2017-12-11 11:40:18 20.6000003815; 20.70212839; 20.7000007629; 20.7999992371; 20.5340426831; 20.6212770584; 20.7340427967; 20.7000007629; 20.6063833845; 77.0425543278; 74.2702117271; 79.5340439817; 84.0680858531; 87.8808512586; 74.8234028918; 74.0148943637; 83.334041352; 81.7829774897; 0 
2017-12-11 11:45:25 20.4434788953; 20.7413044805; 20.715217922; 20.7999992371; 20.5913046961; 20.6891311563; 20.7826081981; 20.7434783604; 20.6782615496; 147.832609591; 74.5934778296; 79.9217403246; 84.3891321265; 88.2891321597; 75.2173901434; 74.3565227674; 83.7673905414; 82.0695644876; 0 
2017-12-11 11:50:32 20.7000007629; 20.7999992371; 20.799999276; 20.853060664; 20.6000003815; 20.7428572518; 20.7959176667; 20.7714282445; 20.7591835723; 77.4755105778; 74.5591829261; 79.7102039882; 84.4489803703; 88.3632673925; 75.0489790002; 74.4285720514; 83.8816322794; 81.7367352855; 0 
2017-12-11 11:55:35 20.7000007629; 20.7999992371; 20.8390237762; 20.8756092816; 20.6000003815; 20.2731702851; 20.7999992371; 20.7878043012; 20.8780483153; 76.9731716993; 74.0024395454; 78.9292684415; 84.0634144108; 88.0853654815; 232.521950326; 73.8682930179; 83.1512188795; 80.7170728358; 0 
2017-12-11 12:00:41 20.4688896391; 20.5733325958; 20.888888465; 20.8933329264; 20.6000003815; 20.7911104838; 20.3377770318; 20.7955548604; 20.8688883887; 148.395555115; 145.517779711; 78.4355561998; 83.5333333333; 87.5755540636; 74.0333335029; 217.535559252; 82.7511120266; 80.2666671753; 0 
2017-12-11 12:05:47 20.7000007629; 20.8177770827; 20.8711106194; 20.8999996185; 20.6000003815; 20.7844439189; 20.8244437748; 20.8177770827; 20.8466660817; 75.9888882107; 72.917777337; 77.9666666667; 83.0555564033; 86.98444536; 73.4200005425; 72.9911117554; 82.0244445801; 79.7044442071; 0 
2017-12-11 12:10:56 20.7000007629; 20.8066659292; 20.8199993134; 20.8999996185; 20.6000003815; 20.7599998474; 20.8533327738; 20.888888465; 20.7622220357; 75.3422212389; 72.6022226969; 77.4088875665; 82.4133331299; 86.251111518; 73.1422229343; 72.4177771674; 81.2644441393; 79.5266671075; 0 
2017-12-11 12:15:57 20.7000007629; 20.7999992371; 20.7999992371; 20.8977773878; 20.6000003815; 20.7044451396; 20.8555550045; 20.8933329264; 20.6355560727; 75.2; 72.5511105008; 77.5311121623; 82.2088889228; 86.0488891602; 73.133334181; 72.1822223239; 80.9599994236; 79.9377773709; 0 
2017-12-11 12:20:58 20.7040823333; 20.8183666541; 20.8204074782; 20.8999996185; 20.6265310949; 20.7673466741; 20.8448973675; 20.8408157582; 20.7591835333; 75.4959185853; 72.8653073992; 77.7551021965; 82.6244897648; 86.4000012145; 73.4734693255; 72.6673478107; 81.7346937218; 80.0959165923; 0 
2017-12-11 12:26:04 20.7000007629; 20.7999992371; 20.8065210011; 20.8934778545; 20.6043482241; 20.7521738799; 20.8130427651; 20.8108688437; 20.6369570442; 74.9543468641; 72.3934782277; 77.1369562564; 82.0913047791; 85.8739133088; 72.8326085961; 72.2934777633; 81.0782608364; 79.580433887; 0 
2017-12-11 12:31:05 20.7187504768; 20.8687494993; 20.8333326976; 20.8999996185; 20.6062504053; 20.8020828168; 20.8687494993; 20.895832936; 20.7770831982; 74.9687493642; 72.2291663488; 77.1229166985; 82.0437488556; 85.910416921; 72.6520824432; 72.054166317; 80.8125001589; 79.3479159673; 0 
2017-12-11 12:36:13 20.7895827293; 20.9166663488; 20.9020829598; 20.8999996185; 20.6395838658; 20.8854162296; 20.9041663011; 20.8999996185; 20.8999996185; 74.829167366; 71.8770852089; 76.7437497775; 81.9145830472; 86.0041666031; 72.4250011444; 71.78125; 80.5791662534; 78.5666659673; 0 
2017-12-11 12:41:14 20.7999992371; 20.985416611; 20.9979166587; 20.9145830075; 20.6583339373; 20.8999996185; 20.9020829598; 20.895832936; 20.9229163726; 74.610417366; 71.9104178747; 76.508333842; 81.7687498728; 86.0624990463; 72.3895850182; 71.8083338737; 80.6249985695; 78.5937487284; 0 
2017-12-11 12:46:20 20.7999992371; 20.9346936284; 21.0; 20.9122445632; 20.6510209843; 20.8999996185; 20.8959179703; 20.8693872569; 20.9061220909; 74.3714305333; 71.7551023522; 76.2183669733; 81.5877546972; 85.9714285403; 72.3040822866; 71.7734689518; 80.6244883635; 78.4714290074; 0 
2017-12-11 12:51:30 20.7999992371; 20.9059996414; 21.0; 20.8999996185; 20.6340005112; 20.8979996109; 20.891999588; 20.8839995575; 20.9099996567; 74.7280000305; 71.9120002747; 76.4459999084; 81.9040011597; 85.9660005188; 72.4780003357; 71.9800003052; 80.873999176; 78.6140010071; 0 
2017-12-11 12:56:28 20.7999992371; 20.9199996948; 21.0; 20.8999996185; 20.6400005341; 20.8977773878; 20.8955551571; 20.8911106957; 20.9044440799; 74.7933341132; 72.0555548774; 76.5088889228; 81.9444452922; 86.1155537923; 72.6288874308; 72.0822209676; 81.0066665649; 78.8111124674; 0 
2017-12-11 13:01:34 20.7999992371; 20.944897749; 21.0; 20.8999996185; 20.6081636779; 20.8979587944; 20.871428081; 20.8877546739; 20.8999996185; 75.0408163265; 72.2857133515; 76.7530607885; 82.204081477; 86.2510206261; 72.8020422799; 72.3183676272; 81.2571415804; 79.0693877862; 0 
2017-12-11 13:06:36 20.7999992371; 20.9847825506; 21.0; 20.8999996185; 20.6478266509; 20.8999996185; 20.8999996185; 20.8999996185; 20.8999996185; 75.3695667101; 72.497826286; 77.045651809; 82.4130448051; 86.4108707594; 72.9630438763; 72.4760871555; 81.3978266509; 79.3304357114; 0 
2017-12-11 13:11:41 20.7999992371; 20.9893616615; 21.0; 20.9212762954; 20.6617027445; 20.8999996185; 20.9042549539; 20.8999996185; 20.9127656247; 75.4574474578; 72.6531902881; 77.1808496029; 82.5659569274; 86.6382960867; 73.1063823294; 72.6276582758; 81.6382970607; 79.4914894916; 0 
2017-12-11 13:16:46 20.7999992371; 20.9829786585; 21.0; 20.9531913108; 20.6914900922; 20.8999996185; 20.9127656247; 20.8999996185; 20.9297869662; 75.6914893617; 72.9021288283; 77.4638303391; 82.8000017531; 86.8659591675; 73.3893633903; 72.8021287309; 81.902129153; 79.7723403281; 0 
2017-12-11 13:21:51 20.7999992371; 20.9851063262; 21.0; 20.938297637; 20.6638304122; 20.8999996185; 20.9170209601; 20.8999996185; 20.9957446646; 75.9063840826; 73.0638286509; 77.6446784811; 82.9680855934; 87.0595737214; 73.5446801693; 72.9574476201; 82.0914882903; 79.8936186446; 0 
2017-12-11 13:26:54 20.7999992371; 21.0; 21.0; 20.9541664918; 20.6791673501; 20.8999996185; 20.933333079; 20.8999996185; 20.9979166587; 75.977083683; 73.0479160945; 77.6729148229; 83.0458329519; 87.1854141553; 73.4833335876; 72.9145846367; 81.9854170481; 79.87291797; 0 
2017-12-11 13:32:02 20.7999992371; 21.0; 21.0022222307; 20.9799999237; 20.6977785322; 20.9044440799; 20.9088885413; 20.8999996185; 20.9977777693; 75.8488893297; 72.853334554; 77.4933334351; 82.9377787272; 87.0577768962; 73.315556505; 72.8311126709; 81.8688895331; 79.6088884142; 0 
2017-12-11 13:37:06 20.7999992371; 21.0; 21.0; 20.9877550553; 20.7000007629; 20.9040812668; 20.9142853873; 20.8999996185; 21.0; 75.9489803703; 72.9326533103; 77.565305126; 83.0020407852; 87.0469380593; 73.3918371395; 72.8204093466; 81.8755110137; 79.6265286815; 0 
2017-12-11 13:42:12 20.7999992371; 21.0; 21.0; 20.9466664632; 20.7000007629; 20.9066663106; 20.9088885413; 20.9044440799; 21.0; 76.1177761502; 73.0755544027; 77.6933305528; 83.1599984063; 87.1711085002; 73.4711115519; 72.9622227987; 82.0088887533; 79.7377766927; 0 
2017-12-11 13:47:15 20.7999992371; 21.0; 21.0; 20.9681816968; 20.7000007629; 20.9090905623; 20.9068178264; 20.9477270733; 21.0; 76.2886376814; 73.2931835868; 77.8272753629; 83.3045463562; 87.3136376468; 73.7068157196; 73.0409084667; 82.1249994798; 79.922728105; 0 
2017-12-11 13:52:19 20.7999992371; 21.0; 21.0652176401; 20.993478236; 20.7000007629; 20.9717390226; 20.9847825506; 20.993478236; 21.0630437188; 76.5869553607; 73.4565224026; 78.1521717569; 83.6239114844; 87.5413037176; 73.9521746428; 73.3282621632; 82.3760883497; 80.0913031205; 0 
2017-12-11 13:57:22 20.7999992371; 21.0; 21.1000003815; 20.9957446646; 20.7000007629; 20.9595743139; 21.0; 21.0; 21.1000003815; 76.7468083158; 73.655316779; 78.1106366097; 83.7212759789; 87.6489345469; 74.078722203; 73.3021290556; 82.3617042379; 79.8680856583; 0 
2017-12-11 14:02:29 20.7999992371; 20.9957446646; 21.0680853661; 20.9893616615; 20.7000007629; 20.9212762954; 21.0; 21.0; 21.0914897107; 76.6723379582; 73.6106369343; 78.0893605009; 83.6425510163; 87.5234038982; 73.9574472955; 73.2255307461; 82.2829789507; 79.8063843098; 0 
2017-12-11 14:07:30 20.7933326721; 20.911110772; 21.0022222307; 20.9066663106; 20.7000007629; 20.8866662343; 20.911110772; 20.9222219255; 21.0; 76.6533330282; 73.648888482; 78.155555386; 83.6311106364; 87.535555013; 74.0844443427; 73.2911110772; 82.3666666667; 80.0311121623; 0 
2017-12-11 14:12:37 20.7612243185; 20.8999996185; 20.9306119802; 20.8999996185; 20.7000007629; 20.8285707746; 20.8979587944; 20.8999996185; 20.9204078596; 77.2102039882; 74.2530618784; 79.0265312973; 84.2142855586; 88.1510212178; 74.7448981149; 74.0428574231; 83.2938768037; 81.1285713352; 0 
2017-12-11 14:17:40 20.7437500954; 20.8999996185; 20.8999996185; 20.8999996185; 20.6791673501; 20.8041659196; 20.8687494993; 20.8999996185; 20.8229159911; 77.8395833969; 74.8374999364; 80.0562499364; 84.7791673342; 88.7291669846; 75.3625000318; 74.6124998728; 84.0520838102; 82.0416676203; 0 
2017-12-11 14:22:43 20.744898037; 20.8999996185; 20.8775505533; 20.8999996185; 20.7000007629; 20.7999992371; 20.8734689051; 20.8999996185; 20.7918360963; 78.3836725975; 75.3653050637; 80.8020405672; 85.2755095813; 89.2693875371; 75.9693883779; 75.0918375132; 84.6346947806; 82.9183670355; 0 
2017-12-11 14:27:48 20.7872334744; 20.8999996185; 20.8680846032; 20.8999996185; 20.7000007629; 20.7999992371; 20.8872336124; 20.8999996185; 20.7914887286; 79.0553178179; 75.9957444211; 81.5148925781; 85.8723409125; 89.8787241185; 76.578722203; 75.6723394191; 85.4148939417; 83.6659571871; 0 
2017-12-11 14:32:55 20.7571427482; 20.8938771462; 20.8183666541; 20.8999996185; 20.6816333459; 20.7836729556; 20.8387748952; 20.8979587944; 20.7653058889; 78.4224496958; 75.3571430128; 80.6285704009; 85.3428570494; 89.3816322794; 75.8591847322; 75.0306114664; 84.6061225424; 82.7734701974; 0 
2017-12-11 14:38:00 20.784782078; 20.8913039332; 20.8282602144; 20.8999996185; 20.6978268416; 20.8130427651; 20.8282602144; 20.8978256972; 20.7956516846; 76.8869562564; 73.8217390309; 78.9065213411; 83.8673913375; 87.7956519749; 74.3086957517; 73.6934777965; 82.75; 80.9782607037; 0 
2017-12-11 14:43:03 20.7999992371; 20.9297869662; 20.8999996185; 20.9042549539; 20.7000007629; 20.8765952739; 20.8787229416; 20.8999996185; 20.8978719508; 75.4851067726; 72.3808510963; 77.2808514859; 82.506383693; 86.4170220558; 72.7936170862; 72.3659573819; 80.921276336; 78.9191488712; 0 
2017-12-11 14:48:06 20.7999992371; 20.9609754609; 20.8999996185; 20.943902225; 20.7024397501; 20.8999996185; 20.9048776859; 20.9146338207; 20.968292562; 74.2512195866; 71.3634154157; 76.0463407563; 81.356098082; 85.163415118; 71.758536176; 71.3878047292; 79.6390250601; 77.6926835223; 0 
2017-12-11 14:53:10 20.8043470797; 20.9956521573; 20.9391302026; 20.9978260787; 20.7130440422; 20.8999996185; 20.9239127532; 20.7521738384; 20.7543477597; 73.2108686696; 70.8260867907; 75.1391299704; 80.3652172918; 83.9826092927; 71.182608563; 70.6869561569; 149.215214937; 147.334783139; 0 
2017-12-11 14:58:18 20.8083326022; 21.0; 21.0; 21.0; 20.7125005722; 20.9624998569; 20.5625; 20.5625; 21.0791669687; 74.0499992371; 71.4750000636; 75.9791666667; 81.0499992371; 84.7791674932; 71.8208335241; 206.233329773; 214.34166654; 77.4249998728; 0 
2017-12-11 15:03:23 20.8055548138; 21.0; 21.0; 21.0; 20.7027784983; 20.9916666349; 21.0138889419; 20.7583335241; 20.8388893869; 73.4388889737; 70.6472227308; 75.0583328671; 80.3750002119; 84.0611103906; 70.9111105601; 70.2416670058; 168.261111153; 165.947221332; 0 
2017-12-11 15:08:28 20.8860460769; 21.0; 20.7558139535; 21.0255814929; 20.7604649566; 21.0; 21.0674421177; 21.0976747912; 21.1000003815; 72.5837216045; 70.1093026095; 149.618603729; 79.5604650808; 83.2953491211; 70.4348843597; 69.8418611039; 77.7209298777; 75.8860462987; 0 
2017-12-11 15:13:31 20.8976740283; 21.0; 21.0; 21.0395350345; 20.7372094975; 20.7558139535; 21.0953492009; 21.1000003815; 21.1000003815; 72.9627903783; 70.3534900754; 74.6023250846; 79.8627911945; 83.6232549978; 146.109303497; 70.0604645485; 78.0465110956; 76.2418599683; 0 
2017-12-11 15:18:35 20.8999996185; 21.019565292; 21.0956525388; 21.0869568535; 20.7891298377; 21.0; 21.1000003815; 21.1000003815; 21.1065221455; 73.1586958844; 70.6065212747; 74.9065220045; 80.1413051771; 84.0086950219; 70.9847828409; 70.3652182869; 78.5021740457; 76.6152169601; 0 
2017-12-11 15:23:42 20.8999996185; 21.0239131347; 21.0956525388; 21.1000003815; 20.7999992371; 21.0; 21.1000003815; 21.1000003815; 20.8717395119; 73.5869556925; 70.965217922; 75.3521743443; 80.5565210425; 84.4043484563; 71.3043476602; 70.6782596422; 78.9413052435; 147.430435347; 0 
2017-12-11 15:28:51 20.9023252088; 21.0604653469; 21.0976747912; 21.1000003815; 20.7999992371; 21.0023255903; 21.1023259717; 21.1209306939; 21.1930239921; 73.4441854787; 70.8976742057; 75.1558138825; 80.425580934; 84.2186053964; 71.2046510563; 70.5511623649; 78.7186048641; 76.7953489437; 0 
2017-12-11 15:33:53 20.9130431465; 21.1000003815; 21.1130439095; 21.1000003815; 20.8021731584; 21.019565292; 21.1065221455; 21.1543484149; 21.2478261201; 73.3086950883; 70.8478252577; 74.9673916361; 80.3086952541; 84.0934793224; 71.1391306338; 70.463043047; 78.6652183533; 76.6043490534; 0 
2017-12-11 15:38:53 20.9186043407; 21.1000003815; 21.1906984019; 21.1023259717; 20.7999992371; 21.069767708; 21.1813960408; 21.1813960408; 21.2976736912; 73.5418600038; 70.9604653647; 75.1534879818; 80.4651168114; 84.4046522628; 71.2813962005; 70.5604643711; 78.7930235752; 76.6232549978; 0 
2017-12-11 15:44:04 20.9599998474; 21.1000003815; 21.2000007629; 21.1266671499; 20.8533327738; 21.0955559201; 21.2000007629; 21.2000007629; 21.2977770487; 73.1155548096; 70.6266664293; 74.6511113485; 80.0822218153; 83.9822224935; 71.0022225274; 70.2422217475; 78.3488889906; 76.3288898044; 0 
2017-12-11 15:49:02 20.9886363203; 21.1022731174; 21.2000007629; 21.1409096284; 20.8227265965; 21.1000003815; 21.1863643473; 21.1681824597; 21.2295457667; 72.9704549963; 70.4454557245; 74.4454553778; 79.9340912212; 83.9181827198; 70.8227256428; 70.1159088828; 78.2113630121; 76.2386353233; 0 
2017-12-11 15:54:07 20.986956472; 21.1000003815; 21.2000007629; 21.1195656735; 20.8108688437; 21.1000003815; 21.1434788082; 21.1413048869; 21.2195656818; 72.6043478924; 70.0478258548; 74.0152179884; 79.5543483237; 83.5782616657; 70.4413042483; 69.6978257221; 77.7304354129; 75.813042848; 0 
2017-12-11 15:59:19 20.9137927746; 21.1000003815; 21.1827593179; 21.1137935375; 20.7999992371; 21.0724140693; 21.1172418266; 21.1344832716; 20.8379317317; 72.6448280071; 70.2034488546; 74.2241374049; 79.6103439331; 83.4206903392; 70.4620687551; 69.851725085; 77.9379309292; 187.362071596; 0 
2017-12-11 16:04:35 20.8999996185; 21.0875003338; 21.1000003815; 21.1000003815; 20.7999992371; 21.0375001431; 21.1000003815; 21.1000003815; 21.2375001907; 72.9875001907; 70.4750003815; 74.4125013351; 79.8875017166; 83.6249990463; 70.7375011444; 70.0249996185; 78.1125001907; 75.8749990463; 0 
2017-12-11 16:09:23 20.8999996185; 21.1000003815; 21.1166671117; 21.1000003815; 20.7999992371; 21.0500001907; 21.1000003815; 21.1166671117; 21.2999992371; 73.3000005086; 70.7833340963; 74.6999982198; 80.2666651408; 83.9666659037; 71.0333328247; 70.3500010173; 78.5833346049; 76.3499984741; 0 
2017-12-11 16:15:04 20.8999996185; 21.0625002384; 21.1250004768; 21.1000003815; 20.7999992371; 21.0; 21.1000003815; 21.1250004768; 21.2999992371; 73.9749984741; 71.3749990463; 75.4124984741; 80.8999996185; 84.7000007629; 71.6250009537; 70.9124994278; 79.25; 76.8999986649; 0 
2017-12-11 16:19:55 20.8999996185; 21.1000003815; 21.1750006676; 21.1000003815; 20.8499994278; 18.4000000954; 21.1500005722; 21.2000007629; 21.2999992371; 74.2999992371; 71.7250003815; 75.7250003815; 81.125; 84.7749977112; 881.999986649; 71.0749988556; 79.4499988556; 77.0; 0 
2017-12-11 16:24:43 20.9249997139; 21.1000003815; 21.2000007629; 21.1375005245; 20.8874995708; 21.1000003815; 20.4000006914; 19.8750007153; 21.3124992847; 73.2624988556; 70.7250022888; 74.875; 80.2249984741; 83.9250020981; 70.9749984741; 69.5249986649; 482.937511444; 76.0375003815; 0 
2017-12-11 16:29:43 20.9166663488; 21.1000003815; 21.1666673024; 21.1166671117; 20.8333326976; 21.0833336512; 21.1833340327; 21.2000007629; 21.2833328247; 72.9500007629; 70.433333079; 74.3499997457; 80.0166664124; 83.8999989827; 70.6166687012; 70.0; 77.8333346049; 75.7666676839; 0 
2017-12-11 16:35:20 20.8999996185; 21.0250000954; 21.1000003815; 21.1000003815; 19.4999992847; 19.6875; 21.1000003815; 21.1000003815; 21.2000007629; 73.5249986649; 70.9499998093; 75.0124988556; 80.4375; 486.937512398; 476.325005531; 70.5124998093; 78.7125015259; 76.4250001907; 0 
2017-12-11 16:39:55 20.8999996185; 21.066666921; 21.1000003815; 21.066666921; 20.7999992371; 21.0; 21.1000003815; 21.1000003815; 21.2000007629; 73.7833340963; 71.0166689555; 75.1833318075; 80.5999984741; 84.4000015259; 71.183333079; 70.616666158; 78.7166659037; 76.2499987284; 0 
2017-12-11 16:45:22 20.8999996185; 21.0333334605; 21.1000003815; 21.0500001907; 20.7999992371; 21.0; 21.1000003815; 21.1000003815; 21.133333842; 73.7333348592; 70.9000002543; 75.1500015259; 80.5333328247; 84.2833340963; 70.9499994914; 70.5499992371; 78.5499992371; 76.3333346049; 0 
2017-12-11 16:50:15 20.8749995232; 21.0250000954; 21.0125000477; 21.0625002384; 19.4999992847; 21.0; 21.0250000954; 21.0875003338; 21.1000003815; 73.6499977112; 70.8249998093; 75.1875; 80.4875001907; 78.9749994278; 70.9875001907; 70.4374990463; 78.7250003815; 76.4375009537; 0 
2017-12-11 16:55:29 20.8499994278; 21.0; 18.575000003; 21.0375001431; 20.7999992371; 19.6875; 21.0125000477; 19.7500002384; 21.1000003815; 73.6000003815; 70.9375009537; 75.2249994278; 80.1499996185; 84.2625007629; 476.325005531; 70.6499996185; 483.562493324; 76.8500003815; 0 
2017-12-11 17:00:16 20.8199993134; 19.7200000763; 21.0; 21.0; 20.7799995422; 21.0; 21.0; 21.0; 21.0400001526; 73.8400009155; 67.3; 75.5400009155; 80.7199996948; 84.5; 71.4999984741; 70.9400009155; 79.1400009155; 77.1600006104; 0 
2017-12-11 17:05:46 20.8249993324; 21.0; 20.9499998093; 21.0; 20.7624998093; 20.9499998093; 21.0; 19.6875; 20.9874999523; 75.2000007629; 72.5250005722; 77.2750005722; 82.0249996185; 85.6124992371; 73.1374998093; 72.2749996185; 485.66248703; 79.2250003815; 0 
2017-12-11 17:10:56 20.8166659673; 21.0; 20.8999996185; 21.0; 20.7833328247; 20.8999996185; 20.9499998093; 21.0; 20.8833328883; 76.8166681925; 74.0666656494; 79.066666921; 83.6333325704; 87.3000005086; 74.5166664124; 73.6500002543; 82.7333323161; 81.1833343506; 0 
2017-12-11 17:16:08 20.8166659673; 20.9499998093; 20.8999996185; 21.0; 20.75; 20.8999996185; 20.933333079; 21.0; 20.8833328883; 77.1666641235; 74.3166681925; 79.4166679382; 84.0; 87.7333323161; 74.8166681925; 73.9333343506; 83.1666666667; 77.1500008901; 0 
2017-12-11 17:21:43 20.7999992371; 20.8999996185; 20.8499994278; 20.9833332698; 20.7333335876; 20.8166659673; 20.8999996185; 20.8999996185; 20.7333335876; 78.1500002543; 75.2333335876; 80.6166674296; 84.9166653951; 88.7666664124; 75.7666676839; 74.9166666667; 84.3499997457; 82.8333333333; 0 
2017-12-11 17:26:26 20.7666664124; 20.8833328883; 20.7999992371; 20.8999996185; 20.7166671753; 20.7999992371; 20.7999992371; 20.8999996185; 20.7000007629; 78.4166679382; 75.4666671753; 80.6833318075; 85.1499977112; 88.8666687012; 75.9833335876; 75.1166648865; 84.6666641235; 83.1166648865; 0 
2017-12-11 17:31:54 20.7666664124; 20.866666158; 20.7999992371; 20.8999996185; 20.7166671753; 20.7999992371; 20.7999992371; 20.866666158; 20.7000007629; 78.616666158; 75.7166659037; 81.0999997457; 85.366666158; 89.066666921; 76.1499989827; 75.4833348592; 85.1000010173; 83.5; 0 
2017-12-11 17:36:46 20.7000007629; 20.8333326976; 20.7833328247; 20.8999996185; 20.7166671753; 20.75; 20.7999992371; 20.8499994278; 20.633333842; 78.5833320618; 75.6499989827; 81.1833305359; 85.3333346049; 89.0499992371; 76.1666653951; 75.3500022888; 84.9333343506; 83.5166664124; 0 
2017-12-11 17:41:54 20.7250003815; 20.8124992847; 20.7874994278; 20.9249997139; 20.7125005722; 20.7250003815; 20.8249993324; 20.8624994755; 20.6375005245; 78.5624990463; 75.6499977112; 81.1874980927; 85.2000007629; 88.9625005722; 76.1999998093; 75.1375017166; 84.3750009537; 83.4624996185; 0 
2017-12-11 17:46:41 20.7666664124; 20.8499994278; 20.7999992371; 20.9499998093; 20.7166671753; 20.7333335876; 20.9166663488; 20.8999996185; 20.7000007629; 78.5166664124; 75.6666641235; 81.1166648865; 85.0999984741; 88.9833335876; 76.1499989827; 73.883333842; 83.3999977112; 83.2166671753; 0 
2017-12-11 17:52:02 20.7000007629; 20.7714282445; 20.7285717555; 20.871428081; 20.6571434566; 20.7142862592; 20.8285707746; 20.8428565434; 20.3571431296; 78.7714287894; 75.7428567069; 81.2285701207; 85.3428595407; 89.0857129778; 76.3142874581; 74.5571430751; 84.200000218; 83.4714279175; 0 
2017-12-11 17:57:11 20.633333842; 20.7888882955; 20.6666673024; 20.7999992371; 20.6000003815; 20.7000007629; 20.7999992371; 20.7888882955; 20.5; 78.7666668362; 75.6666649712; 81.1888868544; 85.4000015259; 89.0888875326; 76.1222203573; 74.9666671753; 84.5999984741; 83.5666656494; 0 
2017-12-11 18:02:16 18.4666670163; 20.7666664124; 20.6666673024; 20.7999992371; 15.4666670163; 20.6833340327; 20.7333335876; 20.7666664124; 20.5; 78.9666684469; 75.7999992371; 81.4500007629; 85.5833333333; 628.000015259; 76.3333320618; 75.1999994914; 84.883333842; 83.8833325704; 0 
2017-12-11 18:07:13 20.6000003815; 20.7000007629; 20.6000003815; 20.7833328247; 20.5833336512; 20.6833340327; 20.7000007629; 20.7000007629; 20.3999996185; 79.6333312988; 76.3500022888; 82.183333079; 86.0499992371; 89.8166681925; 76.6833305359; 75.7166659037; 85.5166664124; 84.6833305359; 0 
2017-12-11 18:12:20 20.5600002289; 20.7000007629; 20.5800003052; 20.7799995422; 20.5600002289; 20.6400005341; 20.6600006104; 20.6400005341; 20.3399993896; 79.6999969482; 76.3800018311; 82.2800018311; 86.0799987793; 89.8600021362; 76.7800018311; 75.7800018311; 85.5599990845; 84.5999984741; 0 
2017-12-11 18:23:15 ; 20.5; 20.6954552911; 20.5545456626; 20.7318184593; 20.5454547188; 20.6090913252; 20.6000003815; 20.6000003815; 20.3704540513; 78.9386373; 75.6909077384; 81.4772730741; 85.488636537; 89.1818162745; 76.0795456279; 75.5454538519; 85.1090894179; 84.0090907704; 0 
2017-12-11 18:28:17 ; 20.5800003052; 20.7000007629; 20.6000003815; 20.7599998474; 20.5933336894; 20.6000003815; 20.6000003815; 20.6000003815; 20.4222219255; 78.840000746; 75.602220832; 81.2622202555; 85.4688893636; 89.0999986437; 76.0866656833; 75.5911097209; 85.1711103651; 83.7088875665; 0 
2017-12-11 18:33:18 ; 20.5133333842; 20.6600006104; 20.5488890754; 20.7222226461; 20.5311112298; 20.5488890754; 20.5511113061; 20.5800003052; 20.3311106788; 78.8555562337; 75.7666671753; 81.3311116536; 85.3977788289; 89.0733318753; 76.1799997965; 75.4600006104; 85.1066652086; 83.942221917; 0 
2017-12-11 18:38:23 ; 20.5062500238; 20.6395838658; 20.5020833413; 20.7000007629; 20.5125000477; 20.5375001431; 20.5; 20.5166667302; 20.2958331505; 79.0145831108; 75.8708338737; 81.5499998728; 85.5979151726; 89.1749986013; 76.3333330154; 75.7312498093; 85.4666670163; 84.2458340327; 0 
2017-12-11 18:43:25 ; 20.5; 20.6227277409; 20.5022727359; 20.7000007629; 20.5090909438; 20.5159091516; 20.5; 20.5045454719; 20.3068176616; 78.9250011444; 75.8431833441; 81.5; 85.5318176963; 89.1499977112; 76.3113640872; 75.6749973297; 85.4045469111; 84.0795459747; 0 
2017-12-11 18:48:34 ; 20.4959183518; 20.6000003815; 20.4571426937; 20.6979599388; 20.5; 20.4979591759; 20.4693876383; 20.5; 20.2040823333; 79.0510196297; 75.9469394295; 81.6122431852; 85.5612235556; 89.1693853262; 76.4489803703; 75.7367348184; 85.5204078519; 84.4142863994; 0 
2017-12-11 18:53:38 ; 20.4653059901; 20.5714288439; 20.4122445632; 20.6795925218; 20.5; 20.4938775277; 20.4326528043; 20.4346936284; 20.1816333459; 79.1244878964; 76.0163262815; 81.7591836112; 85.6612226525; 89.2836733448; 76.5632643408; 75.8449003259; 85.7183657276; 84.599999564; 0 
2017-12-11 18:58:43 ; 20.3999996185; 20.5; 20.3425525909; 20.6021280492; 20.44468064; 20.4191486277; 20.3936166155; 20.3765952739; 20.1000003815; 79.3936186446; 76.2808521352; 82.1999987338; 85.8531929178; 89.5085105084; 76.7404254345; 76.1319135301; 86.0808498301; 85.1063815178; 0 
2017-12-11 19:03:49 ; 20.3999996185; 20.5; 20.3113629168; 20.6000003815; 20.4318179217; 20.3999996185; 20.34318122; 20.3181811246; 20.1000003815; 79.4340919148; 76.3113663413; 82.2568184246; 85.9863638444; 89.5431811593; 76.8636384444; 76.2909086401; 86.2272711667; 85.1545439633; 0 
2017-12-11 19:08:50 ; 20.3999996185; 20.5; 20.3195645291; 20.6000003815; 20.4369562812; 20.3999996185; 20.3369558998; 20.3391298211; 20.1065221455; 79.4543485227; 76.3500022888; 82.2934800853; 86.0456514773; 89.6065201137; 76.8847843668; 76.3826104869; 86.34130594; 85.1260850326; 0 
2017-12-11 19:13:52 ; 20.4510636431; 20.5425533538; 20.3936166155; 20.6000003815; 20.4829786585; 20.4617019816; 20.3808506093; 20.3872336124; 20.2042556519; 79.1702126036; 76.006383206; 81.8085101513; 85.7957456873; 89.3468095495; 76.4744678254; 76.3021288933; 86.1106370966; 84.5276601264; 0 
2017-12-11 19:18:56 ; 20.4577776167; 20.5333334605; 20.4022218492; 20.6000003815; 20.4955555386; 20.4888888465; 20.3999996185; 20.3999996185; 20.2177782694; 78.6999988132; 75.6488872952; 81.2577782525; 85.3355580648; 88.9688893636; 76.1422205607; 75.9155568441; 85.542221578; 83.9000011868; 0 
2017-12-11 19:24:02 ; 20.4204078596; 20.5; 20.3999996185; 20.6000003815; 20.4795917589; 20.4387752767; 20.3999996185; 20.3999996185; 20.2000007629; 78.9142870222; 75.9163278074; 81.5673459111; 85.5081631407; 89.1306104076; 76.338776569; 75.9510211555; 85.7204077584; 84.3408175099; 0 
2017-12-11 19:29:10 ; 20.3999996185; 20.4978723323; 20.3787229416; 20.6000003815; 20.4127656247; 20.3999996185; 20.3617016001; 20.355318597; 20.1042557169; 79.0914879657; 76.1234035086; 81.8000001299; 85.6297852536; 89.2340419039; 76.4723408476; 76.0063828813; 85.8744698382; 84.6234036709; 0 
2017-12-11 19:34:11 ; 20.1733329561; 20.5; 20.315554852; 20.6000003815; 20.4022218492; 20.4177774641; 20.3355549282; 20.3066659292; 20.1066670736; 151.053329468; 76.0755555895; 81.7799999661; 85.6622204251; 89.2133319431; 76.3644448174; 76.0444437663; 85.9133346558; 84.6511103312; 0 
2017-12-11 19:39:16 ; 20.3999996185; 20.5; 20.382978277; 20.6000003815; 20.4148932924; 20.4340423016; 20.382978277; 20.3957442831; 20.1957454276; 78.9978723729; 75.8702126361; 81.6276597368; 85.5659564404; 89.123403184; 76.263830956; 76.0319144066; 85.7787240211; 84.3638295924; 0 
2017-12-11 19:44:19 ; 20.3999996185; 20.5; 20.3999996185; 20.6000003815; 20.4166663488; 20.4208330313; 19.9729162852; 20.3999996185; 20.2020840645; 78.65833203; 75.5624990463; 81.1999993324; 85.3145844142; 88.797917366; 76.045832634; 210.74583292; 85.4020848274; 83.9916667938; 0 
2017-12-11 19:49:27 ; 20.4041663011; 20.5229167541; 20.3999996185; 20.6000003815; 20.4124996662; 20.4729165634; 20.1874996225; 20.3999996185; 20.2000007629; 78.758333842; 75.6208314896; 81.3375016848; 85.3625019391; 88.9020846685; 76.0083332062; 143.279168288; 85.4291677475; 84.095831871; 0 
2017-12-11 19:54:31 ; 20.4918367036; 20.6020412056; 20.4734692865; 20.6142861503; 20.5; 20.5102041206; 20.4061220909; 20.4938775277; 20.3163259467; 78.59387643; 75.310205265; 81.0448972741; 85.2877556937; 88.8877568148; 75.6897945793; 75.6897959806; 85.1489801212; 83.4979604604; 0 
2017-12-11 19:59:36 ; 20.5; 20.6000003815; 20.5; 20.6125004292; 20.5; 20.5; 20.4124996662; 20.5; 20.3041659196; 78.5791654587; 75.3062527974; 80.9187512398; 85.2124977112; 88.7937525113; 75.6895807584; 75.5041666031; 84.9229178429; 83.4250011444; 0 
2017-12-11 20:04:40 ; 20.5; 20.6042557169; 20.5063830031; 20.6234047261; 20.5; 20.5127660061; 20.4510636431; 20.5170213415; 20.3638292678; 78.4127672885; 75.1148926755; 80.6170206273; 85.117019491; 88.6276586005; 75.5127657627; 75.3680871192; 84.7170205624; 83.1957441289; 0 
2017-12-11 20:09:42 ; 20.4489359754; 20.5936173784; 20.5; 20.6042557169; 20.4872339939; 20.5; 20.4170209601; 20.5; 20.2638295762; 78.5510630506; 75.3617042379; 80.889362741; 85.1765932124; 88.7361692063; 75.8170216337; 75.3319174584; 84.8425538083; 83.5702118569; 0 
2017-12-11 20:14:50 ; 20.4021272862; 20.5872343753; 20.4234039631; 20.6000003815; 20.4319146339; 20.5; 20.4085102893; 20.4893616615; 20.2000007629; 78.519148644; 75.3468106858; 80.8872357632; 85.1999969482; 88.6553175906; 75.7957468236; 75.3702147464; 84.9063844072; 83.6574447307; 0 
2017-12-11 20:19:53 ; 20.3999996185; 20.5312501192; 20.4020829598; 20.6000003815; 20.4124996662; 20.4916666349; 20.4020829598; 20.4249997139; 20.2000007629; 78.5437493324; 75.3562521935; 80.9291677475; 85.1666641235; 88.6604143778; 75.8062529564; 75.3562521935; 84.8937516212; 83.7083331744; 0 
2017-12-11 20:24:57 ; 20.3999996185; 20.5; 20.3999996185; 20.6000003815; 20.4021735399; 20.4108692252; 20.3999996185; 20.3999996185; 20.1978268416; 78.4913044805; 75.2869584457; 80.897827646; 85.1130417534; 88.567390276; 75.773914503; 75.3847843668; 84.9130448051; 83.7173908068; 0 
2017-12-11 20:30:04 ; 20.3952376956; 20.5; 20.3999996185; 20.6000003815; 20.3999996185; 20.4261901946; 20.3999996185; 20.3999996185; 20.1904769171; 78.5023809161; 75.3404786246; 80.9380961827; 85.0785702297; 88.5571419852; 75.7214271909; 75.3619068691; 84.9214297703; 83.7357132321; 0 
2017-12-11 20:35:07 ; 20.0878042593; 20.4878048315; 20.3268286077; 20.5780490782; 20.3999996185; 20.4024386522; 20.3658531468; 20.3999996185; 20.1024394152; 157.568294618; 75.595121058; 81.1999993673; 85.1439009876; 88.6829260849; 75.799999144; 75.443903295; 85.0560978215; 84.0341474952; 0 
2017-12-11 20:40:14 ; 20.3369558998; 20.4978260787; 20.3043470797; 20.5565219547; 20.3999996185; 20.3999996185; 20.3260862931; 20.3847821692; 20.1000003815; 78.9086970454; 75.8630455681; 81.5499992371; 85.4065231655; 89.0130432792; 76.1369547637; 75.7130420519; 85.4804350812; 84.3478284089; 0 
2017-12-11 20:45:18 ; 20.2999992371; 20.4466664632; 20.2999992371; 20.5422223833; 20.3999996185; 20.3999996185; 20.2999992371; 20.315554852; 20.0288889991; 79.1466656155; 76.0844431559; 81.9333328247; 85.619998508; 89.244444614; 76.3177800496; 75.8711129083; 85.6955546061; 84.7244440715; 0 
2017-12-11 20:50:17 ; 20.2999992371; 20.2043475483; 20.284782078; 20.5; 20.3499994278; 20.3999996185; 20.2999992371; 20.3043470797; 20.0; 79.3326112498; 146.632605179; 82.273914503; 85.7565221372; 89.415218685; 76.3891321265; 76.0695641559; 85.9108709252; 85.1673887502; 0 
2017-12-11 20:55:23 ; 20.2999992371; 20.4687498808; 20.2749996185; 20.5020833413; 20.3499994278; 20.4062496424; 20.2999992371; 20.3833328883; 20.0020833413; 79.3750019073; 76.2687511444; 82.287501812; 85.8208359083; 89.4916667938; 76.3229193687; 76.1499977112; 85.9187512398; 85.072915554; 0 
2017-12-11 21:00:29 ; 20.2999992371; 20.4162787504; 20.2441861352; 20.5046511805; 20.3372086813; 20.3976740283; 20.2999992371; 20.3209295495; 19.9930232292; 79.4418613523; 76.3674435283; 82.2906998036; 85.8837227045; 89.5441853723; 76.5; 76.1999969482; 85.9627912654; 85.1627882137; 0 
2017-12-11 21:05:35 ; 20.2866661072; 20.3933329264; 20.2000007629; 20.5; 20.2999992371; 20.3177770827; 20.2400001526; 20.2888882955; 19.9066663106; 79.5799987793; 76.5; 82.422223409; 85.9800003052; 89.5755544027; 76.5511103312; 76.2644448174; 86.1844428168; 85.3177793715; 0 
2017-12-11 21:10:44 ; 20.2913037176; 20.3956517759; 20.2000007629; 20.5; 20.2999992371; 20.3065210011; 20.2043485227; 20.284782078; 19.9086953039; 79.6173895131; 76.5456514773; 82.5065216396; 86.0956507144; 89.5913029546; 76.6869544983; 76.4130448051; 86.3456535339; 85.4782612013; 0 
2017-12-11 21:15:46 ; 20.2622220357; 20.3844440036; 20.1622228411; 20.5; 20.2999992371; 20.2999992371; 20.2000007629; 20.2066673279; 19.8999996185; 79.7799999661; 76.7866675483; 82.8488901774; 86.2555552165; 89.8244459364; 76.9044459025; 76.6044428507; 86.5933319092; 85.8911124335; 0 
2017-12-11 21:20:52 ; 20.2489796074; 20.3632647845; 20.1142861503; 20.4979591759; 20.2999992371; 20.2999992371; 20.2000007629; 20.2020415481; 19.8938771462; 79.8959199555; 76.9142870222; 82.9836737185; 86.2795919302; 89.9408172296; 77.0061223556; 76.722447298; 86.7367338842; 86.0469380593; 0 
2017-12-11 21:25:59 ; 20.2519999695; 20.3299993515; 20.1220004654; 20.4779999161; 20.2999992371; 20.2959992981; 20.1920007324; 20.2000007629; 19.8979996109; 79.8660017395; 76.8420021057; 82.8960012817; 86.2119993591; 89.9200012207; 77.0599990845; 76.794002533; 86.7700012207; 85.9940000916; 0 
2017-12-11 21:31:03 ; 20.2000007629; 20.3086949224; 20.1086960668; 20.4347823599; 20.2999992371; 20.2217395617; 20.1152178308; 20.2000007629; 19.8282602144; 79.910870096; 76.9195664447; 82.9565220708; 86.2152162635; 89.9739134415; 77.2391307665; 76.7891313304; 86.8739133088; 86.0717391968; 0 
2017-12-11 21:36:11 ; 20.2000007629; 20.2999992371; 20.1000003815; 20.3999996185; 20.2916660309; 20.2145838737; 20.1000003815; 20.1479172309; 19.7999992371; 79.9729170799; 76.9833335876; 83.0354161263; 86.2083317439; 89.9916667938; 77.1562493642; 76.8791685104; 86.9229178429; 86.25; 0 
2017-12-11 21:41:11 ; 20.2000007629; 20.2999992371; 20.1000003815; 20.3999996185; 20.2874994278; 20.2020840645; 20.0979170402; 20.1000003815; 19.7999992371; 79.6791666349; 76.7250006994; 82.7583335241; 86.1520818075; 89.758333683; 76.9250011444; 76.8020836512; 86.6666674614; 85.9562506676; 0 
2017-12-11 21:46:12 ; 20.1800006866; 20.2866661072; 20.0755558438; 20.3999996185; 20.264444224; 20.2000007629; 20.0733336131; 20.1000003815; 19.7666664124; 79.4800003052; 76.5199996948; 82.5333328247; 85.9377787272; 89.5577768962; 76.7311099582; 76.6088872274; 86.4488896688; 85.7733350966; 0 
2017-12-11 21:51:16 ; 20.1630441002; 19.928261249; 20.0021739213; 20.3999996185; 20.2021746428; 20.2000007629; 20.013043528; 20.1000003815; 19.7000007629; 79.4956522403; 76.4934783604; 82.4956522403; 85.9065231655; 89.4782612013; 76.7717402914; 76.5760857955; 86.4956522403; 85.8065233645; 0 
2017-12-11 21:56:21 ; 20.1680857476; 20.2893611015; 20.0297873477; 20.3999996185; 20.2042560172; 20.1765964183; 20.0191490092; 20.1000003815; 19.7446809322; 79.5531906777; 76.5595735591; 82.5574459319; 86.0319144066; 89.5744669488; 76.9680855934; 76.6319130431; 86.6234023723; 85.8638315404; 0 
2017-12-11 22:01:26 ; 20.1808517537; 20.2957439828; 20.0957450461; 20.3999996185; 20.2127665256; 20.178724086; 20.0212766769; 20.1000003815; 19.7914887286; 79.5085105084; 76.538297288; 82.5425525422; 86.0723393217; 89.5872327115; 76.9787237289; 76.6255301618; 86.6297852536; 85.6893610853; 0 
2017-12-11 22:06:31 ; 20.156250596; 20.2083339691; 20.0041666826; 20.395832936; 20.2000007629; 20.156250596; 20.0187500715; 20.0958336989; 19.7020840645; 79.7395826976; 76.724998951; 82.7916673024; 86.1374983788; 89.7687513034; 77.0666656494; 76.7937517166; 86.7854188283; 86.068748951; 0 
2017-12-11 22:11:38 ; 20.1260874375; 20.2000007629; 20.0; 20.3521733491; 20.2000007629; 20.1913050776; 20.026087056; 20.0608697974; 19.6934789989; 79.9021754058; 76.9673918019; 83.1065201137; 86.1565206776; 89.9217403246; 77.16956263; 76.9282619642; 86.9456530032; 86.369566876; 0 
2017-12-11 22:16:41 ; 20.1533339183; 20.2000007629; 20.0022222307; 20.3599994659; 20.2000007629; 20.1444449955; 20.0155556149; 20.0933336894; 19.7000007629; 79.9066680908; 76.9088902791; 83.0955540975; 86.1399982029; 89.9422231038; 77.2199991862; 76.9444452922; 86.9888890584; 86.2622217814; 0 
2017-12-11 22:21:43 ; 20.1521744935; 20.2000007629; 20.0; 20.3717386412; 20.2000007629; 20.1478266509; 20.006521764; 20.0869568535; 19.7000007629; 80.0478253572; 77.0760857955; 83.2717386329; 86.2652176567; 90.0217387987; 77.3130436773; 77.0652163962; 87.0999984741; 86.4891306006; 0 
2017-12-11 22:26:50 ; 20.1340005112; 20.2000007629; 20.0; 20.3519994354; 20.2000007629; 20.1500005722; 20.0; 20.0840003204; 19.7000007248; 80.2199983215; 77.2980012512; 83.4880001831; 86.4680004883; 90.1059983826; 77.5019999695; 77.2279988098; 87.2980014038; 86.6119987488; 0 
2017-12-11 22:31:55 ; 20.1020837228; 20.2000007629; 20.0; 20.3270826737; 20.2000007629; 20.1208337943; 20.0; 20.0208334128; 19.6791673501; 80.4187512398; 77.5166664124; 83.7812504768; 86.6854146322; 90.2249984741; 77.7020823161; 77.4437508583; 87.5312495232; 86.9645838737; 0 
2017-12-11 22:36:58 ; 20.1090913252; 20.2000007629; 20.0; 20.3181811246; 20.2000007629; 20.1477278363; 19.7727272727; 20.0545456626; 19.6954552911; 80.5659080852; 77.5613627; 83.8727292148; 86.8181842457; 90.2931844538; 77.7318172455; 151.159092123; 87.6999976418; 86.9977273074; 0 
2017-12-11 22:42:02 ; 20.1000003815; 20.2000007629; 20.0; 20.3079992676; 20.2000007629; 20.1400005341; 19.8; 20.0640002441; 19.6980007553; 80.6019984436; 77.5799987793; 83.8800018311; 86.830002594; 90.3000030518; 77.7499996948; 142.344000702; 87.6539976501; 87.0359994507; 0 
2017-12-11 22:47:08 ; 20.1000003815; 19.9938783062; 20.0; 20.3081625335; 20.2000007629; 20.1326535673; 20.0; 20.0755104921; 19.7000007629; 80.5306117778; 143.522449883; 83.7714298793; 86.8204109036; 90.29592117; 77.7326520025; 77.5306117778; 87.6183655408; 86.8693897481; 0 
2017-12-11 22:52:12 ; 20.1000003815; 20.2000007629; 20.0; 20.3019992447; 20.1400005341; 20.1160004425; 20.0; 20.0260000992; 19.6980007553; 80.561999054; 77.4980000305; 83.8000030518; 86.8360025024; 90.2720013428; 77.7179983521; 77.5419993591; 87.5779988098; 86.942000885; 0 
2017-12-11 22:57:17 ; 20.1000003815; 20.2000007629; 20.0; 20.2999992371; 20.1531920737; 20.1212770584; 19.5744680851; 20.0; 19.7000007629; 80.5446801693; 77.4595750849; 83.7106384927; 86.8744700006; 90.2723417891; 77.8000019155; 215.37021572; 87.6255299994; 86.8361697907; 0 
2017-12-11 23:02:20 ; 20.1136367971; 20.2000007629; 20.0; 20.2999992371; 20.1636369879; 20.1068185893; 20.0; 20.0090909438; 19.7250003381; 80.6886373; 77.6545460441; 83.9090898687; 87.0363630815; 90.3363640525; 78.0363641219; 77.7250000347; 87.9090896953; 86.9977276542; 0 
2017-12-11 23:07:24 ; 19.8148937225; 20.1468090707; 19.8872336124; 20.2382980509; 20.061702363; 20.0106383385; 19.8914889478; 19.8914889478; 19.5446810215; 149.608513041; 77.7638296574; 84.0680840675; 87.1851058311; 90.4319159325; 78.2361719659; 77.7446819874; 88.1276577889; 87.4000012012; 0 
2017-12-11 23:12:27 ; 19.9234039631; 20.0702130338; 19.7425533051; 20.1765964183; 20.0; 19.9531913108; 19.7553190678; 19.79787161; 19.3319142524; 80.4510645765; 77.3574481721; 83.9148949156; 86.782978626; 90.2127640095; 77.7574459644; 77.604254053; 87.8744693513; 87.6021282115; 0 
2017-12-11 23:17:32 ; 19.9354164203; 20.0937503576; 19.7416667938; 20.1958340804; 20.0041666826; 19.9708332221; 19.7250003815; 19.7999992371; 19.3770828644; 80.2791670163; 77.2104153633; 83.8583345413; 86.658331871; 90.1041650772; 77.7083328565; 77.6791656812; 87.8375013669; 87.4312499364; 0 
2017-12-11 23:22:34 ; 19.9019996262; 20.0360001373; 19.7000007629; 20.1220004654; 20.0; 19.9099996567; 19.6980007553; 19.7360002136; 19.2739997101; 80.0339994812; 76.9900001526; 83.6639981079; 86.3780010986; 90.0239996338; 77.4040008545; 77.496000061; 87.5759992981; 87.2119989014; 0 
2017-12-11 23:27:46 ; 19.8959179703; 20.0102041206; 19.7000007629; 20.1346943914; 20.0; 19.9530610454; 19.7000007629; 19.7428572518; 19.2693874593; 79.7979603981; 76.7265298026; 83.4795921481; 85.9918368593; 89.7653059667; 77.0020407852; 77.3857160296; 87.2591837669; 87.065305126; 0 
2017-12-11 23:32:50 ; 19.8999996185; 19.791304381; 19.7000007629; 20.1891311563; 20.0; 19.7760869316; 19.7000007629; 19.7956514773; 19.2999992371; 79.713041886; 147.115215302; 83.465217922; 85.9086970454; 89.7108671769; 147.308698074; 77.2760883829; 87.1260858619; 86.9413052435; 0 
2017-12-11 23:37:50 ; 19.8999996185; 20.0; 19.7000007629; 20.1916673978; 20.0; 19.9937499762; 19.7000007629; 19.7979159355; 19.2645831108; 79.6604143778; 76.706249396; 83.381251812; 85.9020843506; 89.6208314896; 76.8020841281; 77.1312479973; 86.9958333969; 86.9708337784; 0 
2017-12-11 23:42:55 ; 19.8999996185; 20.0; 19.6978730952; 20.1808517537; 20.0; 19.9978723323; 19.7000007629; 19.7999992371; 19.2957439828; 79.6723377958; 76.7170200754; 83.4340435596; 85.7808511612; 89.6574444061; 76.8000019155; 77.078722203; 87.0; 86.9893618645; 0 
2017-12-11 23:47:58 ; 19.8999996185; 20.0; 19.7000007629; 20.1702134153; 20.0; 20.0; 19.7042560172; 19.79787161; 19.2999992371; 79.6468074068; 76.631914017; 83.434042261; 85.8723417242; 89.6085089826; 76.7468086405; 77.0340420337; 86.9404256293; 86.8872339776; 0 
2017-12-11 23:53:05 ; 19.8659569355; 19.7872340426; 19.6702134153; 20.1595750768; 20.0; 19.9744679877; 19.7000007629; 19.7936163557; 19.2680848304; 79.4234054241; 145.351064641; 83.1680833532; 85.742553224; 89.402129153; 76.5319144066; 76.8489384753; 86.689360923; 86.6276590875; 0 
2017-12-11 23:58:06 ; 19.81632583; 19.9795917589; 19.6000003815; 20.1204086226; 19.9510202213; 19.9306119802; 19.7000007629; 19.7877545259; 19.2000007629; 79.4510211555; 76.5122447111; 83.2591832998; 85.7081625802; 89.3673474059; 76.5265302074; 76.8612256731; 86.7326535595; 86.8224499761; 0 
