2017-12-18 00:02:53 ; 29.2812498411; 29.1291670402; 29.0208334128; 28.8979164759; 28.7249999841; 28.7145834366; 28.7354167302; 28.8270827929; 28.6979174217; 86.8333331744; 86.7979164124; 81.1416665713; 79.4604169528; 78.5875000954; 81.1604164441; 87.8062499364; 79.0999997457; 84.0812501907; 0 
2017-12-18 00:07:59 ; 29.0063830031; 28.9276592985; 28.8404250044; 28.7297874207; 28.5808513723; 28.5914897107; 28.5957450461; 28.6063833845; 28.5085106708; 83.7297872178; 82.9404255481; 77.6106383953; 75.9723404418; 75.1148938118; 77.5595747765; 83.7936174109; 75.770212701; 80.2829784637; 0 
2017-12-18 00:13:01 ; 28.5040816093; 28.3959185542; 28.3346939865; 28.2326530534; 28.1367347484; 28.1510205172; 28.1551022043; 28.2163266162; 28.2346939943; 88.2816327153; 88.0979594017; 82.4326529989; 80.5061223556; 79.1734690764; 81.7326529367; 88.3530612868; 79.7081639815; 84.2795919302; 0 
2017-12-18 00:18:04 ; 28.7591838837; 28.6326530612; 28.5428572674; 28.4530610454; 28.3367342268; 28.3428565434; 28.3387748952; 28.4122445632; 28.3551014881; 87.757142826; 87.6591834243; 82.0795914008; 80.1734693878; 79.0510204082; 81.6714290697; 88.1612242095; 79.6775508024; 84.1959188033; 0 
2017-12-18 00:23:13 ; 28.6612240928; 28.5510206028; 28.5; 28.4224491898; 28.2816325596; 28.2979590747; 28.2857141689; 28.3306121048; 28.2469385497; 87.0448977412; 86.748979841; 81.1448977723; 79.2673465962; 78.1489799655; 80.700000218; 87.2530610999; 78.8979594951; 83.6061228538; 0 
2017-12-18 00:28:12 ; 28.5872343753; 28.44468064; 28.3957442831; 28.2999996023; 28.180851632; 28.1659580799; 28.1489367384; 28.1914900922; 28.0957450461; 84.9000000649; 84.4085107357; 78.6893618969; 77.019149131; 76.112766347; 78.4914894916; 85.065957252; 76.9744679877; 81.8106381031; 0 
2017-12-18 00:33:21 ; 28.3816326686; 28.2326531702; 28.1897960585; 28.1102043853; 27.9959183518; 27.9918367036; 27.9755101107; 28.0285715376; 27.9857142312; 86.9489794361; 86.6081634833; 80.7959182116; 78.9142854652; 77.742857174; 80.3469383084; 87.0326533415; 78.8448978346; 84.1142855274; 0 
2017-12-18 00:38:25 ; 28.3608696979; 28.2304348324; 28.1978260952; 28.0978258382; 28.0021739213; 27.9891303933; 27.9891303933; 28.0217392134; 27.9478258879; 87.3913043478; 87.1652171923; 81.4456521739; 79.5760872882; 78.30869542; 80.7717389646; 87.3978258216; 79.0956522071; 84.0760867907; 0 
2017-12-18 00:43:28 ; 28.4723405229; 28.3106380625; 28.2659573251; 28.1808512262; 28.0382980184; 28.0361703507; 28.0361703507; 28.0680853661; 27.9893616615; 85.5765957122; 85.2744677929; 79.7957452003; 78.1000000974; 76.9787237289; 79.3382975802; 85.63829771; 77.6191492284; 82.7808511612; 0 
2017-12-18 00:48:30 ; 28.3829787234; 28.2234042147; 28.1702128065; 28.0787236234; 27.9744679877; 27.97234032; 27.97234032; 28.0234043446; 27.9404253047; 84.9191488712; 84.5361698232; 78.676595485; 76.9808515183; 75.9404256293; 78.4191491959; 84.8765951928; 76.8489357157; 81.8723404255; 0
2017-12-18 00:53:39 ; 28.3021739048; 28.1630436027; 28.121739346; 28.0239131347; 27.9130431465; 27.9391302026; 27.9282605959; 27.9760868653; 27.9152170679; 87.754347428; 87.5782611681; 81.8934785594; 79.817391437; 78.6173913375; 81.2456520744; 87.8217390309; 79.3934788911; 84.4782608696; 0 
2017-12-18 00:58:40 ; 28.3717392217; 28.2260870726; 28.1891304514; 28.1000000083; 27.9826086293; 27.973912944; 27.973912944; 28.013043528; 27.9565215733; 87.6869566544; 87.5304343182; 81.8608696979; 79.9304350148; 78.7217388982; 81.3434781614; 87.9521741452; 79.5021742116; 84.4326088947; 0 
2017-12-18 01:03:45 ; 28.5021740457; 28.3347825175; 28.2760868902; 28.1978259709; 28.0782611681; 27.767391578; 28.0543480334; 28.1152178308; 28.0347827414; 86.5804348821; 86.3739133088; 80.8021734486; 78.9304350148; 77.830435048; 79.4739134415; 86.7304345836; 78.5304344841; 83.456521905; 0 
2017-12-18 01:08:51 ; 28.5244898893; 28.3591834866; 28.2999998599; 28.2204080698; 28.1020412056; 28.1000003815; 28.0857146127; 28.1428576878; 28.0387756581; 85.7979589968; 85.5081631407; 79.8469386198; 78.0265306745; 76.9551019474; 79.3755097681; 85.8428568937; 77.7040816327; 82.6938777067; 0 
2017-12-18 01:13:54 ; 28.481632583; 28.3142858233; 28.2612245521; 28.1959184141; 28.0714288439; 28.0653063716; 28.0489797787; 28.0836737886; 27.9918367036; 85.9755101107; 85.6265300829; 79.7428574854; 77.9612246144; 76.8367346939; 79.4142856209; 86.0551016671; 77.9591835178; 83.2061224178; 0
2017-12-18 01:18:56 ; 28.4361700504; 28.2893617102; 28.2382978886; 28.1553192544; 28.0680853661; 28.0702130338; 28.0595746953; 28.0936173784; 28.0170213415; 87.8659573819; 87.7638298197; 82.0042559035; 79.9872342373; 78.6680844895; 81.1489356832; 87.8510636675; 79.5276593147; 84.814893682; 0 
2017-12-18 01:24:00 ; 28.4695651013; 28.3152175157; 28.2478262031; 28.1608695155; 28.0478262694; 28.0652176401; 28.0630437188; 28.1021743028; 28.026087056; 87.5521737804; 87.4521743111; 81.7195656818; 79.8239134084; 78.6108700296; 81.1500000332; 87.7630429475; 79.3869564222; 84.4565214074; 0 
2017-12-18 01:29:08 ; 28.4808511125; 28.3170213091; 28.2638296574; 28.1744678984; 28.0510640246; 28.05531936; 28.0531916923; 28.1127663876; 28.0361703507; 87.1765959719; 87.0042554165; 81.3787236315; 79.4808511937; 78.3382975802; 80.8042557087; 87.3255319798; 78.9765959395; 83.6085102812; 0 
2017-12-18 01:34:08 ; 28.5229168733; 28.3583331903; 28.308333238; 28.2187499603; 28.0833336512; 28.0875003338; 28.0812503099; 28.1416672071; 28.0645835797; 86.4708334605; 86.2187498411; 80.7270833651; 78.8062502543; 77.7062500318; 80.1687499682; 86.6166666349; 78.3874998093; 83.2604166667; 0 
2017-12-18 01:39:13 ; 28.5125000477; 28.3479166031; 28.2874998649; 28.2062498331; 28.0958336989; 28.0916670163; 28.0708336035; 28.1375005245; 28.0687502623; 85.866666317; 85.5312501589; 79.6291664441; 77.8666667938; 76.8000000318; 79.2437502543; 85.8645830154; 77.6395832698; 83.1333330472; 0 
2017-12-18 01:44:23 ; 28.46739118; 28.310869673; 28.2543478841; 28.1652174411; 28.0565219547; 28.0586958761; 28.0456523481; 28.1043482241; 28.0630437188; 86.5913046132; 86.378260571; 80.5934784931; 78.7369563891; 77.5869565217; 80.1869564886; 86.7282608696; 78.5695649852; 83.5804347163; 0
2017-12-18 01:49:24 ; 28.4608694159; 28.3086956688; 28.2456522817; 28.15869576; 28.03260882; 28.0565219547; 28.0500001907; 28.1130439095; 28.0500001907; 87.7043478593; 87.5173915365; 81.8956526051; 79.9717387324; 78.7282607037; 81.3043476602; 87.8000000663; 79.4434781282; 84.2086961166; 0 
2017-12-18 01:54:30 ; 28.4755101107; 28.3265306512; 28.2775510671; 28.1857144103; 28.0673471957; 28.073469668; 28.0673471957; 28.1326535673; 28.0510206028; 87.8673469388; 87.7163263438; 82.1102038014; 80.1612246766; 78.9551019474; 81.5244894222; 87.9571425769; 79.5061221999; 84.1775503353; 0 
2017-12-18 01:59:29 ; 28.5; 28.3565217723; 28.3173914785; 28.2217390641; 28.1021742613; 28.0913046961; 28.0847829321; 28.1500005722; 28.0782611681; 87.3108692998; 87.1630433124; 81.5043477597; 79.5739127449; 78.3739133088; 80.9586957849; 87.4891299372; 79.1891305343; 84.1739128776; 0 
2017-12-18 02:04:35 ; 28.4854168097; 28.358333389; 28.2937499285; 28.2041664521; 28.0833336115; 28.0916670163; 28.0750002861; 28.1208337943; 28.0729169448; 87.0499998728; 86.8458331426; 81.4124999046; 79.4499999682; 78.2583332062; 80.816666921; 87.2562497457; 78.9562498728; 83.8937497139; 0 
2017-12-18 02:09:39 ; 28.4847827994; 28.3304346748; 28.2804346914; 28.1891304099; 28.0673915614; 28.0565219547; 28.0478262694; 28.1195656735; 28.0304348987; 86.6739132093; 86.4673909726; 80.9260872551; 79.0391308328; 77.9347824428; 80.4347824428; 86.7413048122; 78.4934781945; 83.1326088283; 0 
2017-12-18 02:14:44 ; 28.4723403606; 28.3042551406; 28.263829698; 28.180851145; 28.0319150154; 28.0191490092; 28.0148936738; 28.0680853661; 27.97234032; 86.3446807861; 86.0553187918; 80.3319150235; 78.4787238912; 77.3489360404; 79.8744678903; 86.4255317526; 78.0680852038; 82.6595741434; 0 
2017-12-18 02:19:50 ; 28.4666667938; 28.3066666921; 28.2511110942; 28.1666666243; 28.0400001526; 28.0066666921; 27.9933333079; 28.0600002289; 27.9577776167; 86.131111145; 85.8088889228; 80.0022221883; 78.2199996948; 77.1022220188; 79.6911109077; 86.3355555216; 78.0444444444; 82.7511111789; 0
2017-12-18 02:24:51 ; 28.4565217391; 28.310869673; 28.2565218055; 28.1695652837; 28.0434784267; 28.0521741121; 28.0391305841; 28.0826090108; 28.0282609774; 86.9456520081; 86.6891303684; 81.0043484232; 79.0760869565; 77.9260867575; 80.5434785926; 86.9826086293; 78.8826084966; 83.7608693994; 0
2017-12-18 02:29:55 ; 28.4586954946; 28.3217390724; 28.2717391304; 28.1804348904; 28.0673915614; 28.0586958761; 28.0565219547; 28.1130439095; 28.0369566627; 87.8413046132; 87.6673919014; 82.0717393626; 80.1108703613; 78.8586951546; 81.4043477929; 87.8521736808; 79.5739132425; 84.1673910721; 0 
2017-12-18 02:35:03 ; 28.4574466868; 28.3191490985; 28.2659575686; 28.1702128471; 28.0489363569; 28.0638300307; 28.0659576984; 28.0936173784; 28.02765968; 88.097872308; 87.9595744356; 82.4127656653; 80.4106383628; 79.1531912621; 81.8042553841; 88.1510639596; 79.8999999026; 84.4531912296; 0 
2017-12-18 02:40:07 ; 28.4717391885; 28.3282610023; 28.2652174908; 28.1652172337; 28.0478262694; 28.0739133254; 28.0891307748; 28.1326092015; 28.0456523481; 87.5217386329; 87.397825324; 81.8413039498; 79.9717395617; 78.6847826087; 81.167391238; 87.567391437; 79.2695649188; 83.7847829072; 0 
2017-12-18 02:45:14 ; 28.5111111535; 28.3599999746; 28.3177778032; 28.2155554877; 28.0933336894; 28.0933336894; 28.0911114587; 28.1533339183; 28.0822225359; 87.3400005764; 87.1488889906; 81.6333333333; 79.6733332316; 78.4711112128; 81.0466666328; 87.4911107381; 79.1133329603; 84.0911107381; 0 
2017-12-18 02:50:18 ; 28.551063984; 28.417021163; 28.3659572601; 28.2744679552; 28.1468088678; 28.1340430645; 28.1319153968; 28.1638304122; 28.0765960369; 86.8723401009; 86.6638297223; 81.1340426181; 79.2063834008; 78.1425528019; 80.6872339452; 86.9978725352; 78.8063826865; 83.5702128309; 0 
2017-12-18 02:55:27 ; 28.5333334605; 28.3888886346; 28.3422220018; 28.2488886939; 28.1133337233; 28.1022226122; 63.9622231377; 28.1288893806; 28.0266667684; 86.3911112467; 86.0466666328; 80.4022223579; 78.542221917; 77.4888890584; 80.0822221544; 84.9355559031; 78.3222222222; 83.2577782525; 0 
2017-12-18 03:00:31 ; 28.5000000415; 28.3369565632; 28.2804347743; 28.1934782111; 28.0826090108; 28.0500001907; 28.0500001907; 28.0717394041; 28.013043528; 85.9304350148; 85.706521905; 79.8086957517; 77.9760868238; 76.9652175903; 79.5152174908; 86.1108696979; 77.9804347494; 83.1521740789; 0
2017-12-18 03:05:36 ; 28.4530610454; 28.3163265306; 28.2632653762; 28.1877552344; 28.0673471957; 28.0571430751; 28.036734834; 28.0653063716; 28.0163265929; 87.655101854; 87.451020377; 81.8183673158; 79.7979593082; 78.5999998754; 81.2551017294; 87.814285434; 79.6163263126; 84.8959180871; 0 
2017-12-18 03:10:40 ; 28.4304347246; 28.2826087371; 28.2413044805; 28.1434783936; 28.0391305841; 28.03260882; 28.0391305841; 28.0826090108; 28.0369566627; 87.9891297714; 87.8456520412; 82.2891303353; 80.3891298045; 79.0630433456; 81.6934779623; 88.0782608364; 79.6956525056; 84.6391309655; 0 
2017-12-18 03:15:48 ; 28.4652172586; 28.3239131181; 28.2652174908; 28.18695653; 28.0630437188; 28.0630437188; 28.0456523481; 28.1239135162; 28.0434784267; 87.4130433124; 87.2956523066; 81.6499995356; 79.7326096244; 78.4847825092; 81.0021740457; 87.476086658; 79.223912944; 83.8934783936; 0 
2017-12-18 03:20:51 ; 28.4155556573; 28.2733333588; 28.2288889143; 28.139999983; 28.0244445377; 28.0111111535; 28.022222307; 28.0733336131; 27.9577776167; 87.5066665649; 87.3177780151; 81.8044443766; 79.9844443427; 78.5822219849; 81.0955557929; 87.5577777439; 79.4177778456; 83.7422220866; 0 
2017-12-18 03:25:59 ; 28.4937499762; 28.3437499205; 27.9791666071; 28.1749999523; 28.0583335559; 28.0625002384; 28.0500001907; 28.1145837704; 28.0083333651; 87.3916664124; 87.258333683; 81.46875; 79.8999994596; 78.6749998728; 81.1854166985; 87.5437501272; 79.3124996821; 83.674999555; 0 
2017-12-18 03:30:59 ; 28.5173913707; 28.3760868155; 27.4021738508; 28.2326086708; 28.1021743028; 28.0956525388; 28.0847829321; 28.1456527295; 28.0413045054; 87.4978259543; 87.2869567871; 81.6065217723; 79.8391305675; 78.6869568203; 81.2521738799; 87.6608695984; 79.4999995024; 84.0173913707; 0 
2017-12-18 03:36:06 ; 28.5478262279; 28.4108693911; 28.3543476851; 28.2673912048; 28.1369567954; 28.1108699882; 28.0978264601; 28.1434788082; 28.0500001907; 87.3130436773; 87.1369560905; 81.6347825424; 79.6760867575; 78.5086956853; 81.1173910058; 87.6043478924; 79.4391307002; 84.3217390309; 0 
2017-12-18 03:41:06 ; 28.5681818615; 28.434090701; 28.3636361902; 28.2863634716; 28.1590911258; 28.1295459487; 28.1090913252; 28.1477278363; 28.0522729267; 87.1954548576; 86.9750003815; 81.5181818875; 79.5772729353; 78.4022726579; 81.0113638098; 87.3909091949; 79.2363634976; 83.9136361209; 0 
2017-12-18 03:46:14 ; 28.5295455673; 28.3977270126; 28.3431816968; 28.2659090216; 28.1363640265; 28.118182269; 28.0909094377; 28.1386368925; 28.0250000954; 87.1431820609; 86.8840911172; 81.2500006936; 79.3568182859; 78.2363633243; 80.7931820263; 87.2977270647; 79.002272866; 83.634090597; 0 
2017-12-18 03:51:20 ; 28.514583389; 28.3666666349; 28.3145833413; 28.2333332698; 28.0916670163; 28.0791669687; 28.0625002384; 28.1312505007; 28.0020833413; 87.0145832698; 86.7791665395; 81.03125; 79.1687499682; 78.0479167302; 80.6500000954; 87.2458335559; 78.8583332698; 83.7291663488; 0 
2017-12-18 03:56:29 ; 28.4955555386; 28.3355556488; 28.2800000509; 28.1822221968; 28.0688891517; 28.0600002289; 28.0400001526; 28.0800003052; 27.9866666158; 86.837778049; 86.5844446818; 80.9955552843; 79.1244447496; 78.0177776761; 80.544444614; 87.1777777778; 78.8755555895; 83.7222225613; 0
2017-12-18 04:01:25 ; 28.4695652257; 28.3260870394; 28.2760870146; 28.1739130435; 28.0391305841; 28.03260882; 28.0304348987; 28.0826090108; 27.980434708; 86.9304355124; 86.6565223362; 81.1043473949; 79.1760869234; 78.0239131762; 80.6282607369; 87.0152174908; 78.8891299704; 83.7369570525; 0
2017-12-18 04:06:29 ; 28.4644443512; 28.3244444953; 28.2666667091; 28.1688889398; 28.0533335368; 28.0488890754; 28.0422223833; 28.0822225359; 27.9933333079; 87.5844440036; 87.3333329942; 81.8355553521; 79.8666666667; 78.6466662937; 81.3044447157; 87.7333335029; 79.4711110433; 84.255555386; 0
2017-12-18 04:11:38 ; 28.4822221544; 28.339999983; 28.2911112044; 28.2000000848; 28.0688891517; 28.0600002289; 28.0511113061; 28.1266671499; 28.0177778456; 87.675555759; 87.5044443766; 81.9799999661; 80.0377782186; 78.7355555216; 81.413333469; 87.8044450548; 79.5755549113; 84.2422222561; 0
2017-12-18 04:16:42 ; 28.4717390226; 28.347826004; 28.3021739048; 28.2173913873; 28.0826090108; 28.0673915614; 28.0413045054; 28.1108699882; 27.986956472; 88.0217391304; 87.815217723; 82.1978260538; 80.2195653501; 79.0586959175; 81.723912944; 88.1413046795; 79.7826085298; 84.4195659472; 0 
2017-12-18 04:21:46 ; 28.4826086293; 28.3499998839; 28.3021739048; 28.2065218221; 28.0652176401; 28.0565219547; 28.0347827414; 28.0869568535; 27.9478258879; 87.6695652837; 87.5152168274; 81.8630437436; 79.9000000332; 78.8130435114; 81.4565222367; 87.8173911053; 79.5347827414; 84.2000000995; 0 
2017-12-18 04:26:49 ; 28.477777693; 28.33777771; 28.2822222392; 28.1933334351; 28.066666921; 28.0555557675; 28.0400001526; 28.088889228; 27.9822221544; 87.8777776082; 87.7244444105; 82.2044445462; 80.2755554199; 79.0466668023; 81.6933336046; 88.0511106703; 79.8444444444; 84.3911109077; 0 
2017-12-18 04:31:51 ; 28.47619034; 28.3428570884; 28.2690476463; 28.1904763267; 28.0619049981; 28.0642859595; 28.0428573063; 28.0880955742; 27.9857142312; 87.9809521266; 87.8380953471; 82.402381352; 80.4499994914; 79.233333406; 81.8476190113; 88.1952380226; 79.9833330427; 84.3023803348; 0 
2017-12-18 04:36:56 ; 28.4863635843; 28.3386363983; 28.2681818442; 28.1863636971; 28.040909247; 28.0295455673; 28.0090909438; 28.0750002861; 27.9454543374; 88.1181819222; 88.0090909438; 82.5250004855; 80.5363632549; 79.3340908397; 82.1113633243; 88.6499996185; 80.1795453158; 84.8318184939; 0 
2017-12-18 04:42:08 ; 28.5723405797; 28.4212762954; 28.3723400197; 28.2787233312; 28.1319153968; 28.1021280492; 28.0723407015; 27.823404718; 27.9680849846; 87.3787231445; 87.2212766282; 81.6340426181; 79.6744685072; 78.5531914894; 81.2319146014; 87.729787299; 78.8234040281; 84.3021275946; 0 
2017-12-18 04:47:04 ; 28.586363619; 28.4499998093; 28.3999996185; 28.2999998873; 28.1522730047; 28.1090913252; 28.079545758; 28.1340914206; 27.9431816014; 87.5795456279; 87.3999997919; 81.8000002774; 79.8181816448; 78.8795452118; 81.5750005895; 88.0136365024; 79.7409087094; 84.3340913599; 0 
2017-12-18 04:52:08 ; 28.5456522651; 28.4217388319; 28.3521738052; 28.2782608944; 28.1217395119; 28.0869568535; 28.0521741121; 28.0782611681; 27.8782604052; 87.389130468; 87.1347833716; 81.5326085298; 79.5282604383; 78.5130431134; 81.2565213079; 87.728260372; 79.5630435114; 84.5608692998; 0 
2017-12-18 04:57:15 ; 28.5382980184; 28.4085102893; 28.3531913757; 27.9574467882; 28.1042556357; 28.0765960369; 28.0468086892; 28.0702130338; 27.8999996185; 87.3021279193; 87.0659575767; 81.4617023874; 78.710638168; 78.4489361377; 81.1617020952; 87.6468083808; 79.5212762711; 84.4319151209; 0 
2017-12-18 05:02:20 ; 28.5659576173; 28.4148932924; 28.3553189623; 28.2787233718; 28.1255323938; 28.0851067076; 28.0489363569; 28.0723407015; 27.8999996185; 87.2531913595; 87.0510641869; 81.5659569274; 79.5319150559; 78.4170214065; 81.1553192139; 87.6531915868; 79.6468087054; 84.736170018; 0 
2017-12-18 05:07:21 ; 28.5844445546; 28.4444442325; 28.4066663106; 28.3111109416; 28.1755558014; 28.1200004578; 28.0800003052; 28.1066670736; 27.9288886176; 87.1288892958; 86.8777776082; 81.3444442749; 79.3355551826; 78.3266665988; 81.0755559285; 87.4755555895; 79.4488889906; 84.4511113485; 0 
2017-12-18 05:12:27 ; 28.5466667599; 28.4133330027; 28.3777774811; 28.2888888041; 28.1266670227; 28.0911114587; 28.0555557675; 28.088889228; 27.9133330027; 87.2800004747; 87.0200000339; 81.4111114502; 79.4155559964; 78.3599999322; 81.1133332994; 87.6155559964; 79.479999627; 84.6355556912; 0 
2017-12-18 05:17:33 ; 28.5511112637; 28.4133330027; 28.371110789; 28.2866665734; 28.1244449192; 28.0866669973; 28.0488890754; 28.066666921; 27.8955551571; 87.057778083; 86.7955552843; 81.1466668023; 79.2866668701; 78.1555555556; 80.9155553182; 87.4777776082; 79.46222229; 84.7066665649; 0 
2017-12-18 05:22:36 ; 28.5550001144; 28.4174996853; 28.3649997711; 28.2824998856; 28.1325004101; 28.102500391; 28.0625002384; 28.0900003433; 27.9199996948; 87.2249998093; 87.0199996948; 81.4874996185; 79.5949998856; 78.357500267; 81.1049995422; 87.5649999619; 79.4575004578; 84.5749996185; 0 
2017-12-18 05:27:43 ; 28.5302326735; 28.4139531601; 28.355813847; 28.2767440885; 28.1209306052; 28.0906980204; 28.0511629859; 28.0930236107; 27.9162787504; 87.0348837209; 86.7813953134; 81.1651162436; 79.2255813244; 78.1767439731; 80.8279071187; 87.2302324162; 79.1930231494; 84.2348838629; 0 
2017-12-18 05:32:43 ; 28.5590910478; 28.4090905623; 28.3590906317; 28.2772727013; 27.8113641305; 28.0954549096; 28.0522729267; 28.0954549096; 27.9272724498; 86.8431816101; 86.6090909784; 81.1340909438; 79.2136365717; 77.2227273421; 80.7613632896; 87.2045458013; 79.2340908051; 84.5159091949; 0 
2017-12-18 05:37:55 ; 28.56739152; 28.4130431465; 28.3608692833; 28.2739130103; 28.1347830399; 28.1065221455; 28.0673915614; 28.0956525388; 27.9391302026; 86.7086959507; 86.4804347494; 80.8391307333; 78.9826087952; 77.8304347163; 80.5608699633; 87.0304346499; 79.0630431797; 84.2695652506; 0 
2017-12-18 05:42:57 ; 28.5695653584; 28.4217388319; 28.3652172089; 28.2760867658; 28.1282612759; 28.0891307748; 28.0543480334; 28.0826090108; 27.9043474612; 86.8086959175; 86.6108692003; 80.9934781945; 79.1217389314; 78.097826087; 80.7282610354; 87.1652173581; 79.1456522734; 83.9499999337; 0 
2017-12-18 05:47:59 ; 28.5869566047; 28.4456519666; 28.386956132; 28.2891302938; 28.1434786838; 28.1021743028; 28.0543480334; 28.1043482241; 27.9195649106; 86.8695653832; 86.6543482905; 81.0543481578; 79.0391305011; 78.1173913375; 80.8413037839; 87.2173909726; 79.1891305343; 84.578261334; 0 
2017-12-18 05:53:12 ; 28.5744681663; 28.4489359754; 28.4063826216; 28.321276401; 28.1595748739; 28.1063833845; 28.0723407015; 28.1361707322; 27.9361699693; 87.5148935521; 87.2531916842; 81.6531909374; 79.6808507392; 78.6936168265; 81.4872339127; 87.9319146339; 79.717021374; 85.4978713989; 0 
2017-12-18 05:58:09 ; 28.5558140777; 28.4325578823; 28.3906973018; 28.2999998581; 28.1511631456; 28.104651562; 28.0558141664; 28.1023259717; 27.9186043407; 87.4279071897; 87.1488374222; 81.5093021836; 79.544186082; 78.5046509144; 81.3046511273; 87.7813953134; 79.6186040834; 85.3976745605; 0 
2017-12-18 06:03:14 ; 28.5652175157; 28.4282605959; 28.3934778545; 28.2956520578; 28.1239133503; 28.0934786175; 28.0478262694; 28.0891307748; 27.9282605959; 87.2152174245; 86.9195651179; 81.3195649852; 79.2913040493; 78.3934775643; 81.1586952209; 87.5869565217; 79.4543476934; 84.9065220045; 0 
2017-12-18 06:08:21 ; 28.5521740706; 28.4217388319; 28.3760864838; 28.2804346914; 28.1108699467; 28.0652176401; 28.0347827414; 28.0673915614; 27.9043474612; 87.3173916029; 87.1565213411; 81.5065218055; 79.5282606042; 78.5195652506; 81.3304347163; 87.7695652506; 79.6695654496; 85.319565151; 0 
2017-12-18 06:13:25 ; 28.5608695486; 28.4391302026; 28.3739128942; 28.2891303767; 28.1239133503; 28.0978264601; 28.0543480334; 28.1043482241; 27.9304345172; 87.5804343846; 87.3521736808; 81.8347823102; 79.9043476271; 78.8021739462; 81.5021738799; 87.9434786258; 79.7499993366; 85.5282609359; 13.6505584502
2017-12-18 06:18:27 ; 28.5851064641; 28.5106383385; 28.3936166155; 28.2936169239; 27.8659578283; 28.2382978886; 28.0723407015; 28.0851067076; 27.8936166155; 87.3617026146; 86.889362254; 81.6255316227; 79.7042551244; 78.2765962317; 80.8531916192; 87.7021283089; 79.7680855609; 85.5042547672; 13.6505584502
2017-12-18 06:23:29 ; 28.6108695735; 28.5891307748; 28.4108692252; 28.2913042566; 28.200000141; 28.3847821692; 28.1239135162; 28.0565219547; 27.8586951131; 87.1695656154; 86.5434777633; 81.5021740457; 79.6456517759; 78.3543478924; 80.2499995024; 87.5130437768; 79.7173913043; 85.4499991044; 13.6505584502
2017-12-18 06:28:38 ; 28.6543477929; 28.6239132259; 28.4217388319; 28.2978258962; 28.2413044805; 28.4521737306; 28.1369570442; 28.0543480334; 27.8586951131; 86.858695818; 86.1978260538; 81.184782277; 79.3782612344; 77.9847830068; 79.6586955527; 87.2282607037; 79.5499994029; 85.2021741452; 13.6505584502
2017-12-18 06:33:42 ; 28.6777778202; 28.644444614; 28.4488886939; 28.3155552758; 28.2777776506; 28.5177778456; 28.1533339183; 28.0777780745; 27.8822217729; 87.0088884142; 86.4222227308; 81.4288887872; 79.5822221544; 78.0577779134; 79.7244445801; 87.4177776761; 79.7955557929; 85.4599995931; 13.6505584502
2017-12-18 06:38:47 ; 28.7333333095; 28.7083334128; 28.5020833413; 28.3791662057; 28.3312494755; 28.5395834843; 28.2125003338; 28.1270838181; 27.9270830552; 86.8229169846; 86.21875; 81.1937494278; 79.4000000954; 77.941666762; 79.6375002861; 87.3854166667; 79.7895835241; 85.4729159673; 14.579699642
2017-12-18 06:43:51 ; 28.734782675; 28.7152174245; 28.5173913707; 28.3847821692; 28.3478255065; 28.5500001907; 28.2217394373; 28.1369570442; 27.9173909892; 85.8739126454; 85.1434780618; 80.2000000995; 78.3760875204; 77.0152174908; 78.6999996019; 86.2543477597; 78.7978260206; 84.2782609359; 18.142609647
2017-12-18 06:48:54 ; 27.5045453418; 27.7477273074; 27.5590908311; 27.438636433; 27.4363636971; 27.7068181038; 27.3386363983; 27.2886363376; 27.1340909004; 79.4022728313; 77.1159088828; 73.2499996532; 72.6045452465; 71.5409088135; 71.7159090909; 77.8818182512; 70.4977272207; 77.6113643646; 17.2050402647
2017-12-18 06:53:59 ; 27.7666666394; 27.6404761814; 27.3690473466; 27.1357143947; 27.0714287985; 27.2595234825; 26.9047618593; 26.8119046347; 26.195238068; 92.0738094875; 92.2952381316; 89.2833335513; 88.2095240638; 86.264285133; 88.0499999637; 93.9190475827; 87.5428570339; 94.1142859686; 19.0776116945
2017-12-18 06:59:04 ; 28.9041665395; 28.7583333254; 28.4645832777; 28.2666666508; 28.1708334287; 28.3645832936; 27.9624999364; 27.7937500874; 27.0291666587; 83.2729167938; 82.6458334923; 78.8312497139; 77.6000003815; 76.3062504133; 77.9437505404; 85.2979170481; 78.5437498093; 86.7791666985; 17.8966730353
2017-12-18 07:04:08 ; 29.2270833254; 29.1562505563; 28.9145830075; 28.7562499046; 28.6875006755; 28.8916662534; 28.4874999523; 28.2416667938; 27.6416672071; 68.8687496185; 66.7499995232; 64.3270836671; 63.7604165872; 63.1770833333; 63.6604163647; 69.4604164759; 64.78125; 71.0749999682; 17.8966730353
2017-12-18 07:09:14 ; 28.9359997559; 28.9199996948; 28.7040000916; 28.592000351; 28.5580002213; 28.7719998932; 28.3559994507; 28.108000412; 27.6480005646; 68.6619998169; 66.4039996338; 63.8759999847; 63.2400003815; 62.5119999695; 62.6900001526; 68.556000061; 64.1340013885; 69.8680001831; 22.762151734
2017-12-18 07:14:18 ; 28.6755104843; 28.6530615748; 28.4571426937; 28.3469382695; 28.3448974454; 28.5530614269; 28.1489801212; 27.9142853873; 27.5244898893; 68.7734700417; 66.6020405828; 64.0306109993; 63.3938778469; 62.6285713352; 62.7816324818; 68.6612238981; 64.1653046121; 69.6959180248; 51.7030062035
2017-12-18 07:19:22 ; 27.2466667175; 27.4311111874; 27.2177778456; 27.1111110263; 27.164444436; 27.4777777778; 27.1800000085; 27.0622223324; 26.7266666412; 83.0799999661; 81.3355558607; 77.2022223579; 75.813333469; 74.3866670397; 74.6933330112; 81.6488886515; 72.9244449192; 80.1577777439; 16.2646141679
2017-12-18 07:24:27 ; 27.5765957122; 27.2872339614; 27.0319149342; 26.8404252478; 26.7595744032; 27.0404255644; 26.8191488956; 26.8553190028; 26.6744681825; 87.257446776; 87.7574475877; 83.4234042878; 81.7063822645; 79.9191487089; 81.3595745006; 88.8829788857; 80.578723664; 86.5765960369; 16.2646141679
2017-12-18 07:29:34 ; 28.5428571896; 28.2734693021; 27.9673472813; 27.718367129; 27.6142853328; 27.908163421; 27.6897957471; 27.7183671679; 27.5428572285; 86.5265309859; 86.8530611311; 82.4897963855; 81.0000004671; 79.5285716154; 80.8571428571; 88.4224492287; 80.0755098304; 86.1346938464; 16.2646141679
2017-12-18 07:34:38 ; 28.8591834866; 28.6897959417; 28.3795917667; 28.1612245209; 28.0530614269; 28.3714284702; 28.1163269744; 28.1000003815; 27.9326528432; 86.2673470633; 86.2408162331; 81.6428574543; 80.2489795296; 78.8551017606; 80.1653057799; 87.9489791247; 79.8000000934; 85.7734694189; 16.2646141679
2017-12-18 07:39:40 ; 29.0255320123; 28.9191486277; 28.6340429834; 28.4170209601; 28.3255314928; 28.6148940553; 28.3340421636; 28.3063825648; 28.1063833845; 86.1255316227; 85.8063828489; 81.1489360079; 79.829787234; 78.3000006168; 79.6170217636; 87.4425534187; 79.5297877535; 85.4936169563; 16.2646141679
2017-12-18 07:44:48 ; 29.0680851226; 29.0085106708; 28.7446808916; 28.5340426831; 28.4425529723; 28.7319151696; 28.4361699693; 28.3489355939; 28.1468090707; 86.0893614749; 85.5000001623; 80.685106318; 79.336169953; 77.9382978399; 79.3148941689; 87.2297874613; 79.4340420987; 85.5489362351; 16.2646141679
2017-12-18 07:49:58 ; 29.0673468843; 29.0224490652; 28.7857142468; 28.5836737886; 28.5061224723; 28.7653059278; 28.4571426937; 28.3551014881; 28.1306127431; 86.2306118401; 85.5775507713; 80.6795920547; 79.2346938776; 77.777551145; 79.206121795; 87.1510201279; 79.4897959184; 85.7081630473; 16.2646141679
2017-12-18 07:55:05 ; 28.9979998398; 29.0040000153; 28.7720000076; 28.5960003662; 28.5220000839; 28.7839999771; 28.4419997787; 28.337999382; 28.1280004883; 86.463999939; 85.71; 80.7560002136; 79.1940003967; 77.7779997253; 79.2279998779; 87.2480000305; 79.6220002747; 85.8039997864; 15.5062178143
2017-12-18 08:00:05 ; 28.9630433373; 28.9434780453; 28.7260870312; 28.5673915614; 28.4847825506; 28.7434784433; 28.4108692252; 28.2913042566; 28.0891307748; 86.5434782609; 85.7978261865; 80.7869562895; 79.2195653501; 77.8108692998; 79.2978261865; 87.4086958844; 79.7695655823; 85.9760873214; 15.5062178143
2017-12-18 08:05:10 ; 28.9520833492; 28.9249997139; 28.7041666905; 28.5333334605; 28.4749999046; 28.7354168097; 28.3895829121; 28.2541666826; 28.0500001907; 86.2437500954; 85.5749998093; 80.5729168256; 78.9854162534; 77.4937499364; 78.9250000318; 87.0354164441; 79.5645831426; 85.7562497457; 15.5062178143
2017-12-18 08:10:24 ; 28.9040818896; 28.8918367503; 28.6693877395; 28.5102041206; 28.463265166; 28.7061224178; 28.3755097292; 28.2530611389; 28.0469389546; 86.2183675961; 85.4816326219; 80.5183670667; 78.9183668798; 77.4979590591; 78.8979587166; 86.9163268732; 79.4673471256; 85.6755098615; 15.3209934849
2017-12-18 08:15:21 ; 28.7312499285; 28.7208331823; 28.5104167064; 28.3604168097; 28.3020833731; 28.5687502623; 28.2187498411; 28.0875003338; 27.9499998093; 86.2812498411; 85.4562505086; 80.5916665395; 79.0729166667; 77.5583338737; 78.9395826658; 86.8416666985; 79.4145833651; 85.245833238; 17.2050402647
2017-12-18 08:20:42 ; 28.9458334049; 28.8770831029; 28.6458334923; 28.4604165554; 28.385416309; 28.6395837863; 28.2999997536; 28.1916668415; 28.0375001431; 85.4770833651; 84.9000002543; 80.1208335559; 78.6875001589; 77.3312500318; 78.7208331426; 86.6229163806; 79.2229162852; 85.2479165395; 17.8966730353
2017-12-18 08:25:47 ; 28.9978723323; 28.9340423016; 28.7170212928; 28.5297873477; 28.4638296493; 28.7191490011; 28.3851059447; 28.2617019491; 28.1042557169; 84.1702124413; 83.3063830112; 78.5148937144; 77.1468082184; 75.9234039631; 77.204255449; 85.2680850739; 77.8510641544; 83.7510638947; 19.6916904759
2017-12-18 08:31:01 ; 28.8479166826; 28.8208331267; 28.6166671117; 28.4499998093; 28.3979162772; 28.6500005325; 28.3208326499; 28.1791672309; 28.0375001431; 85.3666666349; 84.5124999682; 79.6249998411; 78.1312497457; 76.6833329201; 78.1729167302; 86.2333335876; 78.9145832062; 85.1291666031; 20.1034809375
2017-12-18 08:36:02 ; 28.734782675; 28.741304522; 28.5326086957; 28.3891300118; 28.3521733491; 28.6195654247; 28.2652175737; 28.1456524393; 28.0086956853; 87.2826085298; 86.569565151; 81.5326088615; 79.8652174576; 78.2630434451; 79.671738666; 87.8195654828; 80.2978263523; 86.3978254899; 18.5320616217
2017-12-18 08:41:09 ; 28.7779999161; 28.7539997864; 28.5500001907; 28.3920000076; 28.3459998322; 28.608000412; 28.2559997177; 28.1280004883; 27.9739999008; 85.6579998779; 84.8899996948; 80.0959999084; 78.5580000305; 77.0799998474; 78.4040000916; 86.3639997864; 79.1580000305; 85.0240000916; 15.9822759261
2017-12-18 08:46:11 ; 28.8266664293; 28.7444442749; 28.5400001526; 28.3644440545; 28.3288885329; 28.5688891517; 28.2222222646; 28.0866669973; 27.9466664632; 83.1933337741; 82.2466664632; 77.5466662937; 76.2644439697; 74.9088885837; 76.2711110433; 84.1444442749; 77.044444614; 82.8866667006; 19.7971515592
2017-12-18 08:51:16 ; 28.6891304928; 28.6521741618; 28.4543476519; 28.2934780121; 28.2652172835; 28.5304348987; 28.1760874624; 28.0434784267; 27.9108692252; 86.4000000332; 85.6891300367; 80.6543481246; 79.0804343846; 77.5217392963; 79.0065218055; 87.1434777301; 79.7260869897; 85.9717385665; 18.5320616217
2017-12-18 08:56:24 ; 28.7306122293; 28.7122448123; 28.5061224723; 28.3551017995; 28.3163263749; 28.5836737886; 28.2244897181; 28.091837085; 27.9591835178; 86.1897959806; 85.4224486059; 80.4979596819; 78.9102040505; 77.3612241161; 78.7857139743; 86.8510203459; 79.5612248012; 85.5367347562; 17.5633904743
2017-12-18 09:01:32 ; 28.8680847249; 28.806382646; 28.5765960369; 28.4234039631; 28.3723399385; 28.6276600615; 28.2680848304; 28.1468090707; 27.9872339939; 83.1021273999; 82.1744680202; 77.5382977749; 76.1723403931; 74.9000002273; 76.1382980347; 84.0489362351; 77.0212765957; 82.7765957447; 17.8966730353
2017-12-18 09:06:33 ; 28.6911110348; 28.6422224257; 28.4311108483; 28.2888888041; 28.2600000593; 28.5333334605; 28.1777781592; 28.0422223833; 27.9377775404; 86.4688886854; 85.7644439697; 80.7599997626; 79.1577779134; 77.5577779134; 79.0555555556; 87.2888888889; 79.8200002035; 86.1555552165; 17.5633904743
2017-12-18 09:11:38 ; 28.8847822936; 28.83260814; 28.6043482241; 28.4586954946; 28.3934778545; 28.6760876282; 28.3195645706; 28.1869572349; 28.0; 82.3021742779; 81.2413044805; 76.8282605047; 75.5586952541; 74.2608698969; 75.3978258216; 83.10434839; 76.3434779955; 82.1478261533; 20.6787380536
2017-12-18 09:16:38 ; 28.6187499762; 28.5770836274; 28.3791662057; 28.2250001033; 28.2104169528; 28.4749999046; 28.1312505007; 27.9749999046; 27.8833328883; 86.3875002861; 85.6666666667; 80.6354163488; 79.0020829837; 77.4062496821; 78.8770831426; 87.120833238; 79.7187498411; 86.022916317; 19.1270108305
2017-12-18 09:21:52 ; 28.6999995562; 28.6897957082; 28.4591835956; 28.3204079064; 28.279591502; 28.555102251; 28.2081633977; 28.0530614269; 27.8999996185; 84.6530610688; 83.7326532481; 79.0448978969; 77.6020408163; 76.1816329956; 77.4142853095; 85.2081635144; 78.3081635456; 84.0163262815; 18.5320616217
2017-12-18 09:26:52 ; 28.6956520081; 28.6021743028; 28.3999997429; 28.2369563891; 28.2152174659; 28.4695651013; 28.1108699882; 27.973912944; 27.8413037425; 83.6456519417; 82.684782277; 77.9695651842; 76.5695649852; 75.2195653501; 76.5673912712; 84.536956953; 77.4717388982; 83.5760869565; 19.1270108305
2017-12-18 09:31:55 ; 28.6022726406; 28.5704545108; 28.3636361035; 28.2136365284; 28.1909092556; 28.4795453765; 28.1295459054; 27.9840908484; 27.8545448997; 87.061363567; 86.4772729007; 81.4318181818; 79.8386362249; 78.2295452465; 79.5272724845; 87.6659091603; 80.1954545108; 86.3886365024; 17.8966730353
2017-12-18 09:36:58 ; 28.8577774048; 28.7533331129; 28.5333334605; 28.3644439697; 28.3311106788; 28.5822225359; 28.2511109246; 28.1155559964; 27.9666665395; 81.7866663615; 80.742221917; 76.2844445123; 75.044444614; 73.8288889567; 74.9800003052; 82.5955554538; 75.9422222561; 81.9822221544; 17.5633904743
2017-12-18 09:42:06 ; 28.6063829381; 28.5744679228; 28.393616656; 28.231915129; 28.2340428373; 28.5234043446; 28.1680851794; 28.02765968; 27.9063826216; 87.2744677929; 86.5276599641; 81.5319142443; 79.9319149585; 78.3000001299; 79.5340425207; 87.6702126036; 80.2617021926; 86.4382980022; 18.5320616217
2017-12-18 09:47:07 ; 28.8122444542; 28.7326530534; 28.518367417; 28.3571423122; 28.322448458; 28.5714288439; 28.2469387444; 28.0775513162; 27.9244895079; 81.9551021031; 80.8612247389; 76.4204082878; 75.0979590903; 73.8612239604; 75.0428572674; 82.7061224178; 76.0448975855; 82.0877551643; 18.5320616217
2017-12-18 09:52:15 ; 28.5749999285; 28.5541665554; 28.3520832459; 28.208333532; 28.2062502305; 28.4791665872; 28.1541668574; 27.9833332698; 27.8458327452; 87.0229164759; 86.3645830154; 81.3812494278; 79.7374997139; 78.0354172389; 79.3375004133; 87.4999996821; 80.0395840009; 86.2395836512; 20.1034809375
2017-12-18 09:57:16 ; 28.8255314117; 28.7425531428; 28.5063830031; 28.355318597; 28.3148931544; 28.5659576984; 28.2446808105; 28.0787237046; 27.9212762954; 81.7489364299; 80.6361704076; 76.2063829138; 74.9468088353; 73.7106384927; 74.8659572195; 82.5297874288; 75.8255318175; 81.6404263111; 22.3708412942
2017-12-18 10:02:27 ; 28.5857143791; 28.5489797787; 28.3632648234; 28.2122450459; 28.1938778624; 28.4775509348; 28.1265310949; 27.9673468142; 27.8551014881; 87.3530611311; 86.7040816327; 81.6244899205; 79.9224486059; 78.2673467519; 79.6897958249; 87.9551021031; 80.4632650881; 86.8163260635; 19.1270108305
2017-12-18 10:07:25 ; 28.8680846032; 28.7851058473; 28.55531936; 28.3914889478; 28.3659569355; 28.6000003815; 28.2723400846; 28.1021280492; 27.9574466462; 80.953191392; 79.7085103786; 75.421276336; 74.2000000325; 73.0170213415; 74.1085102812; 81.5893616372; 75.1446805913; 81.1659575117; 23.6164276447
2017-12-18 10:12:32 ; 28.5740000534; 28.5420000839; 28.3499997711; 28.2220001221; 28.2140002441; 28.4819999313; 28.1460004044; 27.983999939; 27.8819995499; 87.89; 87.3279998779; 82.2140003967; 80.4320001221; 78.6879998779; 80.1119993591; 88.4239997864; 80.8180000305; 87.0520004272; 15.3209934849
2017-12-18 10:17:39 ; 28.8816322015; 28.7795913852; 28.5653063716; 28.389795498; 28.3673464327; 28.6306127431; 28.2816321704; 28.1612251048; 27.9959183518; 81.9938771773; 80.9163265618; 76.4653055619; 75.1428577657; 73.910203272; 75.0877556314; 82.7346945004; 76.1163264683; 82.2306123072; 16.2646141679
2017-12-18 10:22:47 ; 28.8260862931; 28.7652171591; 28.5586958761; 28.3956517759; 28.3999996185; 28.6586962575; 28.2999992371; 28.1239135162; 27.973912944; 81.4652169269; 80.1413046795; 75.7782602725; 74.493478858; 73.2630429475; 74.3282598413; 81.8652166284; 75.5282617652; 81.7804346499; 16.9413947703
2017-12-18 10:27:50 ; 28.700000551; 28.6466672262; 28.4488886939; 28.3088881599; 28.2999992794; 28.566666921; 28.2177782694; 28.0244445377; 27.8733328501; 81.23777771; 79.8600001017; 75.5044445462; 74.2288886176; 72.937778049; 73.9733337402; 81.4488893297; 75.2733330621; 81.2111116197; 16.2646141679
2017-12-18 10:32:52 ; 28.3608695735; 28.3260870394; 28.1760871721; 28.0217390475; 28.028260853; 28.3217390724; 27.9586954946; 27.776087139; 27.6586958844; 87.2130433787; 86.3804346168; 81.2673915365; 79.5478265182; 77.8347823102; 79.1086956522; 87.4065211752; 79.9999996683; 85.958695619; 15.9822759261
2017-12-18 10:37:58 ; 28.5854169925; 28.4812499285; 28.2791662216; 28.1520839135; 28.104167064; 28.3770828644; 28.0041666826; 27.866666158; 27.6958340406; 82.1999999682; 81.0833331744; 76.589583238; 75.2666668892; 73.9395836194; 75.1458331744; 82.8958330154; 76.2104166349; 82.3312497139; 15.9822759261
2017-12-18 10:43:03 ; 28.3630435363; 28.3217391968; 28.1434783521; 27.9891303933; 27.9760868653; 28.2782609774; 27.8934778545; 27.7652175323; 27.6326092015; 86.6956521739; 85.917391238; 80.9173915697; 79.2891301694; 77.6282604052; 78.8717387656; 87.0456523066; 79.7326087952; 85.5934783272; 17.2050402647
2017-12-18 10:48:10 ; 28.6104170481; 28.5291667779; 28.3249997298; 28.162500302; 28.118750453; 28.3999996185; 28.0354168018; 27.9145830075; 27.7437500159; 84.4770827293; 83.6374996503; 79.0416665077; 77.5854166349; 76.1541665395; 77.4291666349; 85.1937502225; 78.1458331744; 83.9437500636; 16.2646141679
2017-12-18 10:53:10 ; 28.7063828326; 28.6021276839; 28.3744680121; 28.2063828732; 28.1617021764; 28.4212762954; 28.0659576984; 27.9510636431; 27.7787233312; 83.5382979373; 82.5893619619; 77.921276823; 76.5531911647; 75.2617021926; 76.5617021601; 84.5042554165; 77.3510638298; 83.2000005194; 18.8484840044
2017-12-18 10:58:16 ; 28.7124999762; 28.6541667779; 28.4270830552; 28.2604166667; 28.2208335002; 28.4812499285; 28.1541670561; 28.0270834366; 27.8729161819; 86.8812500636; 86.3249998093; 81.4645835559; 79.8520832062; 78.2625002861; 79.7375000318; 87.862499555; 80.3562498093; 86.6895828247; 17.2050402647
2017-12-18 11:03:24 ; 28.8708335559; 28.8354168336; 28.6083336274; 28.4374997616; 28.3770828644; 28.6583338976; 28.3312495152; 28.1895835002; 28.0250000954; 86.1458334923; 85.4104166031; 80.6312500636; 79.0624998411; 77.5916666985; 78.8562498093; 86.90625; 79.5708333651; 85.695833683; 15.9822759261
2017-12-18 11:08:24 ; 29.0361703507; 28.94468064; 28.7191490011; 28.5425533538; 28.4680849846; 28.7382977668; 28.4021272862; 28.2574466543; 28.0680853661; 82.1319148287; 81.0723406203; 76.6829783663; 75.3787231445; 74.1893617346; 75.3978722755; 83.1468083808; 76.3914892318; 82.4319143092; 16.2646141679
2017-12-18 11:13:33 ; 28.7645833492; 28.7604166667; 28.5416668256; 28.3937495947; 28.366666158; 28.6395837069; 28.2812498013; 28.1416670879; 28.0041666826; 87.1104168892; 86.3770833015; 81.4291666349; 79.7083331744; 78.1041669846; 79.6062496503; 87.7375001907; 80.3458333015; 86.5666666031; 16.2646141679
2017-12-18 11:18:33 ; 28.7833335002; 28.7583333254; 28.5583335559; 28.3999996185; 28.3562495311; 28.6020837228; 28.2770833572; 28.1125004292; 27.9437497854; 85.9041665395; 85.0000003179; 80.1125001907; 78.535416762; 77.0624998411; 78.4187494914; 86.5229169528; 79.2749997775; 84.9395833015; 15.9822759261
2017-12-18 11:23:40 ; 28.8543476851; 28.8043476602; 28.5869568535; 28.4108692252; 28.3543473119; 28.6130439095; 28.2565216396; 28.1217395948; 27.9282605959; 84.817391437; 83.9586957849; 79.2760865585; 77.8260869565; 76.4608690013; 77.7586956853; 85.75; 78.6934784599; 84.4043476271; 16.2646141679
2017-12-18 11:28:43 ; 28.9063829463; 28.8425530779; 28.6085110117; 28.4255316308; 28.3723399385; 28.6191493907; 28.2765956229; 28.1340430645; 27.9574466462; 84.1170207896; 83.2617021926; 78.619149066; 77.2659571222; 75.9617020627; 77.2340427155; 85.2382978074; 78.091489102; 83.7765960693; 16.2646141679
2017-12-18 11:33:54 ; 28.9234044501; 28.8382979454; 28.6148937712; 28.4212762954; 28.3723400197; 28.6170215201; 28.2893616697; 28.1723406771; 27.9893616615; 84.8425529967; 84.0276594771; 79.2787230471; 77.8340420013; 76.4659574793; 77.8787231445; 85.9787235666; 78.7531915218; 85.0553191165; 16.9413947703
2017-12-18 11:38:53 ; 28.9244898582; 28.8959182039; 28.6551019708; 28.481632583; 28.4551018695; 28.7081633198; 28.3755097292; 28.2346939943; 28.0469389546; 86.6816326842; 86.0020401624; 81.1306119646; 79.5469389935; 78.0489799344; 79.3897961986; 87.5102040816; 80.112244898; 86.1795914319; 16.2646141679
2017-12-18 11:44:02 ; 28.8551021498; 28.8244897103; 28.6061228149; 28.4510202213; 28.3938773019; 28.6469392193; 28.3142855897; 28.1428576878; 27.9755101107; 85.1489793427; 84.2795920859; 79.5000003114; 78.0836731268; 76.6795917433; 77.9428569249; 86.0326531858; 78.8081630785; 84.2326532481; 16.2646141679
2017-12-18 11:49:03 ; 28.8562499682; 28.7937499285; 28.5895836751; 28.3937495947; 28.3499994278; 28.6062504053; 28.2479166587; 28.1229171356; 27.9416664441; 85.0416666667; 84.2312498093; 79.5166664124; 78.0500000318; 76.6583334605; 77.9833337466; 85.9374998411; 78.8166666031; 84.4833332698; 16.2646141679
2017-12-18 11:54:11 ; 28.9399999619; 28.8739998627; 28.6580001831; 28.4579998398; 28.4059996414; 28.6560004807; 28.3039997864; 28.1800003815; 27.9799999237; 84.4559999084; 83.6499995422; 78.953999939; 77.5620002747; 76.2460005188; 77.5819996643; 85.5820002747; 78.4100003052; 83.9059996033; 15.9822759261
2017-12-18 11:59:15 ; 28.9608695818; 28.8956519832; 28.6760870477; 28.4847825506; 28.4108692252; 28.6673916941; 28.3086953785; 28.1717395368; 27.9782607866; 84.7065214074; 83.8304347163; 79.056521706; 77.680434849; 76.4130431465; 77.743478858; 85.9043477929; 78.5999999668; 84.0956522071; 16.2646141679
2017-12-18 12:04:18 ; 29.0083334446; 28.9499998093; 28.7083333333; 28.4937499762; 28.4229163726; 28.6833334366; 28.3312495947; 28.2062500715; 28.0333334605; 85.0312501589; 84.2395831744; 79.495833079; 78.1874998411; 76.8958328565; 78.272916317; 86.3187500636; 79.0062500636; 84.5520838102; 15.3209934849
2017-12-18 12:09:24 ; 29.1124997536; 29.0416668256; 28.8104166587; 28.614583532; 28.5291667779; 28.783333381; 28.433333079; 28.3020831744; 28.1166671117; 84.2479163806; 83.358332634; 78.7791662216; 77.4250003497; 76.1916672389; 77.6083335876; 85.620833079; 78.4437500636; 84.3749998411; 16.2646141679
2017-12-18 12:14:25 ; 29.1130435363; 29.0739133254; 28.8326083474; 28.6478265265; 28.5652176401; 28.8456515851; 28.493478236; 28.3543472705; 28.1760876282; 85.7260868238; 84.9086955527; 80.1326088283; 78.6826083971; 77.2869562895; 78.6652173581; 86.6978260538; 79.4695653501; 85.3021741121; 16.2646141679
2017-12-18 12:19:35 ; 29.0339997864; 29.0100000381; 28.780000267; 28.6080001068; 28.5400001526; 28.7979999542; 28.4559998322; 28.2999998474; 28.1360005188; 85.8860002136; 85.1640002441; 80.2620004272; 78.8280003357; 77.4179995728; 78.8119996643; 86.9539997864; 79.536000061; 85.28; 15.3209934849
2017-12-18 12:24:35 ; 29.0127661279; 28.9808509908; 28.7361699368; 28.5638300307; 28.5148936738; 28.7744679147; 28.4340423016; 28.2893614668; 28.1042557169; 85.0446808186; 84.1808512262; 79.4702128958; 78.1382978723; 76.751064057; 78.0170210169; 85.9638298522; 78.8170213091; 84.6063829787; 15.9822759261
2017-12-18 12:29:45 ; 28.8826085796; 28.8521735979; 28.6326091601; 28.4521737306; 28.3934778545; 28.6652180216; 28.326086459; 28.1847833136; 28.0108696067; 84.6999999337; 83.8217391968; 79.1543471295; 77.8130431797; 76.4369566544; 77.6717391636; 85.5173915365; 78.4499999337; 84.0478256889; 15.3209934849
2017-12-18 12:34:48 ; 28.8816326297; 28.8265304565; 28.6020412056; 28.426530332; 28.3734689051; 28.6244902708; 28.283673267; 28.1571434566; 27.9795917589; 84.5836737497; 83.753061567; 79.1244900762; 77.7346940333; 76.3346935973; 77.6020411277; 85.4102040505; 78.2755098927; 83.8061230718; 15.3209934849
2017-12-18 12:39:49 ; 28.8800001356; 28.8333334605; 28.6200001611; 28.4311108483; 28.388888465; 28.6355558183; 28.3022221035; 28.184444597; 28.0311112298; 84.4444442749; 83.5599997626; 78.8799999661; 77.4288887872; 76.0555557251; 77.4511110094; 85.4444444444; 78.2333333333; 84.279999627; 36.8659485653
2017-12-18 12:44:54 ; 28.3543478095; 28.4021739545; 28.1978261782; 28.0565215401; 28.0543476188; 28.3282609608; 28.017391039; 27.9369561569; 27.7782611432; 88.167391238; 87.6782609691; 83.2217393958; 81.5326086957; 79.6847830233; 80.9369566544; 88.4652174245; 80.402173913; 86.6586953868; 26.3279362644
2017-12-18 12:50:00 ; 28.8918367503; 28.8285713974; 28.5938776756; 28.4795917978; 28.4551019474; 28.6959183751; 28.3551018384; 28.2408161163; 27.9428569249; 86.5387758527; 85.9755102664; 81.6816325285; 79.926530332; 78.3285709303; 79.6102039571; 87.1346933793; 79.6142855274; 86.4020405983; 24.2905574925
2017-12-18 12:55:06 ; 28.7020835876; 28.6645839612; 28.4666665395; 28.3645828168; 28.3770828644; 28.6458338896; 28.3124992847; 28.2000007629; 27.9249997139; 87.3145836194; 86.6312500636; 81.6541660627; 79.6999998093; 77.8854166667; 79.3208332062; 87.3729163806; 79.8750001589; 87.1583334605; 24.1950891427
2017-12-18 13:00:08 ; 28.7347828409; 28.7000007629; 28.5; 28.3999996185; 28.3999996185; 28.6891311563; 28.3065210011; 28.1282613588; 27.8999996185; 82.9000006966; 81.6239133088; 77.0934783272; 75.4369569861; 73.8956526051; 75.067391437; 82.5499997346; 76.0608689681; 82.7934779292; 23.0107781315
2017-12-18 13:05:17 ; 28.479167064; 28.4770836433; 28.3041664759; 28.2229162455; 28.27916646; 28.5208334128; 28.1937499444; 28.0062500238; 27.808333079; 85.7479163806; 84.8208333651; 80.5979164441; 78.6937499046; 76.9291664759; 77.8291662534; 85.1520838737; 78.3562502861; 85.089583238; 23.6164276447
2017-12-18 13:10:21 ; 28.1571434566; 28.1142861503; 27.9877550553; 27.8999996185; 27.9142853873; 28.2020415481; 27.8836730256; 27.7142862592; 27.536734834; 87.7081630473; 86.8897954201; 81.7408163888; 79.6142859945; 77.6387754168; 79.0244895779; 87.2102041439; 79.7142857143; 86.9428572363; 24.2905574925
2017-12-18 13:15:23 ; 28.2021746428; 28.1347831229; 27.9978260787; 27.8999996185; 27.9043474612; 28.2000007629; 27.7999992371; 27.6195656735; 27.4717390226; 83.9413050776; 82.6956520081; 78.0804345504; 76.2086952873; 74.5478258548; 75.7934779292; 83.3978263192; 76.6956521739; 83.4304353465; 20.4580132089
2017-12-18 13:20:28 ; 28.144681403; 28.1000003815; 27.9361699693; 27.8617016001; 27.8936166155; 28.1042557169; 27.759574322; 27.5723407015; 27.3999996185; 82.676595485; 81.3212767256; 76.8191489362; 75.0872331984; 73.4893618645; 74.5872340101; 82.0085111577; 75.6340427805; 82.1531910998; 22.2219984708
2017-12-18 13:25:36 ; 28.0042556195; 28.0127662091; 27.8361699125; 27.74893574; 27.7659569192; 28.0340426831; 27.672341083; 27.4872339939; 27.334042123; 84.4638292029; 83.3404252073; 79.0978726326; 77.2042551244; 75.4297870068; 76.4127659899; 83.6723403931; 76.980850869; 83.4340424233; 23.2103925417
2017-12-18 13:30:38 ; 27.9160002136; 27.8480000687; 27.6859999466; 27.6059999847; 27.6519999695; 27.9119996643; 27.5780002975; 27.4219997025; 27.258000145; 87.4500004578; 86.8940000916; 81.8740002441; 79.7040000916; 77.7320001221; 79.15; 87.3220001221; 79.7239997864; 86.7959999084; 21.7612169748
2017-12-18 13:35:45 ; 28.2744675088; 28.1765964183; 28.02765968; 27.9085102893; 27.9340423016; 28.178724086; 27.8170206598; 27.6659580799; 27.4553189785; 83.5425535161; 82.4489359754; 78.0425528668; 76.3851063505; 74.6468083808; 75.6936173135; 83.1212762062; 76.2340427155; 82.9595744356; 23.7590113558
2017-12-18 13:40:53 ; 28.0139999771; 27.9779998779; 27.8140001297; 27.7260000992; 27.796000061; 28.0400001526; 27.7080001831; 27.5780002975; 27.3939995956; 88.7620002747; 88.3520002747; 83.5799998474; 81.3059996033; 79.1939997864; 80.6279998779; 88.6079998779; 81.036000061; 88.1920001221; 24.2905574925
2017-12-18 13:45:52 ; 28.4347825258; 28.352173515; 28.1652179801; 28.0913046961; 28.1108699882; 28.3673907985; 28.0; 27.8478255065; 27.6065221455; 84.8826081649; 83.9999993366; 79.6782609691; 77.8630437436; 76.208695619; 77.1760870892; 84.6260871887; 77.5478263523; 84.3586961497; 24.8079875051
2017-12-18 13:50:58 ; 28.2583332062; 28.2125000556; 28.0354168018; 27.947916468; 27.9874999523; 28.2729167144; 27.933333079; 27.7812498013; 27.5770836274; 87.8874998093; 87.3416665395; 82.4208334287; 80.2770829201; 78.2729169528; 79.6979165077; 87.7708333333; 80.2354167302; 87.5083332062; 25.8157868349
2017-12-18 13:55:59 ; 28.4666667514; 28.4333332062; 28.2399998135; 28.1577783797; 28.1711117215; 28.4422220018; 28.0822225359; 27.888888465; 27.6777784559; 84.7244444105; 83.8222217136; 79.562221951; 77.7422224257; 76.0266665988; 77.0577774048; 84.5088890923; 77.3733328925; 84.2577779134; 26.7276225054
2017-12-18 14:01:03 ; 28.195652091; 28.165217524; 28.0; 27.9130431465; 27.9565215733; 28.2326089196; 27.8999996185; 27.7521738799; 27.5478262694; 88.1869561569; 87.6173915034; 82.6978263855; 80.5282606042; 78.5173912048; 79.9217389977; 87.9999996683; 80.4369564886; 87.7543479256; 24.1950891427
2017-12-18 14:06:12 ; 28.4812499285; 28.3979162772; 28.2000007629; 28.104167064; 28.1416672071; 28.3937495947; 28.0041666826; 27.8687494993; 27.6229171356; 82.7625001272; 81.4854164124; 76.9687498411; 75.2291666667; 73.6916664441; 74.8645836512; 82.2937498093; 75.7750000954; 82.5333334605; 27.8204076749
2017-12-18 14:11:13 ; 28.0866665734; 28.0888888041; 27.9222220103; 27.8488889058; 27.9044440799; 28.1822224511; 27.8511106279; 27.702222485; 27.5377779219; 89.4133327908; 89.0288892958; 84.4288889567; 82.233333842; 80.0644441393; 81.2911112467; 89.0422220866; 81.2488893297; 88.3666668362; 23.2103925417
2017-12-18 14:16:19 ; 28.3729162216; 28.2854164044; 28.1291671594; 28.0333334605; 28.0458335082; 28.3104164203; 27.9354164203; 27.7812495629; 27.5708336035; 83.9937497775; 82.9395837784; 78.2583333651; 76.4020837148; 74.7583333651; 76.0333334605; 83.6958335241; 76.8291665713; 83.7583327293; 21.0760685692
2017-12-18 14:21:31 ; 28.1555551741; 28.1733330621; 27.9911116282; 27.9044447157; 27.9511112213; 28.2399998559; 27.8888888889; 27.7199998644; 27.5266667684; 86.9577775743; 86.1733334012; 81.9066667345; 79.8355556912; 77.8111112807; 78.8199996948; 86.279999627; 79.1422225952; 85.9422227648; 22.762151734
2017-12-18 14:26:31 ; 28.3148935196; 28.227659469; 28.0595746548; 27.9659575604; 27.9978723323; 28.2553190272; 27.899999862; 27.7595743626; 27.5212766769; 85.5638301119; 84.7851062531; 79.8744680526; 77.8872343023; 76.1063828164; 77.4659576416; 85.4148932924; 78.2127657951; 85.3319150235; 21.6616809689
2017-12-18 14:31:39 ; 28.2531916842; 28.2510640165; 28.0787232176; 28.0042553354; 28.0319150154; 28.3042555464; 27.9851063262; 27.8276592011; 27.617021723; 88.2553189866; 87.7787236964; 83.1723402307; 81.0297869419; 79.0042552542; 80.1893614099; 87.9468088353; 80.323404515; 87.5425531915; 20.1034809375
2017-12-18 14:36:39 ; 28.4361699693; 28.3361698719; 28.1574474091; 28.0851067076; 28.1085110522; 28.3638292678; 28.0212766769; 27.8531909293; 27.6340430645; 84.125531298; 83.1148936495; 78.3957446484; 76.559574046; 74.9170215688; 76.1510642843; 83.7957442263; 76.9276598667; 83.8382977425; 22.762151734
2017-12-18 14:41:47 ; 28.1166666349; 28.1187499364; 27.9437498252; 27.891666611; 27.9374997616; 28.22083354; 27.895832936; 27.770833532; 27.5729169448; 89.2166666985; 88.7854166031; 84.2812503179; 82.1979166667; 79.7749997775; 80.9395833015; 88.6625000636; 80.8229163488; 87.8104163806; 21.6616809689
2017-12-18 14:46:48 ; 28.3708329598; 28.2812496821; 28.1166671117; 28.0208334128; 28.0500001907; 28.2958328724; 27.9499998093; 27.7833328247; 27.5875003338; 84.0895833969; 83.1500004133; 78.5416676203; 76.7375001907; 75.0541666349; 76.2000002861; 83.7916668256; 76.6145833333; 83.2874999046; 26.5243842514
2017-12-18 14:51:57 ; 28.0479165713; 28.0354168018; 27.8645833731; 27.7812500795; 27.8312497139; 28.102083683; 27.7749999762; 27.6625005404; 27.4895832936; 89.0395830472; 88.5812500318; 83.9895831744; 81.8020834923; 79.6583334605; 81.0333333015; 88.7937499682; 81.0249999364; 88.0583329201; 25.2912797044
2017-12-18 14:57:01 ; 28.2644441817; 28.2377774133; 28.066666921; 27.9755557166; 28.0022222307; 28.2799997118; 27.9244441562; 27.7799995422; 27.5777780745; 86.3911114163; 85.6200000339; 81.3866668701; 79.4133329603; 77.5199998644; 78.6599997626; 86.0688893636; 78.7133332994; 85.4266664293; 22.2219984708
2017-12-18 15:02:03 ; 28.2934781779; 28.2173912629; 28.0434784267; 27.9499999751; 27.9782607866; 28.2565216811; 27.9108692252; 27.7869563725; 27.5717394041; 85.2608697311; 84.3565214406; 79.5521736145; 77.5891304016; 75.7760868902; 77.0978257552; 84.8565216064; 77.6608697642; 84.5130436109; 27.1293058222
2017-12-18 15:07:09 ; 28.163829844; 28.1361704076; 27.97234032; 27.8999996185; 27.9361699693; 28.2234044582; 27.882978277; 27.7702126604; 27.5851067076; 89.0893619619; 88.6148936495; 84.0191489686; 81.7340432025; 79.5808506418; 80.8702127984; 88.6468080561; 80.8000002922; 87.8085103136; 24.5887466641
2017-12-18 15:12:16 ; 28.2744679552; 28.2446806076; 28.0595746142; 27.9978724541; 28.0085106708; 28.2957445104; 27.9489359754; 27.8276593634; 27.6127663876; 87.2808509989; 86.7085105409; 82.5042554165; 80.5148935521; 78.6340424558; 79.7489361053; 87.1255324343; 79.5170211792; 86.2319147638; 21.6616809689
2017-12-18 15:17:23 ; 28.346666548; 28.2733332316; 28.0977781508; 28.0066666921; 28.022222307; 28.2888887617; 27.9355553097; 27.811110772; 27.5822225359; 85.5355558607; 84.751111518; 80.0155559964; 78.0844441732; 76.3400002374; 77.5777781169; 85.3022223579; 77.686666531; 84.3999996609; 21.6616809689
2017-12-18 15:22:24 ; 28.1755554623; 28.1466668023; 27.9666665395; 27.8866662343; 27.9155552334; 28.1911113315; 27.8599994659; 27.7511110942; 27.5488890754; 88.3466666328; 87.8199998644; 83.2044445462; 81.0066670736; 78.9244445801; 80.2933334351; 88.0711113824; 80.4177778456; 87.4422222561; 25.1763301019
2017-12-18 15:27:28 ; 28.2111111111; 28.1999999152; 28.0155555725; 27.9377775828; 27.9599998474; 28.2466667175; 27.9022218492; 27.7822221968; 27.5644446903; 88.4088885837; 87.8266669379; 83.4888890584; 81.5200002035; 79.4777781169; 80.6222223918; 88.111110772; 80.4488889906; 87.4355553521; 21.0760685692
2017-12-18 15:32:33 ; 28.3895831108; 28.2999998331; 28.1270838181; 28.0395834843; 28.052083532; 28.3249997298; 27.9562498331; 27.8229161898; 27.5958336989; 84.6666663488; 83.6854170163; 79.0416665077; 77.2458340327; 75.5791667302; 76.7833329837; 84.4437505404; 77.0750001272; 83.8895832698; 38.3930477171
2017-12-18 15:37:37 ; 28.1061223088; 28.0959185775; 27.9224487616; 27.8346937919; 27.889795498; 28.171428875; 27.8469381916; 27.7367348963; 27.5387756581; 88.8591836423; 88.355102072; 83.8102046422; 81.58775532; 79.3326529678; 80.6489794984; 88.3755100795; 80.7306123072; 87.7448978035; 25.1763301019
2017-12-18 15:42:41 ; 28.2479164998; 28.227083087; 28.0354168018; 27.9520835876; 27.9916666349; 28.2687498331; 27.9291663965; 27.7937497298; 27.5895836751; 87.2958334287; 86.7104167938; 82.5750001272; 80.7041667302; 78.7166668574; 79.839583079; 87.0395832062; 79.5291666985; 86.1687496503; 19.4968229206
2017-12-18 15:47:48 ; 28.3379999542; 28.2539999008; 28.0800003052; 27.97; 27.9979999924; 28.2599999237; 27.9099996567; 27.795999794; 27.5880003357; 85.22; 84.3480001831; 79.5820002747; 77.6499996948; 75.9059994507; 77.2720001221; 84.9919993591; 77.69; 84.446000061; 21.0760685692
2017-12-18 15:52:52 ; 28.1326087039; 28.1282609857; 27.9478258879; 27.8630434119; 27.8999996185; 28.1782611349; 27.8456516681; 27.7434786092; 27.5565219547; 89.4456521739; 89.0826085961; 84.6152172918; 82.6239129771; 80.4521739794; 81.7869566213; 89.4152171923; 81.2434781945; 88.0695649852; 20.4580132089
2017-12-18 15:57:56 ; 28.3934780618; 28.3304343846; 28.1456527295; 28.0521741121; 28.0565219547; 28.3195647779; 27.9499998093; 27.7999992785; 27.6021743028; 84.9304343514; 84.0891307333; 79.728260372; 78.0086956853; 76.3173912712; 77.5152171591; 84.7804348158; 77.4543476934; 84.0804345504; 22.2219984708
2017-12-18 16:03:04 ; 28.1559998322; 28.1220000458; 27.9479998016; 27.8480000687; 27.8859995651; 28.1680002594; 27.8299994659; 27.7300003052; 27.5360001373; 87.9439997864; 87.4039997864; 82.676000061; 80.516000061; 78.4960003662; 79.9119999695; 87.7780001831; 80.1040000916; 87.0580000305; 21.2296404062
2017-12-18 16:08:09 ; 28.2699999237; 28.2499998093; 28.0620001221; 27.9979999924; 28.0120000458; 28.2859998703; 27.9399997711; 27.8179997635; 27.6420005417; 87.3820001221; 86.7880004883; 82.5859999084; 80.5120004272; 78.5160002136; 79.7299995422; 87.0040000916; 79.4459997559; 86.1919999695; 21.0760685692
2017-12-18 16:13:12 ; 28.3624998728; 28.2791665395; 28.1020837228; 28.0166667302; 28.0437501669; 28.2874998649; 27.9291663965; 27.7999996344; 27.6208337943; 85.164583683; 84.2458337148; 79.4916667938; 77.5083335241; 75.7958331108; 77.1666663488; 84.8583329519; 77.6479169528; 84.4604172707; 21.4159311723
2017-12-18 16:18:15 ; 28.1795455326; 28.1636364243; 27.9977271774; 27.9363633936; 27.9431816014; 28.227272944; 27.8886359388; 27.7704547535; 27.577273022; 88.8886359822; 88.5113636364; 84.0909089175; 81.9750005549; 79.8318183205; 81.0590908744; 88.6250001734; 80.7772726579; 87.6590909091; 20.6787380536
2017-12-18 16:23:21 ; 28.4170209601; 28.3340422448; 28.1510644061; 28.05531936; 28.0702130338; 28.3276592011; 27.9638296493; 27.8021270265; 27.6191493907; 83.8680853336; 82.8063830112; 78.217021374; 76.4978730222; 74.8510639921; 76.0595743707; 83.546808608; 76.5574464189; 83.282978626; 21.0760685692
2017-12-18 16:28:26 ; 28.0937499603; 28.1020835638; 27.933333079; 27.8458330631; 27.8874995708; 28.181250294; 27.8562494516; 27.7375001907; 27.5541668733; 89.3458336194; 88.8666664759; 84.3020833333; 82.0479168892; 79.8354166349; 81.1270834605; 88.8145833015; 81.066666762; 88.1624997457; 21.0760685692
2017-12-18 16:33:35 ; 28.341999855; 28.3039996719; 28.1180004501; 28.0280002213; 28.0520001984; 28.3299996567; 27.9779999161; 27.841999588; 27.6560005951; 85.9200004578; 85.076000061; 80.9699998474; 79.1380001831; 77.3319996643; 78.4159994507; 85.5699998474; 78.3300003052; 84.9179997253; 19.1270108305
2017-12-18 16:38:41 ; 28.2543476768; 28.1913043312; 28.013043528; 27.9173911965; 27.9543476519; 28.228260911; 27.8804343265; 27.7652172835; 27.5847829321; 86.6456524393; 85.9021737472; 81.043478095; 78.9630438763; 77.0586959175; 78.4173914039; 86.2673912048; 78.7978260206; 85.7543479256; 19.1270108305
2017-12-18 16:43:46 ; 28.2326531313; 28.2061224178; 28.0285714597; 27.9591835178; 27.9877550553; 28.2714287116; 27.9183670355; 27.8081631563; 27.6265310949; 88.3653058422; 87.8306120269; 83.485714348; 81.5122448668; 79.3204077896; 80.5551019785; 88.0489790002; 80.3693880354; 87.3367340711; 19.1270108305
2017-12-18 16:48:55 ; 28.4276593797; 28.3531913352; 28.178723599; 28.089362043; 28.1106387199; 28.3659571384; 28.0021276677; 27.8617016001; 27.6617027445; 84.2063825891; 83.163830047; 78.5170211792; 76.7212766282; 75.0446804939; 76.2510638947; 83.8638300794; 76.7978723404; 83.5553191165; 22.0450772987
2017-12-18 16:53:57 ; 28.1708333095; 28.1479168336; 27.9833332698; 27.8979162772; 27.9437497854; 28.2208335002; 27.8937495947; 27.7854163249; 27.6104170879; 89.2895833651; 88.8458333015; 84.3541665077; 82.1062498093; 79.8583332698; 81.2958334287; 88.9666668574; 81.2687498728; 88.2666665713; 19.1270108305
2017-12-18 16:59:29 ; 28.3446807861; 28.3085104354; 28.1255321097; 28.0638300307; 28.089362043; 28.3489360404; 28.0063830031; 27.8659570166; 27.6702134153; 86.4893618645; 85.7914892968; 81.6617019329; 79.6680851388; 77.7638298197; 78.9170210818; 86.1787237614; 78.8787239562; 85.572340458; 19.4968229206
2017-12-18 17:04:39 ; 28.3020832141; 28.235416611; 28.066666921; 27.9749999046; 28.0125000477; 28.2916665872; 27.9437497854; 27.8062495788; 27.6291671594; 86.1229170163; 85.2937501272; 80.4437502225; 78.3833332062; 76.4979166985; 77.8562501272; 85.6687496503; 78.3437501589; 85.3125; 17.5633904743
2017-12-18 17:09:38 ; 28.2250000238; 28.2104166349; 28.0437500874; 27.9791665872; 28.0104167064; 28.2687501113; 27.9395831029; 27.7979166905; 27.6375005245; 88.2187496821; 87.6000000636; 83.174999555; 81.0354164441; 79.1000000636; 80.2750004133; 87.9062498411; 80.2874999046; 87.1770836512; 18.8484840044
2017-12-18 17:14:53 ; 28.3979589112; 28.3204079064; 28.1408168637; 28.0469389546; 28.0714288439; 28.3306119491; 27.981632583; 27.838775012; 27.6428576878; 84.2469385887; 83.1755101729; 78.5224494156; 76.6408165134; 74.9632655552; 76.2061222621; 83.7836731891; 76.8673472502; 83.7020413146; 22.626951802
2017-12-18 17:20:01 ; 28.1520833572; 28.1291668812; 27.9645831585; 27.8770831029; 27.9145830075; 28.1958336433; 27.8749995232; 27.7520835002; 27.5791669687; 89.402083079; 88.9104162852; 84.4145833651; 82.2291669846; 80.0916662216; 81.3395835559; 88.9979160627; 81.0791672071; 88.1124998728; 16.2646141679
2017-12-18 17:25:06 ; 28.3893615236; 28.3319144959; 28.1425537353; 28.061702363; 28.0829790399; 28.3446804209; 27.9936169969; 27.8531909293; 27.6638304122; 85.4468083483; 84.5957446809; 80.3276600939; 78.4148934547; 76.6957451029; 77.7787233718; 85.078723177; 77.7382979697; 84.4936171187; 15.3209934849
2017-12-18 17:30:09 ; 28.2166665395; 28.1749999921; 28.0062500238; 27.9208330711; 27.9541664918; 28.2208334208; 27.8916662534; 27.7729165951; 27.5895836751; 87.6104168892; 86.9604171117; 82.1416670481; 79.9833335876; 77.9854167302; 79.3937503497; 87.2645827929; 79.6624999046; 86.8187497457; 15.3209934849
2017-12-18 17:35:15 ; 28.2937500477; 28.2979166905; 28.1041665872; 28.0333334605; 28.0645835797; 28.345833381; 28.0020833413; 27.8520828883; 27.6583339373; 87.4916664759; 86.8479162852; 82.6270833015; 80.5333337784; 78.5562499364; 79.7291668256; 87.1208338737; 79.6604162852; 86.5333328247; 14.3737807906
2017-12-18 17:40:19 ; 28.3458331029; 28.2812498411; 28.1125004292; 28.0187500715; 28.0354168018; 28.3083330393; 27.9541664918; 27.8187493086; 27.6312505007; 85.3020836512; 84.3020830154; 79.5562496185; 77.570833842; 75.7687497139; 77.1000005404; 84.8104165395; 77.6645833651; 84.5624998411; 15.5062178143
2017-12-18 17:45:24 ; 28.1937499444; 28.1916665634; 28.0041666826; 27.92291677; 27.9791665872; 28.2562500238; 27.9104163249; 27.7937500874; 27.6020837228; 88.0645831426; 87.418750445; 83.0479164124; 81.0166668892; 78.8687499364; 79.9562500318; 87.4666671753; 80.0000001589; 86.7833333015; 14.579699642
2017-12-18 17:50:29 ; 28.3586955278; 28.2760867658; 28.1065221455; 28.013043528; 28.0413045054; 28.30869542; 27.9434780453; 27.795651892; 27.6065221455; 84.6478258216; 83.6282612344; 78.9347831063; 76.9760868238; 75.2239131098; 76.5326090274; 84.1326084966; 77.1826088947; 83.9826084635; 14.579699642
2017-12-18 17:55:33 ; 28.1543478344; 28.1608695569; 27.973912944; 27.9065216728; 27.9434780453; 28.228260994; 27.8934778545; 27.7717393378; 27.5804350894; 88.9326087288; 88.4282604715; 84.0521739462; 81.8869564222; 79.7608689018; 80.8782607369; 88.4456520081; 80.6934784599; 87.5891300699; 13.6505584502
2017-12-18 18:00:40 ; 28.3559996796; 28.2759997559; 28.108000412; 28.0120000458; 28.0360001373; 28.2959997177; 27.9419997787; 27.7779995728; 27.592000351; 84.0579998779; 82.936000061; 78.3659999084; 76.4820004272; 74.7819999695; 76.03; 83.5699995422; 76.7139996338; 83.4519995117; 13.6505584502
2017-12-18 18:05:41 ; 28.1224489407; 28.1387755336; 27.963265166; 27.8857141612; 27.9285711561; 28.2122450848; 27.8673464327; 27.7408165445; 27.5510206028; 88.8816325908; 88.334693753; 83.8081630785; 81.5673471568; 79.3775510204; 80.5673473125; 88.2918363299; 80.5571430751; 87.4653066518; 13.6505584502
2017-12-18 18:10:48 ; 28.4204078986; 28.3265303398; 28.1428576878; 28.0571430751; 28.0653063716; 28.3367343435; 27.963265166; 27.8224484969; 27.6265310949; 83.8244896714; 82.7244899516; 78.1551021654; 76.2816322482; 74.5877554757; 75.8714281977; 83.3428568937; 76.5448982083; 83.2836730334; 0
2017-12-18 18:15:52 ; 28.1000000701; 28.0816326531; 27.9326527654; 27.8857138887; 27.9122445632; 28.114285761; 27.853060664; 27.7469390558; 27.5877554368; 89.8204082567; 89.5367346005; 84.883673376; 82.5775507713; 80.3918368281; 81.9714285403; 89.3836736874; 81.3897958872; 88.5163267486; 0 
2017-12-18 18:20:54 ; 28.2936163963; 28.1234047261; 28.0808513723; 27.9914893292; 27.9531913108; 28.0021276677; 27.8914889478; 27.8021269048; 27.6106387199; 83.987234075; 83.1680853012; 78.1638298846; 76.2127662821; 74.8553194087; 76.6531912621; 83.3425534837; 76.3042553841; 82.8893614424; 0
2017-12-18 18:26:00 ; 27.9020833969; 27.8229166269; 27.7750000159; 27.722916762; 27.6958335241; 27.764583389; 27.7250002623; 27.6958337625; 27.5229167541; 89.7395828565; 89.6208337148; 84.6645835241; 82.3458333015; 80.4979166985; 82.6958335241; 89.0604165395; 80.8979166349; 87.7958334287; 0 
2017-12-18 18:31:04 ; 28.1163267797; 28.0000002336; 27.9448980604; 27.8693875683; 27.8020404894; 27.863265057; 27.8142853172; 27.7795913852; 27.5836737886; 86.6204080387; 86.2244901073; 81.5081636079; 79.4122453028; 77.9612244587; 79.9612246144; 85.8734692943; 78.3020410343; 84.8183673158; 0 
2017-12-18 18:36:07 ; 28.0355557336; 27.8977778541; 27.8511110942; 27.786666531; 27.7266665565; 27.7799999661; 27.7422222137; 27.7199999915; 27.5466668447; 87.2355555216; 86.9666666667; 81.475555759; 79.244444614; 77.7466673109; 80.0444439358; 86.6044445462; 78.7355556912; 85.586666531; 0 
2017-12-18 18:41:12 ; 27.973912861; 27.8804350314; 27.8260872468; 27.7739133006; 27.6956521739; 27.7565218884; 27.7565219299; 27.7478262031; 27.5630437188; 88.9913046464; 88.810869134; 84.1021736808; 81.9217396612; 80.2586955195; 82.4217393295; 88.4369566544; 80.3521743443; 87.0913044473; 0 
2017-12-18 18:46:22 ; 28.2170212522; 28.0404256861; 28.0148936738; 27.9170210006; 27.8319145365; 27.8702123114; 27.8340421636; 27.821276198; 27.6340430645; 85.4808510314; 85.0617023225; 79.7787233718; 77.7787241834; 76.5; 78.6425524772; 84.9510637649; 77.1000004221; 83.6936171511; 0
2017-12-18 18:51:23 ; 27.9354166587; 27.8270833492; 27.7770833572; 27.7250000238; 27.6666669846; 27.7458334764; 27.7291669448; 27.7354169289; 27.5562502146; 89.4499999682; 89.4145832062; 84.4270836512; 82.1062502861; 80.3333330154; 82.7354165713; 88.9416662852; 80.839583079; 87.7750000954; 0 
2017-12-18 18:56:31 ; 28.0937497616; 27.9791669846; 27.9437502623; 27.8562500079; 27.7874998252; 27.8416665395; 27.8208331664; 27.8062497377; 27.6125004292; 87.5916665395; 87.3333336512; 82.7166666985; 80.6937500636; 79.1750001907; 81.2833333015; 87.1020833651; 79.3479166031; 85.8562502861; 0 
2017-12-18 19:01:32 ; 28.1416665316; 27.9791666667; 27.9395833413; 27.85833323; 27.7812498411; 27.8291664521; 27.7937499285; 27.7895832062; 27.6000003815; 86.3874998093; 86.0854169528; 80.6145833333; 78.4895828565; 77.0645839373; 79.3520830472; 85.8249999682; 78.0291668574; 84.7020832698; 0 
2017-12-18 19:06:43 ; 28.0088885837; 27.902221934; 27.8755554623; 27.8155555725; 27.7622224172; 27.8333329095; 27.7822221968; 27.79111095; 27.6200004578; 89.5488886515; 89.4377773709; 84.6177780151; 82.2733337402; 80.5644443088; 82.7333331638; 88.9955551147; 80.7933336046; 87.5666664971; 0 
2017-12-18 19:11:46 ; 28.2431815321; 28.0818184939; 28.0500001907; 27.9636362249; 27.8772723025; 27.9295451858; 27.881817731; 27.8727267872; 27.6727279316; 85.9204543721; 85.4795454199; 80.6750002774; 78.6250001734; 77.1363638098; 79.2204543027; 85.186363567; 77.5113639832; 84.0522722764; 0 
2017-12-18 19:16:49 ; 28.0191488469; 27.8893616453; 27.8574468329; 27.7893617102; 27.7489361459; 27.8191486521; 27.7957444292; 27.8042548565; 27.6127663876; 88.3893617671; 88.1723405554; 82.880851421; 80.4957449081; 78.8659577065; 81.2170212117; 87.6021275622; 79.697872243; 86.578723177; 0 
2017-12-18 19:21:54 ; 28.0468081616; 27.9382981645; 27.9148939823; 27.8361703183; 27.7787233718; 27.8702127984; 27.8319147394; 27.8255317769; 27.6425537353; 88.3234040281; 88.0978726326; 83.4978728599; 81.1617024198; 79.4574472955; 81.5276594771; 87.4617025497; 79.6042558386; 86.1914896864; 0 
2017-12-18 19:26:57 ; 28.1795454892; 28.0068182078; 27.9727271687; 27.89545432; 27.820454294; 27.8659086661; 27.8340904929; 27.818181428; 27.6340914206; 85.4090907357; 84.9659094377; 79.5386364677; 77.4659090909; 76.1431815407; 78.306817835; 84.5499997572; 77.0113639832; 83.4568179737; 0
2017-12-18 19:32:07 ; 27.9478261782; 27.8521738882; 27.8260869565; 27.7543478427; 27.6978262611; 27.778260853; 27.7478262031; 27.7543478841; 27.5869568535; 89.7630434451; 89.7456522403; 84.7956523066; 82.4086957185; 80.6956518422; 82.9478262196; 89.2043475275; 80.9978261201; 87.7108694989; 0 
2017-12-18 19:37:05 ; 28.1409086314; 28.0159091949; 27.97954568; 27.9136363376; 27.8386361382; 27.8977268826; 27.8590905016; 27.8613631509; 27.6636369879; 87.2386361902; 86.9068178697; 82.2295455933; 80.0613640872; 78.5022730394; 80.5818186673; 86.4522722418; 78.8409090909; 85.3977272727; 0 
2017-12-18 19:42:14 ; 28.1652172752; 27.9978260787; 27.9695651842; 27.8956520246; 27.8195649852; 27.8826082478; 27.8347821858; 27.8260865419; 27.6391309655; 86.2326084635; 85.9195652837; 80.4478262196; 78.2608697311; 76.8456522071; 79.167391238; 85.5108692335; 77.7999999005; 84.4130431465; 0
2017-12-18 19:47:21 ; 27.9822219425; 27.8799998389; 27.8422222137; 27.7733334012; 27.7244446225; 27.7977776845; 27.7844443851; 27.7866664463; 27.6088893043; 89.8422220866; 89.8000003391; 85.0199996948; 82.6844445123; 80.8511111789; 83.0866660224; 89.1311104669; 80.9222217136; 87.6444442749; 0 
2017-12-18 19:52:19 ; 28.1488888635; 28.0133335114; 27.9733334435; 27.89111095; 27.8133329603; 27.8622219086; 27.8355551402; 27.8022217645; 27.5933336894; 86.5644444784; 86.2444442749; 81.4822228326; 79.331111145; 77.9355556912; 79.9711110433; 85.8311114841; 78.1688885159; 84.5400000678; 0 
2017-12-18 19:57:25 ; 28.0541666349; 27.9062500795; 27.8666667144; 27.7833332618; 27.7270832856; 27.7833333413; 27.7604167461; 27.7479167382; 27.5458335082; 87.1687496503; 86.9520831108; 81.5354172389; 79.2812496821; 77.7520836194; 80.09375; 86.4916667938; 78.5999997457; 85.2562494278; 0 
2017-12-18 20:02:32 ; 28.002040357; 27.8836735317; 27.8530614425; 27.7693879653; 27.7183675571; 27.7816328321; 27.7714287894; 27.7693879653; 27.5632655475; 89.5673471568; 89.5244897336; 84.9285709615; 82.6714293811; 80.9020405983; 83.0836737497; 89.1632651504; 80.9346936284; 87.7040817884; 0 
2017-12-18 20:07:35 ; 28.2466664208; 28.0577779982; 28.0288889991; 27.9355553097; 27.8466662513; 27.8822217729; 27.8399996016; 27.8288883633; 27.6155559964; 84.9799999661; 84.4777781169; 79.1711115519; 77.1311118232; 75.8466668023; 78.0955557929; 84.2733332316; 76.8288889567; 83.5155553182; 0
2017-12-18 20:12:38 ; 27.8976744718; 27.8046513047; 27.7651164476; 27.7186049084; 27.6651164654; 27.7279073139; 27.7046514112; 27.7279073582; 27.5418606248; 90.1790691642; 90.1209298067; 85.2767445764; 82.9046510208; 81.1581394284; 83.4418601103; 89.4255812889; 81.1883720575; 88.0418605361; 0 
2017-12-18 20:17:45 ; 28.1239135162; 27.9956521573; 27.9413041654; 27.8630430802; 27.7673909146; 27.8391299455; 27.7782604798; 27.7652171591; 27.5804350894; 86.0108698969; 85.5934779955; 80.6826090605; 78.5586955858; 77.2478257884; 79.3913040161; 85.2608695652; 77.5978259211; 84.1630433124; 0 
2017-12-18 20:22:48 ; 28.0249999762; 27.8770835002; 27.8500001033; 27.7583333651; 27.7020833492; 27.7729167541; 27.7354168097; 27.7312502066; 27.5312501192; 88.347916762; 88.254166921; 82.9250000318; 80.5999997457; 79.0166668892; 81.4541667302; 87.870833238; 79.8520830472; 86.8333338102; 0 
2017-12-18 20:27:51 ; 28.0382978155; 27.9425536217; 27.8936173459; 27.8361703183; 27.7659574062; 27.8425532808; 27.8212765227; 27.8148935602; 27.6191493907; 88.3170216337; 88.1659576741; 83.5212764334; 81.3404252073; 79.7744684422; 81.836169953; 87.6595741434; 79.6404251748; 86.3489360404; 0 
2017-12-18 20:32:59 ; 28.1106384359; 27.9617021439; 27.9297872097; 27.8297871123; 27.7595742814; 27.8276593229; 27.7829785448; 27.7659572439; 27.5680853661; 86.0446806563; 85.6617016082; 80.236170505; 78.257446776; 76.8361702777; 79.0148930651; 85.1638298846; 77.3489362027; 83.8127655679; 0
2017-12-18 20:38:03 ; 27.8978261948; 27.7826087786; 27.7434782775; 27.6826087703; 27.615217665; 27.6956522983; 27.6847829404; 27.7130439178; 27.5108696067; 89.4652170928; 89.3869564222; 84.5239128445; 82.2304349153; 80.4456520081; 82.8391300699; 88.8326085961; 80.7543480915; 87.517391039; 0 
2017-12-18 20:43:08 ; 27.9760872385; 27.8804351143; 27.8304349651; 27.7608695652; 27.6717388319; 27.7586956024; 27.7239129025; 27.7499999585; 27.5478262694; 88.5956518754; 88.4565215733; 83.8782607369; 81.7304350812; 80.0413047127; 82.3869560905; 88.0804348821; 79.9695651842; 86.4608691672; 0 
2017-12-18 20:48:13 ; 28.1458333731; 27.9874999921; 27.9479165475; 27.8604164521; 27.76458323; 27.8229164282; 27.7979164521; 27.7979162931; 27.5625002384; 86.5270829201; 86.3354171117; 81.0145837466; 78.9791663488; 77.6312499046; 79.8895834287; 86.1104167302; 77.8583334287; 84.2833329837; 0
2017-12-18 20:53:20 ; 27.9437500636; 27.8125001589; 27.7604167859; 27.6708333492; 27.5979165634; 27.6583333413; 27.6791668336; 27.7083334923; 27.5687502623; 89.0249999364; 88.9999996821; 84.1125003497; 81.9145833651; 80.2354165713; 82.7291666667; 88.7041660945; 80.6229171753; 87.1979169846; 0
2017-12-18 20:58:25 ; 28.1651163767; 28.0279070832; 27.9674417363; 27.8511627109; 27.7674419492; 27.8488369432; 27.8651157645; 27.8976740283; 27.748837227; 89.1837211431; 89.2465110601; 84.5395344579; 82.4232555656; 80.8418602167; 83.1139542336; 88.9953487308; 80.7116280489; 87.0511630746; 0
2017-12-18 21:03:27 ; 28.2361699368; 28.0893620024; 28.0382980184; 27.9297874126; 27.8489361621; 27.904255238; 27.9234039631; 27.94468064; 27.7936165586; 87.9148939417; 87.8000001299; 83.1595744681; 81.1212766931; 79.5978726326; 81.8936168589; 87.5170211792; 79.578723177; 85.6829793402; 0
2017-12-18 21:08:31 ; 28.2909089435; 28.1136367538; 28.0681820783; 27.94772716; 27.8522725105; 27.9136360342; 27.9136360342; 27.9386361296; 27.7659088482; 86.7113635323; 86.6840910478; 81.3999999653; 79.5249992717; 78.138636329; 80.4386360862; 86.5522736636; 78.2545453852; 84.4068180431; 0
2017-12-18 21:13:34 ; 28.1708331903; 28.0250000954; 27.9541664918; 27.8354167938; 27.7541667223; 27.8270833095; 27.8520830075; 27.8895829121; 27.7666664521; 88.1562498411; 88.1354165077; 83.1395831108; 81.1062498093; 79.5354162852; 82.0020833015; 87.8770831426; 79.8520833651; 86.2291666667; 0
2017-12-18 21:18:42 ; 28.1500000954; 28.0291666985; 27.9708332221; 27.8749998411; 27.7937500477; 27.8770828644; 27.8833328883; 27.9166663488; 27.7604166269; 89.5708328883; 89.6020833651; 84.8124998411; 82.7354164124; 81.0333333015; 83.308333238; 89.1104164124; 80.8854163488; 87.0729169846; 0
2017-12-18 21:23:46 ; 28.1511107551; 28.0288889991; 27.9977777693; 27.9155556573; 27.839999983; 27.9088885413; 27.911110772; 27.911110772; 27.7355553521; 88.4088890923; 88.2844446818; 83.6466671414; 81.5133331299; 79.7266667684; 82.0133332994; 87.7844446818; 79.7444444444; 86.1177776761; 0
2017-12-18 21:28:51 ; 27.8177778032; 27.7244444105; 27.673333274; 27.6222222222; 27.5422222137; 27.6266666412; 27.6377778795; 27.6466668447; 27.3911106957; 89.8977781508; 89.8888890584; 85.4111112807; 83.1622221205; 81.3888885498; 83.6533331977; 89.4399995592; 81.1911114163; 87.891110399; 0
2017-12-18 21:33:58 ; 28.1244441562; 27.9933333079; 27.9288890415; 27.8222220951; 27.7311109755; 27.7733333164; 27.7155556149; 27.7200001611; 27.4288886176; 88.4844446818; 88.4288884481; 83.9444444444; 82.0066667345; 80.344444614; 82.7488889906; 88.5422224257; 80.5955557929; 87.3666668362; 0
2017-12-18 21:39:00 ; 28.1673469543; 28.0081632964; 27.9571427715; 27.8489793271; 27.755101924; 27.814285434; 27.7448978813; 27.7244901073; 27.4306119802; 86.7755100484; 86.5387753856; 81.2326529367; 79.2204083812; 77.8040816638; 80.2428567069; 86.6448977723; 78.5081631407; 85.3285718645; 0
2017-12-18 21:44:07 ; 27.8760870643; 27.7673913292; 27.7260870312; 27.6565218386; 27.573913284; 27.6326091186; 27.6173917522; 27.5956525388; 27.3217384504; 89.5826090937; 89.5000003317; 84.7413044805; 82.4978264518; 80.7391304348; 83.2608700628; 89.1739132093; 81.2304342519; 87.7847829072; 0
2017-12-18 21:49:16 ; 27.8695655076; 27.7695653335; 27.7108694989; 27.6326084137; 27.5521738218; 27.599999718; 27.5586958761; 27.53260882; 27.2826088615; 89.1456522734; 89.0260867243; 84.4826086293; 82.4239132093; 80.9065213411; 83.3978266509; 89.1391309655; 81.2543475939; 87.7021743111; 0
2017-12-18 21:54:18 ; 27.9717392714; 27.8456519583; 27.7826084469; 27.6891304099; 27.584783015; 27.6152177064; 27.5760872468; 27.5391305841; 27.2804343597; 86.5195652506; 86.319565151; 81.1608695984; 79.2195651842; 78.0130439427; 80.2760868902; 86.7065212416; 78.3021737804; 85.6152177894; 0
2017-12-18 21:59:19 ; 27.3270831505; 27.2374999523; 27.1645832062; 27.1229164998; 27.058333079; 27.1479166746; 27.1541667382; 27.1937501431; 26.9437497854; 90.8750003179; 90.9562498728; 86.6249996821; 84.4145835241; 82.379166762; 84.9270834923; 90.4187498093; 82.3354166349; 88.9166668256; 0
2017-12-18 22:04:26 ; 27.9326087703; 27.7956522237; 27.728260911; 27.6586958429; 27.5695654828; 27.6369570442; 27.6217395948; 27.6413048869; 27.3108689681; 90.2391302689; 90.4086953868; 86.0326085298; 83.7326082976; 81.8195648193; 84.3217391968; 89.9086958844; 81.7978256889; 88.7869562895; 0
2017-12-18 22:09:27 ; 27.9800003052; 27.877777693; 27.8222219679; 27.7599996355; 27.6666670481; 27.7266664717; 27.6711117638; 27.6688895331; 27.3799995422; 87.7044442071; 87.5200002035; 82.9555552165; 80.7022223579; 79.0199995253; 81.2866672092; 86.9866663615; 79.037778049; 85.6666671753; 0 
2017-12-18 22:14:35 ; 27.7999999126; 27.6666666269; 27.6333334049; 27.5812503099; 27.5020833413; 27.5583335559; 27.5479168495; 27.5125000477; 27.2916660309; 87.4208332698; 87.0645834605; 81.6875001589; 79.3437496821; 77.7000001272; 80.1812497775; 86.4937502543; 78.5312496821; 85.1458334923; 0 
2017-12-18 22:19:39 ; 27.6266666412; 27.5599998474; 27.5133330027; 27.4711110009; 27.411110772; 27.4844443851; 27.4688887702; 27.4511109246; 27.2244447496; 89.7977778117; 89.6844440036; 84.9711108738; 82.6444441054; 80.6533338759; 83.0066663954; 88.8955554538; 80.5822221544; 87.3177780151; 0 
2017-12-18 22:24:43 ; 27.733333079; 27.6377776252; 27.5755555471; 27.5377779219; 27.4466664632; 27.5044444614; 27.5044444614; 27.4666665395; 27.2177779728; 88.4400000678; 88.2777776082; 83.6866667006; 81.4555558946; 79.6355560303; 82.0177778456; 87.7555557251; 79.6600001017; 86.1422220866; 0 
2017-12-18 22:29:47 ; 27.804444419; 27.6622222053; 27.6266667684; 27.5622224596; 27.4622220781; 27.5133333842; 27.4955555386; 27.4688887702; 27.215555954; 87.3911110772; 87.1466659546; 82.0244445801; 79.7977778117; 78.2711108738; 80.5044443766; 86.6088882446; 78.4200005425; 84.9777777778; 0 
2017-12-18 22:34:53 ; 27.7124998569; 27.5937498808; 27.5562499762; 27.5062500238; 27.4291663965; 27.4812499285; 27.4624998569; 27.4458331267; 27.2187504371; 87.933333238; 87.6624995867; 82.5; 80.1041663488; 78.4395831426; 80.9604167938; 87.1645832062; 79.1104167302; 85.6625002225; 0
2017-12-18 22:39:56 ; 26.8361702777; 26.948936016; 26.9127659493; 26.8723406284; 26.8127660143; 26.8808510963; 26.9063828651; 26.951063846; 26.8212765633; 87.6319148287; 86.5212762711; 81.9829789831; 79.8021274323; 78.3170209844; 80.3319146988; 85.4361702128; 76.817021796; 82.3106382654; 0 
2017-12-18 22:45:05 ; 27.6166666746; 27.3770832618; 27.2729165554; 27.0895833969; 26.9020831585; 26.88958323; 26.8937498728; 27.0270833572; 26.9312500159; 87.8437506358; 88.0479165713; 83.2395831744; 81.3416665395; 80.0520834923; 82.8208332062; 88.7583332062; 79.8479166031; 85.4604164759; 0 
2017-12-18 22:50:07 ; 28.2043476519; 28.0173912048; 27.8934784765; 27.7260869068; 27.515217325; 27.506521764; 27.53260882; 27.6434783521; 27.4891303933; 87.6673907404; 87.5869566876; 82.776087056; 80.8978258216; 79.6543476271; 82.3630435778; 88.2195651842; 79.6673914039; 85.2326086293; 0
2017-12-18 22:55:15 ; 28.0936168508; 27.9808509908; 27.9106380787; 27.7638297385; 27.6085108899; 27.6212768961; 27.6319153968; 27.7063835225; 27.5148936738; 87.9382976775; 87.5680852038; 82.7000001948; 80.6702126036; 79.276595907; 81.9234049371; 87.7255320448; 79.612766347; 85.2106378434; 0
2017-12-18 23:00:19 ; 27.9755101496; 27.8857142001; 27.8224490419; 27.7000001401; 27.5673471568; 27.5653063326; 27.5632655475; 27.6183677595; 27.4551018695; 88.8020407229; 88.5081628293; 83.6142858388; 81.4285715843; 79.942857392; 82.6224491353; 88.4755104221; 80.2040816327; 85.8673474059; 0 
2017-12-18 23:05:23 ; 27.8933334774; 27.8111112807; 27.7466668023; 27.6333333757; 27.4911110772; 27.5022222307; 27.477777693; 27.5111111535; 27.366666158; 88.8044442071; 88.4622221205; 83.5288891262; 81.4333331638; 79.9911109077; 82.6111109416; 88.4511113485; 80.0644448174; 85.720000373; 0 
2017-12-18 23:10:26 ; 27.88936197; 27.7829788695; 27.7191488794; 27.5999999757; 27.4617019816; 27.4702126523; 27.4510636431; 27.4574466462; 27.3212760763; 88.3127657302; 88.0085103461; 83.1765958096; 81.0659574143; 79.6042551893; 82.1425532889; 88.0085108331; 79.6787237614; 85.1319143417; 0 
2017-12-18 23:15:34 ; 27.8978726813; 27.7914893374; 27.7212764659; 27.6021277651; 27.4553189785; 27.4595743139; 27.4276592985; 27.4531913108; 27.2872337179; 88.2851067401; 88.0553189541; 83.3234041904; 81.2148937469; 79.7914894591; 82.3723407502; 88.1063829787; 79.9319151209; 85.597872308; 0 
2017-12-18 23:20:36 ; 27.9869567622; 27.8565217308; 27.7934782194; 27.6630435612; 27.5086956853; 27.4978260787; 27.4717390226; 27.4652172586; 27.3217384504; 87.4500002654; 87.1565216728; 82.3456520412; 80.2826085298; 78.9782610354; 81.5065221372; 87.3391304016; 79.2347830068; 84.641304182; 0 
2017-12-18 23:25:40 ; 27.9934784018; 27.8608694491; 27.7999999005; 27.6695653252; 27.5021739213; 27.5021739213; 27.4608694159; 27.4630433373; 27.3086950468; 87.3282608364; 87.0543478261; 82.05869542; 80.0652175572; 78.7304350812; 81.334782476; 87.2847824097; 79.0565218718; 84.5391298377; 0 
2017-12-18 23:30:50 ; 27.9240002441; 27.7920000458; 27.7279999542; 27.61; 27.461999855; 27.461999855; 27.4319997406; 27.4439997864; 27.3019995117; 87.1860003662; 86.8599998474; 81.723999939; 79.6359999084; 78.3439997864; 80.94; 87.1459997559; 79.0300003052; 84.6160002136; 0 
2017-12-18 23:35:55 ; 27.8565218967; 27.7543478841; 27.6913042898; 27.5739131596; 27.4499998093; 27.4499998093; 27.4152170679; 27.4326084386; 27.2739127201; 88.647826485; 88.4499997678; 83.6108698638; 81.4478262196; 79.9586951214; 82.7021738135; 88.5347824097; 80.4130436441; 86.2130432129; 0 
2017-12-18 23:40:57 ; 27.8630436192; 27.4413044971; 27.6934783355; 27.5804346748; 27.4434780453; 27.4326084386; 27.3913039332; 27.4173909892; 27.258695561; 88.8978259874; 88.4391305343; 83.932608563; 81.7913045469; 80.3826084966; 83.0239126786; 88.7956521407; 80.5217387987; 86.1000004644; 0 
2017-12-18 23:46:04 ; 27.8680853336; 27.7702128634; 27.7021275378; 27.5829787559; 27.44468064; 27.4340423016; 27.410637957; 27.44468064; 27.2617019897; 88.4936166317; 88.3361702777; 83.6063833034; 81.5595743707; 80.1148934872; 82.7212769529; 88.5234043852; 80.2468084782; 85.9234044501; 0 
2017-12-18 23:51:10 ; 27.961702428; 27.8425531184; 27.7808509583; 27.6446808754; 27.4829786585; 27.4829786585; 27.4468083077; 27.4553189785; 27.2914887692; 87.5234040605; 87.3042555464; 82.6340427805; 80.5872340101; 79.1936171511; 81.8829788857; 87.5872341724; 79.5212765957; 84.9531915543; 0 
2017-12-18 23:56:11 ; 28.0063831654; 27.8595744194; 27.7914892562; 27.6638298846; 27.5127660061; 27.5042553354; 27.4638296493; 27.4787233231; 27.3234036222; 87.0574464189; 86.757446776; 81.8297873964; 79.8468080886; 78.5510641869; 81.144680916; 86.993616794; 78.7170215363; 84.3042547348; 0 
