2017-12-14 00:04:59 ; 29.171428914; 29.0489797787; 29.0326531858; 28.8734689051; 28.7346941111; 28.7367348963; 28.7428572518; 28.7571427482; 28.6000003815; 78.9714288517; 80.0693879419; 72.8857143169; 72.3734692943; 72.0693880976; 73.2387757593; 79.028571304; 70.6938778624; 76.0122443997; 0 
2017-12-14 00:10:02 ; 29.2125002543; 29.0770836274; 29.0458335082; 28.9124996662; 28.7562499046; 28.7562499046; 28.7791662216; 28.7979159355; 28.6166671117; 77.8437496821; 78.8958333333; 71.8229169846; 71.4812499682; 71.1666669846; 72.15625; 77.7479170163; 69.7687498728; 75.0166662534; 0 
2017-12-14 00:15:07 ; 29.2125002146; 29.066666921; 29.0437501669; 28.9124996662; 28.7395834923; 28.7458333969; 28.7583332062; 28.7708330154; 28.6104170879; 76.6770831744; 77.7500001589; 70.7729169528; 70.5187498728; 70.2770833969; 71.183333238; 76.722916762; 68.9875000318; 74.3062497775; 0
2017-12-14 00:20:10 ; 29.1791672707; 29.0416668256; 29.0166667302; 28.8979162772; 28.7312502861; 28.7375001907; 28.7604165077; 28.7749996185; 28.6000003815; 79.1187497775; 80.2354162534; 72.9812499682; 72.464583238; 72.1166664759; 73.2645827929; 79.0750001272; 70.8083337148; 76.2749994596; 0 
2017-12-14 00:25:17 ; 29.2420001221; 29.0840003204; 29.0500001907; 28.9379997635; 28.7659997559; 28.7839994812; 28.7999992371; 28.7999992371; 28.6300004959; 78.6960002136; 79.7400001526; 72.5659999084; 72.1140000916; 71.8040000916; 72.8579998779; 78.5639993286; 70.4259999084; 75.8880001831; 0 
2017-12-14 00:30:19 ; 29.2326087122; 29.0934786175; 29.0717394041; 28.9434780453; 28.7826081981; 28.7891298377; 28.7913037176; 28.7978253987; 28.6195656735; 77.5000003317; 78.5500003981; 71.5478258548; 71.1869566544; 70.9565214074; 71.9021740789; 77.4956522403; 69.5478265182; 74.8782612344; 0 
2017-12-14 00:35:21 ; 29.1595749956; 29.0382980184; 29.0085106708; 28.8744676062; 28.7297875425; 28.7191494069; 28.7276599154; 28.740425678; 28.5829790399; 77.6276594121; 78.6893615723; 71.5808506418; 71.2148930976; 70.9319149585; 71.9680841324; 77.591489102; 69.6957442913; 75.0723407827; 0 
2017-12-14 00:40:29 ; 29.157447125; 29.0319150154; 29.0127660061; 28.8638292678; 28.7255322882; 28.7255322882; 28.7255322882; 28.7340427967; 28.55531936; 79.1893618969; 80.2446808511; 72.9978722106; 72.4468080237; 72.1382978723; 73.2489362676; 79.0297871042; 70.7851060908; 76.1957444536; 0 
2017-12-14 00:45:32 ; 29.1787238425; 29.061702363; 29.0340426831; 28.8893612801; 28.740425678; 28.740425678; 28.7489361864; 28.759574322; 28.5957450461; 78.4574469708; 79.512765925; 72.3680851713; 71.9127658276; 71.6127660224; 72.6851059934; 78.3957444861; 70.2829787883; 75.6531912621; 0 
2017-12-14 00:50:41 ; 29.2224492054; 29.073469668; 29.0428573063; 28.9061220909; 28.755101963; 28.7530611778; 28.7632651037; 28.7734690296; 28.5959187332; 76.9408162954; 78.0; 71.0265306745; 70.7346940333; 70.4877549775; 71.4326528432; 77.0142859634; 69.1836733137; 74.4448981772; 0 
2017-12-14 00:55:41 ; 29.1666672627; 29.0395834843; 29.0041666826; 28.8791662057; 28.7291669846; 28.7229170799; 28.7291669846; 28.7520833015; 28.5979170402; 78.2458333969; 79.2958334287; 72.1666665077; 71.7354167302; 71.4479168256; 72.518749396; 78.1958328883; 70.1749997139; 75.6666661898; 0 
2017-12-14 01:00:45 ; 29.18695653; 29.0521741121; 29.0304348987; 28.8804343265; 28.7456522403; 28.7456522403; 28.7521738799; 28.7565216396; 28.5978264601; 79.0913044473; 80.1673919014; 73.0217389646; 72.4499999337; 72.1500000332; 73.3152175572; 79.1326084966; 70.7826085298; 76.3108692998; 0 
2017-12-14 01:05:53 ; 29.2617020708; 29.1085110522; 29.0638300307; 28.9468083077; 28.7765953389; 28.7723400846; 28.7808506337; 28.79999944; 28.6382983999; 76.6765951603; 77.7340427155; 70.8127658925; 70.578723664; 70.3531916192; 71.2510637324; 76.821276401; 69.0361701478; 74.4042553191; 0 
2017-12-14 01:11:02 ; 29.20000068; 29.0500001907; 29.0152174494; 28.9065213825; 28.7391306006; 28.7521738799; 28.7782604383; 28.7956514773; 28.6021743028; 78.5673916029; 79.626086857; 72.4760873214; 72.056521706; 71.7130435446; 72.8434784931; 78.5652180547; 70.4739132757; 76.0195650847; 0 
2017-12-14 01:16:07 ; 29.1895833015; 29.052083532; 29.0229167541; 28.895832936; 28.7458333969; 28.7520833015; 28.7562499046; 28.7583332062; 28.5937503576; 78.6875; 79.7374998728; 72.5916666985; 72.0958334605; 71.8083335559; 72.9020829201; 78.5416669846; 70.418750604; 75.9854164124; 0 
2017-12-14 01:21:13 ; 29.2145836353; 29.0687502623; 29.0354168018; 28.9020829598; 28.7437500954; 28.7479166985; 28.7562499046; 28.7624998093; 28.5750002861; 77.3145833015; 78.3499999046; 71.3708333969; 71.0145837466; 70.8208333651; 71.7479165395; 77.3270834287; 69.4395829837; 74.9270831744; 0 
2017-12-14 01:26:19 ; 29.1625006199; 29.0375001431; 28.9979166587; 28.8604161342; 28.7166671753; 28.7083339691; 28.7229170799; 28.7208337784; 28.5729169448; 77.7583332062; 78.8166666031; 71.754166762; 71.3645831744; 71.0687499046; 72.116666158; 77.7437499364; 69.8687500954; 75.3604165713; 0 
2017-12-14 01:31:26 ; 29.1382983593; 29.0212766769; 28.9638296493; 28.8340419201; 28.7106388173; 28.7148941527; 28.7170217798; 28.7170217798; 28.5255320123; 79.3617016407; 80.4723405229; 73.2191493258; 72.6085106058; 72.3063828489; 73.5510640246; 79.3340428129; 71.0702126686; 76.6595746304; 0 
2017-12-14 01:36:26 ; 29.176596256; 29.0574470277; 28.9957446646; 28.8765952739; 28.7319151696; 28.7191494069; 28.7255322882; 28.7319151696; 28.5638300307; 78.2999996429; 79.4106382005; 72.3148938443; 71.8574468734; 71.5531919763; 72.6446807537; 78.3617021277; 70.2361703426; 75.782978626; 0 
2017-12-14 01:41:31 ; 29.2127662009; 29.0659576984; 29.0319150154; 28.8893612801; 28.7446809322; 28.7425533051; 28.7489361864; 28.7638295762; 28.5829790399; 77.355319084; 78.3808512586; 71.4042556438; 71.059574533; 70.8106382654; 71.7702128634; 77.3851058635; 69.4978725352; 74.7638301444; 0 
2017-12-14 01:46:33 ; 29.1510643655; 29.02765968; 28.9787233231; 28.8531909293; 28.7127665256; 28.7063836443; 28.7148941527; 28.7361704238; 28.5765960369; 77.7574466137; 78.8042557087; 71.7595745655; 71.3297873964; 71.0382974503; 72.0893614749; 77.6999998701; 69.7553189866; 75.131914504; 0
2017-12-14 01:51:41 ; 29.1638303716; 29.0468086892; 29.0021276677; 28.8765952739; 28.7276599154; 28.7148941527; 28.7319151696; 28.7489361864; 28.589362043; 78.8659570572; 79.9106385251; 72.7872343672; 72.2234042553; 71.8851061882; 73.0276594771; 78.7829789507; 70.5446809809; 75.9042553191; 0 
2017-12-14 01:56:42 ; 29.1530616527; 29.0285715376; 29.0142857688; 28.8755097292; 28.7224494; 28.7224494; 28.7265309704; 28.7265309704; 28.555102251; 78.8918369838; 79.9122449914; 72.7673469076; 72.2489793739; 71.9142857766; 73.0265303631; 78.7163264995; 70.5469393049; 75.7877556937; 0 
2017-12-14 02:01:48 ; 29.1395838658; 29.0354168018; 28.9583331744; 28.843749404; 28.7000006437; 28.7000007629; 28.7125005722; 28.7229170799; 28.5500001907; 78.3395833969; 79.3937498728; 72.2666668892; 71.8062504133; 71.4895831744; 72.5458327929; 78.2729169528; 70.1770838102; 75.347916762; 0 
2017-12-14 02:06:53 ; 29.1326092015; 29.0152174494; 28.9478258879; 28.8326080571; 28.6760876282; 28.6847833136; 28.6978268001; 28.7065224026; 28.53260882; 78.6760870892; 79.7043476934; 72.6217387656; 72.0608699633; 71.7369570525; 72.8086959175; 78.4913039829; 70.2630432792; 75.3195654828; 0 
2017-12-14 02:11:58 ; 29.1458338896; 29.0333334605; 28.9541664918; 28.8395827611; 28.6833340327; 28.6812506517; 28.7000007629; 28.7145838737; 28.5500001907; 78.6041665077; 79.683333238; 72.6020833651; 72.0833333333; 71.7729166349; 72.8270832698; 78.4604169528; 70.2708336512; 75.495833238; 0 
2017-12-14 02:17:06 ; 29.1608701789; 29.0369566627; 28.973912944; 28.8521733491; 28.6956528373; 28.6978268416; 28.7021746428; 28.7239134415; 28.5434784267; 78.332608762; 79.4108695984; 72.3413047791; 71.8804347826; 71.6043478924; 72.6500000332; 78.2717389646; 70.167391238; 75.4456523398; 0 
2017-12-14 02:22:09 ; 29.1533339183; 29.0311112298; 28.9666665395; 28.8511105431; 28.6911117978; 28.7000007629; 28.7000007629; 28.7111117045; 28.5244445377; 78.4133336385; 79.4933339437; 72.3933332655; 71.8911114163; 71.6022223579; 72.63777771; 78.3066662259; 70.2000005086; 75.3977776421; 0 
2017-12-14 02:27:14 ; 29.1604657284; 29.034883854; 28.9720929168; 28.8465110424; 28.6976751283; 28.6883728116; 28.7000007629; 28.7069774007; 28.534883854; 77.6465116989; 78.7093023256; 71.7046510563; 71.3418605716; 71.0511628972; 72.0488364641; 77.5883723414; 69.6279064445; 74.8581399252; 0 
2017-12-14 02:32:14 ; 29.1562504768; 29.0312501192; 28.9729165634; 28.8458327452; 28.6979173819; 28.6875007153; 28.7020840645; 28.7145838737; 28.5270834366; 77.754166762; 78.8479159673; 71.8041667938; 71.4062498411; 71.152083238; 72.1937502225; 77.7729166349; 69.8041667938; 75.0229166349; 0
2017-12-14 02:37:22 ; 29.1454551003; 29.0250000954; 28.9704544327; 28.8454539559; 28.6909098192; 28.7000007629; 28.7000007629; 28.7113642259; 28.5431819829; 78.7340911518; 79.7681813674; 72.6545450037; 72.1431817141; 71.8318181471; 73.0113632896; 78.6749999306; 70.495454268; 75.7613639832; 0
2017-12-14 02:42:26 ; 29.1586962575; 29.0347827414; 28.9978260787; 28.8586951131; 28.6978268001; 28.7000007629; 28.7108701623; 28.7239134415; 28.5717394041; 78.7260864921; 79.8152170596; 72.7195655159; 72.2282612013; 71.9021740789; 73.0130432792; 78.7413036512; 70.5434782609; 75.8608700296; 0 
2017-12-14 02:47:30 ; 29.1687503258; 29.0416668256; 29.0208334128; 28.8562494516; 28.7187503974; 28.7208337784; 28.7312502861; 28.7437500954; 28.5541668733; 78.8583334287; 79.9541670481; 72.8458334605; 72.2958334287; 72.0333331426; 73.191666762; 78.9083329837; 70.5749999682; 75.9395839373; 0 
2017-12-14 02:52:32 ; 29.1574474091; 29.0446810215; 28.9787233231; 28.8680846032; 28.7106387767; 28.70212839; 28.7063836443; 28.7234046611; 28.5382980184; 78.6829788533; 79.7723404905; 72.6617027445; 72.144680916; 71.8723397762; 73.0255320123; 78.6936168265; 70.4914894916; 75.7319152507; 0 
2017-12-14 02:57:40 ; 29.168085707; 29.0446810215; 28.9957446646; 28.8659569355; 28.7063836037; 28.7000007629; 28.7000007629; 28.721277034; 28.5340426831; 78.1489360079; 79.1851066427; 72.1553190515; 71.7212767905; 71.4489361377; 72.5042552542; 78.1617024198; 70.0680850415; 75.3063830112; 0 
2017-12-14 03:02:43 ; 29.1765963372; 29.0489363569; 29.0021276677; 28.8723399385; 28.7170216581; 28.7127665256; 28.7319151696; 28.7446809322; 28.5744683692; 77.7148930976; 78.763829982; 71.7702130257; 71.3446804615; 71.0787235017; 72.0829789182; 77.6425531266; 69.7063834008; 74.8957441614; 0 
2017-12-14 03:07:49 ; 29.1625005802; 29.0416668256; 28.9874999523; 28.8541661104; 28.7125005325; 28.704167366; 28.7250003815; 28.7291669846; 28.552083532; 77.4562498728; 78.5208334923; 71.5458337466; 71.1624999046; 70.8874999682; 71.8604162534; 77.4270834923; 69.5770834287; 74.6791667938; 0 
2017-12-14 03:12:52 ; 29.1428576878; 29.0204082411; 28.9755101107; 28.8428565434; 28.700000724; 28.7000007629; 28.7020415481; 28.7102046889; 28.5530614269; 78.1020412834; 79.1775508024; 72.1122450537; 71.6428572986; 71.3448979903; 72.4142856209; 78.0163264372; 70.0387752299; 75.3775516432; 0
2017-12-14 03:17:57 ; 29.1382983999; 29.0170213415; 28.9680849846; 28.8361695878; 28.6957453058; 28.6957454276; 28.6978730547; 28.7085112714; 28.5212766769; 78.8893617671; 79.9638296898; 72.8404253696; 72.3063828489; 72.0106382979; 73.1787234367; 78.8914892318; 70.6234046449; 75.8765955174; 0 
2017-12-14 03:23:04 ; 29.1326092015; 29.019565292; 28.9478258879; 28.8304341358; 28.6782615496; 28.6565223362; 28.6934789989; 28.7000007629; 28.5152174494; 78.6086956522; 79.667391238; 72.5717395285; 72.0913047791; 71.786956953; 72.8652177894; 78.536956953; 70.3217396943; 75.4195656154; 0 
2017-12-14 03:28:12 ; 29.1354171832; 28.985416611; 28.9458331267; 28.8166659673; 28.6479172309; 28.6375005245; 28.6625006199; 28.6979174217; 28.4979166587; 78.4270834923; 79.4395834605; 72.3958331744; 71.9104166031; 71.6437498728; 72.691666921; 78.2833331426; 70.1750008265; 75.1604164441; 0 
2017-12-14 03:33:20 ; 29.133333842; 29.0104167064; 28.9458331267; 28.8249993324; 28.6583339373; 28.6500005722; 28.6750006676; 28.7000007629; 28.5; 78.5583333969; 79.6229168574; 72.5312498411; 72.0708333651; 71.7479168574; 72.8354166349; 78.4874997139; 70.3437501589; 75.3729170163; 0 
2017-12-14 03:38:23 ; 29.1272732128; 28.9909090562; 28.9477270733; 28.8159083887; 28.6431823644; 28.6363641565; 28.6454551003; 28.6772734035; 28.5022727359; 78.7613638098; 79.7409090562; 72.627272866; 72.1568182165; 71.8022727966; 72.9545456279; 78.6727270647; 70.4318183552; 75.5318182165; 0 
2017-12-14 03:43:32 ; 29.1458338896; 29.0166667302; 28.9562498331; 28.8333326976; 28.6750006676; 28.6604172786; 28.6895840565; 28.7000007629; 28.5166667302; 78.4520832698; 79.4979165395; 72.4270836512; 71.9625000954; 71.65625; 72.7937499682; 78.4562501907; 70.2416667938; 75.2083336512; 0
2017-12-14 03:48:33 ; 29.133333842; 29.0104167064; 28.9437497854; 28.8229159911; 28.6604172786; 28.6604172786; 28.6937507391; 28.7000007629; 28.5208334128; 78.6062498093; 79.683333238; 72.5645833015; 72.0812500318; 71.7708333333; 72.8770836194; 78.5124999682; 70.3708337148; 75.3333334923; 0
2017-12-14 03:53:41 ; 29.133333842; 28.9937499762; 28.9437497854; 28.829166015; 28.6583339373; 28.6500005722; 28.6833340327; 28.7000007629; 28.5208334128; 78.6916666031; 79.7625001272; 72.7104172707; 72.1958333651; 71.9104164441; 72.9895828565; 78.5812501907; 70.3333333333; 75.3541665077; 0 
2017-12-14 03:58:43 ; 29.1413048869; 29.019565292; 28.9521737306; 28.8260862931; 28.6695658642; 28.6652180216; 28.7000007629; 28.7173918019; 28.5239131347; 78.621739429; 79.7152172586; 72.6043480583; 72.097826087; 71.8217390309; 72.8695652174; 78.526087056; 70.3586949887; 75.5065219713; 0 
2017-12-14 04:03:50 ; 29.1340430645; 29.0191490092; 28.94468064; 28.8340419201; 28.6617027445; 28.6553197414; 28.6978730952; 28.7042560172; 28.5170213415; 78.4659576416; 79.5851067076; 72.4978718859; 72.0063828813; 71.7042552867; 72.7531916842; 78.4829784961; 70.329787234; 75.3425534837; 0 
2017-12-14 04:08:57 ; 29.1369570442; 29.0217392134; 28.9565215733; 28.8304341358; 28.6869572349; 28.6673919429; 28.7000007629; 28.7043485227; 28.5391305841; 78.5978259211; 79.7326084635; 72.6413046795; 72.0913039498; 71.7978265182; 72.860869532; 78.4804349153; 70.3000003981; 75.4413047459; 0 
2017-12-14 04:13:56 ; 29.1437505484; 29.0166667302; 28.947916468; 28.843749404; 28.6583339373; 28.6583339373; 28.6833340327; 28.7062506676; 28.5437501669; 78.6229165395; 79.7083334923; 72.6416670481; 72.1520833969; 71.8229171435; 72.9104166031; 78.5250002543; 70.3854168256; 75.4895834923; 0 
2017-12-14 04:19:01 ; 29.1395838658; 29.0187500715; 28.9541664918; 28.8333326976; 28.685417374; 28.6479172309; 28.685417374; 28.7000007629; 28.5; 78.6104165713; 79.7062500318; 72.6083334287; 72.1312500636; 71.8437495232; 72.9687503179; 78.6395837466; 70.4291664759; 75.5479165713; 0 
2017-12-14 04:24:05 ; 29.1586962575; 29.0304348987; 28.9630433373; 28.8499994278; 28.6739137069; 28.6717397856; 28.6956529203; 28.7108701623; 28.5304348987; 78.3195653169; 79.4391300367; 72.373913143; 71.8934782277; 71.5804343846; 72.628260571; 78.1913044142; 70.1478259874; 75.3043476602; 0 
2017-12-14 04:29:18 ; 29.1404260676; 29.0106383385; 28.9531913108; 28.8234035817; 28.6680857476; 28.6468090707; 28.6808517537; 28.7000007629; 28.5; 78.5425531915; 79.6106382329; 72.5744684098; 72.0510641869; 71.7744679552; 72.8765958421; 78.487234075; 70.3489360404; 75.4425534187; 0 
2017-12-14 04:34:17 ; 29.1444449955; 29.0244445377; 28.9577776167; 28.8333326976; 28.6577783797; 28.6422227648; 28.6666673024; 28.7022229513; 28.5044444614; 78.3288894653; 79.431111145; 72.3666668362; 71.9266669379; 71.7111111111; 72.7933336046; 78.388889228; 70.2199998644; 75.2266664293; 0 
2017-12-14 04:39:20 ; 29.1224494467; 28.9795917589; 28.944897749; 28.8061218262; 28.6428576878; 28.6346943914; 28.6489801601; 28.6755108736; 28.4938775277; 78.7102047667; 79.7591834555; 72.7306124629; 72.1612243652; 71.9081631096; 73.0857142234; 78.6775512695; 70.4244898582; 75.3959190213; 0 
2017-12-14 04:44:23 ; 29.1212770584; 28.9617019816; 28.9255316308; 28.8021269048; 28.6255323938; 28.6063833845; 28.6106387199; 28.6510644061; 28.4978723323; 78.5851065453; 79.6489363325; 72.5893621242; 72.0702129932; 71.8234040281; 72.953191392; 78.6127656977; 70.4106386875; 75.434042261; 0 
2017-12-14 04:49:30 ; 29.089362043; 28.9531913108; 28.9276592985; 28.7702124981; 28.6212770584; 28.5808513723; 28.6042557169; 28.6425537353; 28.44468064; 78.4787237289; 79.5829785935; 72.5489363975; 72.0148935521; 71.7744681176; 72.9510640895; 78.5234045475; 70.2468086405; 75.1744683448; 0 
2017-12-14 04:54:37 ; 29.0851067076; 28.9595743139; 28.910637957; 28.7702124575; 28.5978727138; 28.5914897107; 28.6021280492; 28.6234047261; 28.4468083077; 78.3723404255; 79.4531912296; 72.4872342373; 72.0085108331; 71.7404252722; 72.9234039631; 78.4787230796; 70.2808511612; 75.3127654055; 0 
2017-12-14 04:59:39 ; 29.1428576878; 29.0081632964; 28.9510202213; 28.8122441817; 28.6530618084; 28.6204086226; 28.646939336; 28.7000007629; 28.5; 78.6163261569; 79.7163266552; 72.679591899; 72.1795914319; 71.8816325908; 73.0040820375; 78.630612276; 70.4408164511; 75.5081628293; 0 
2017-12-14 05:04:45 ; 29.1326535673; 29.0081632964; 28.9367344525; 28.818366693; 28.6408168637; 28.6326535673; 28.6428576878; 28.6959191147; 28.4857142312; 78.330612494; 79.4142854652; 72.4000002803; 71.9346937841; 71.6510204393; 72.7122450848; 78.2693878485; 70.2020405361; 75.2408170116; 0 
2017-12-14 05:09:48 ; 29.104167064; 28.9645831982; 28.9291663965; 28.7749996583; 28.6229171356; 28.6104170879; 28.6229171356; 28.6395838658; 28.4583331744; 78.5874994596; 79.6937497457; 72.6500004133; 72.1458336512; 71.8645833333; 73.0020831426; 78.6270834605; 70.4312499364; 75.445833842; 0 
2017-12-14 05:14:51 ; 29.0863639658; 28.9545452812; 28.920454242; 28.7659088482; 28.6227277409; 28.6000003815; 28.6113640612; 28.6477278363; 28.4636362249; 79.0159097151; 80.0613633936; 73.0159095417; 72.4545452812; 72.1590907357; 73.2818173495; 78.9340910478; 70.6795454892; 75.7159087441; 0 
2017-12-14 05:19:56 ; 29.1361707322; 29.0; 28.9404253047; 28.8042545724; 28.6404260676; 28.6361707322; 28.6914900922; 28.7000007629; 28.5; 78.0893617995; 79.1106379083; 72.1489363325; 71.6851061557; 71.4063829463; 72.3893616047; 77.9255317526; 69.9446803965; 74.848935878; 0
2017-12-14 05:24:58 ; 29.1297877291; 28.9744679877; 28.9319146339; 28.7999993182; 28.6276600615; 28.6127663876; 28.6255323938; 28.6702134153; 28.4787233231; 78.421276823; 79.4234046124; 72.4638298522; 72.0021277894; 71.7148932599; 72.8063828489; 78.3638294301; 70.2617026796; 75.0553194411; 0
2017-12-14 05:30:05 ; 29.1367352155; 29.0020408241; 28.9387752767; 28.8204074782; 28.6346943914; 28.6306127431; 28.6428576878; 28.6959191147; 28.5; 78.4326529989; 79.5020404738; 72.5061223556; 72.0571427637; 71.7612245521; 72.8551019163; 78.4326533103; 70.3061227604; 75.2040817884; 0 
2017-12-14 05:35:11 ; 29.1224494467; 28.9897958794; 28.9346936284; 28.8020400612; 28.6163269744; 28.6061228538; 28.628571919; 28.6959191147; 28.4857142312; 78.5775510827; 79.6428571429; 72.6244899205; 72.1265307057; 71.8387753234; 72.9142857766; 78.4877548218; 70.3224490419; 75.1693873503; 0 
2017-12-14 05:40:14 ; 29.0604168971; 28.9395831029; 28.8999996185; 28.7458333969; 28.5916670163; 28.5958336989; 28.6000003815; 28.6062504053; 28.4312497377; 78.5270833969; 79.5999999046; 72.5937498411; 72.0875000954; 71.8395835559; 73.0395833651; 78.5833334923; 70.3375000954; 75.2249992688; 0 
2017-12-14 05:45:17 ; 29.0638300307; 28.9361699693; 28.8851059447; 28.7489361864; 28.5936173784; 28.5702130338; 28.5936173784; 28.6085110522; 28.4340423016; 78.4212764983; 79.4851061233; 72.4978728599; 72.0319152183; 71.7404255968; 72.8595748252; 78.4638300145; 70.3404256942; 75.1042558386; 0 
2017-12-14 05:50:28 ; 28.9145835241; 28.7999998728; 28.7479164203; 28.6124999126; 28.43958354; 28.4354168574; 28.4312502146; 28.4687502782; 28.3083331982; 77.9583334128; 78.8729167779; 72.0604166985; 71.6833333174; 71.6916666031; 73.1624999046; 78.8208335241; 69.9395836989; 73.9416664441; 0 
2017-12-14 05:55:28 ; 28.9234042878; 28.7468083564; 28.66808522; 28.5085106708; 28.2936168021; 28.2212766282; 28.1319153563; 28.1361707322; 27.9702126523; 79.3255321422; 80.5446809809; 73.6297870392; 73.1595744681; 73.1531917491; 74.9893618645; 81.1531915868; 72.0617019978; 75.7680852362; 0 
2017-12-14 06:00:38 ; 29.0425533538; 28.8765952739; 28.7957444698; 28.617021723; 28.3787229416; 28.3255313305; 28.2170215769; 28.1510644061; 27.9702126523; 79.5276598017; 80.8063830112; 73.8829790481; 73.4425530941; 73.440425467; 75.3489366897; 81.5425530292; 72.5978726326; 76.6127660224; 0 
2017-12-14 06:05:41 ; 28.9702127335; 28.806382646; 28.7276595095; 28.55531936; 28.3361697501; 28.2680847493; 28.1744687101; 28.117021723; 27.9170209601; 77.7595748901; 78.8638294301; 72.178723599; 71.7808510801; 71.814893682; 73.6510634727; 79.5468091762; 70.8765956797; 75.1297868769; 0
2017-12-14 06:10:47 ; 28.508333087; 28.3708334366; 28.2958334684; 28.1625001431; 27.9812498093; 27.9541663726; 27.9187497298; 27.9645829598; 27.7812502782; 78.4916664759; 79.4458332062; 72.4958331585; 72.008333683; 71.7541663647; 73.0125002066; 79.0020836194; 70.6729162534; 76.1187504133; 0
2017-12-14 06:15:50 ; 29.1749998728; 28.9895835718; 28.8875000079; 28.7333331505; 28.5458336274; 28.5895833174; 28.6604165634; 28.7583332856; 28.4312499364; 72.899999698; 73.8833333651; 67.8249998093; 67.5187499523; 67.5020831426; 68.1729171276; 72.743749698; 65.06458354; 69.4854167302; 11.7827752892
2017-12-14 06:20:55 ; 28.5522729267; 28.4499998093; 28.3090901808; 28.1886370832; 28.0227273594; 28.1795461395; 28.154545914; 28.1977275068; 28.0090909438; 76.8045454892; 77.5863635323; 71.0454550656; 70.793182373; 70.4181816795; 70.8318181471; 76.4386360862; 68.6272725192; 72.1022729007; 11.7827752892
2017-12-14 06:26:12 ; 28.329166015; 28.2687497934; 28.0708336035; 27.9312497377; 27.8374993801; 28.0854169925; 27.8979162772; 27.8520830472; 27.6666668653; 76.5812500318; 77.2937499682; 71.0458332698; 70.8187497457; 70.1583333015; 70.2437497775; 76.4562497139; 69.0604163806; 72.5812505086; 14.579699642
2017-12-14 06:31:11 ; 28.1500004422; 28.1045458534; 27.9113632982; 27.7659088915; 27.7227276889; 27.9522725452; 27.7159096111; 27.6227277409; 27.4272724498; 78.5136365024; 79.2727272727; 72.9295453158; 72.381817731; 71.5999998613; 71.6704543721; 78.4295454892; 70.7204548229; 74.2045458013; 11.7827752892
2017-12-14 06:36:11 ; 28.2363638444; 28.1545460441; 27.9431816014; 27.8113629168; 27.7977265445; 28.0090909438; 27.7363638444; 27.6704551957; 27.5; 78.0636362596; 78.7977267179; 72.5522727966; 72.0363636017; 71.2613636364; 71.2818178697; 78.1068181125; 70.4500004161; 74.0090909438; 11.7827752892
2017-12-14 06:41:21 ; 28.3265299505; 28.2346941111; 28.0306123617; 27.8979587944; 27.8632647845; 28.1000003815; 27.81632583; 27.7653058889; 27.5653063716; 77.4795918367; 78.2081633587; 71.9795919924; 71.5959181494; 70.7795919302; 70.6857140989; 77.457143044; 70.0020407852; 73.6346943135; 11.7827752892
2017-12-14 06:46:39 ; 28.3791662057; 28.3187493483; 28.1166671117; 27.9708332221; 27.9312497377; 28.1937506994; 27.895832936; 27.8083326022; 27.6000003815; 77.6458331744; 78.3854166667; 72.1395834287; 71.7250002225; 70.8999997775; 70.8958330154; 77.7270830472; 70.1750009855; 73.8437498411; 12.7184077963
2017-12-14 06:51:46 ; 28.4326528043; 28.3591831363; 28.1571434566; 28.0306123617; 27.9734692865; 28.2387756815; 27.9387752767; 27.8489790157; 27.6428576878; 76.8755099238; 77.5857140677; 71.4081635767; 71.0959179937; 70.2693880042; 70.1693878174; 76.9367344136; 69.5897962609; 73.2836738119; 12.7184077963
2017-12-14 06:56:51 ; 28.4408161008; 28.3632647845; 28.1693884013; 28.0346940099; 27.9979591759; 28.2428572518; 27.9387752767; 27.8510198399; 27.6408168637; 76.2653059667; 76.9999998443; 70.8734696057; 70.6265307057; 69.887755102; 69.7897958561; 76.5469389935; 69.2632653373; 72.9632657109; 12.7184077963
2017-12-14 07:02:02 ; 28.381249547; 28.329166015; 28.1291671594; 28.0041666826; 27.9645831982; 28.2083339691; 27.9041663011; 27.8187493086; 27.6166671117; 77.3729165395; 78.1020828883; 71.9000000954; 71.5145835876; 70.6625000636; 70.683333238; 77.5645833015; 70.1687498093; 73.9208332698; 16.2646141679
2017-12-14 07:07:03 ; 28.3708328406; 28.329166015; 28.1291671594; 28.0083333651; 27.9604165157; 28.204167366; 27.9062496424; 27.814582626; 27.6083337466; 78.1291666031; 78.8770834605; 72.5812500318; 72.0854167938; 71.2375000318; 71.2854170799; 78.2104166349; 70.6625002225; 74.2416674296; 13.6505584502
2017-12-14 07:12:08 ; 28.4086953039; 28.3413037425; 28.1456527295; 28.0173913707; 27.9978260787; 28.2173918019; 27.9130431465; 27.8260862931; 27.6239135162; 76.9173910721; 77.5999996351; 71.4413044142; 71.0804345504; 70.3065220377; 70.3195656486; 77.1543476271; 69.7630432792; 73.3239130766; 13.6505584502
2017-12-14 07:17:13 ; 28.4212762954; 28.3531909293; 28.1574474091; 28.0425533538; 28.0148936738; 28.2340427967; 27.9276592985; 27.8468079263; 27.6425537353; 78.0893614749; 78.8085106383; 72.5148938767; 72.0531914894; 71.2106384927; 71.2787238588; 78.210638168; 70.6468083808; 74.5212770827; 13.6505584502
2017-12-14 07:22:27 ; 28.4693876383; 28.4285711561; 28.2367348963; 28.110204502; 28.0489797787; 28.31632583; 28.0122449447; 27.9183670355; 27.7163270055; 78.0306122449; 78.8163265306; 72.5285716154; 72.0612244898; 71.2367346627; 71.2836731891; 78.2591839226; 70.6326532169; 74.5040818818; 13.6505584502
2017-12-14 07:27:30 ; 28.4851063262; 28.4234039631; 28.2425533051; 28.1042557169; 28.0702130338; 28.3021269453; 28.0; 27.8978719508; 27.7000007629; 77.1936168265; 77.9425532564; 71.7872345295; 71.4170210818; 70.6234039956; 70.5936172161; 77.4446808835; 70.0489365598; 74.1319148287; 13.6505584502
2017-12-14 07:32:34 ; 28.4693876383; 28.3918363221; 28.2224493611; 28.0816329645; 28.055102251; 28.2999994317; 27.9857142312; 27.8775505533; 27.7020414703; 77.1285711794; 77.9061224801; 71.7346940333; 71.3795919613; 70.577550927; 70.6163261569; 77.5163259701; 70.1755100172; 74.5530616605; 13.6505584502
2017-12-14 07:37:51 ; 28.5280001068; 28.4519998169; 28.2639997864; 28.1540005875; 28.0980003738; 28.3659994888; 28.0600002289; 27.9399997711; 27.7519999695; 77.5359999084; 78.3160002136; 72.1220007324; 71.6900004578; 70.8879998779; 70.8980001831; 77.883999939; 70.4020004272; 74.7499998474; 13.6505584502
2017-12-14 07:42:54 ; 28.4957446646; 28.4212762954; 28.2425533051; 28.1106387199; 28.0638300307; 28.3234035817; 28.0063830031; 27.8808506093; 27.7042558954; 76.8446806238; 77.6212760438; 71.4659573169; 71.151064122; 70.342553159; 70.3659575442; 77.2723400035; 70.0085105084; 74.3936173459; 12.4666014449
2017-12-14 07:48:03 ; 28.5163265929; 28.4591835178; 28.2632651037; 28.1632659289; 28.1530618084; 28.3673464327; 28.0632655475; 27.9571426937; 27.7510203926; 77.859183798; 78.6428571429; 72.3591845765; 71.8999999689; 71.1102042685; 71.1102039571; 78.1489793427; 70.683673158; 75.0244903564; 12.4666014449
2017-12-14 07:53:07 ; 28.481632583; 28.426530332; 28.2346941111; 28.1142861503; 28.0979595574; 28.3265299505; 28.0061224723; 27.9020404426; 27.6979599388; 76.4183673469; 77.2244897959; 71.0551019785; 70.7816327153; 69.9755101107; 69.9306117467; 76.7530609442; 69.6632649947; 73.9979592148; 13.4225047765
2017-12-14 07:58:20 ; 28.5083333651; 28.4395831029; 28.2583332062; 28.1437505484; 28.1020837228; 28.3604161342; 28.0562502146; 27.9124996662; 27.6958340804; 77.5499998728; 78.3375000954; 72.0937506358; 71.6812500954; 70.8187497457; 70.8104165395; 77.7833336194; 70.3729162216; 74.7041670481; 13.4225047765
2017-12-14 08:03:23 ; 28.4734692865; 28.426530332; 28.2285717555; 28.1000003815; 28.0673471957; 28.31632583; 28.0020408241; 27.8734689051; 27.6918374665; 75.8387756348; 76.6122450537; 70.5367350676; 70.3040816638; 69.4938774887; 69.4163265618; 76.2081633587; 69.2265304254; 73.4918368593; 13.4225047765
2017-12-14 08:08:27 ; 28.4428569249; 28.3959179703; 28.2224494; 28.0959187332; 28.0408164822; 28.3224483023; 28.0142857688; 27.889795498; 27.6938782906; 79.267347219; 80.091836579; 73.7081638258; 73.0877551643; 72.1693878174; 72.3061222933; 79.4836734071; 71.7448978035; 76.2122441506; 13.4225047765
2017-12-14 08:13:31 ; 28.5489797787; 28.4714284624; 28.2775506; 28.1591842807; 28.1122453261; 28.3551014881; 28.0448981305; 27.9224486838; 27.7285717555; 75.077550927; 75.8285712417; 69.8653066207; 69.7183675961; 68.9734690141; 68.8265307679; 75.4877549775; 68.6530618473; 72.9775504287; 13.4225047765
2017-12-14 08:18:35 ; 28.4468083077; 28.410637957; 28.2148941527; 28.1085110522; 28.0914897107; 28.3170205786; 28.0191490092; 27.8957442831; 27.7063836037; 79.0595743707; 79.8765960044; 73.5085105084; 72.9255317526; 72.0021277894; 72.1808509015; 79.3978721132; 71.7085105409; 76.1255316227; 13.4225047765
2017-12-14 08:23:45 ; 28.5571430751; 28.4775509348; 28.2918360963; 28.1632659289; 28.1244902708; 28.3734689051; 28.0448981305; 27.9142853873; 27.7265309704; 75.014285652; 75.751020159; 69.8040819752; 69.6591838915; 68.926530332; 68.7836736562; 75.4510202213; 68.5571427637; 72.9142856209; 13.4225047765
2017-12-14 08:28:50 ; 28.4510202213; 28.4061220909; 28.2183678296; 28.1040820297; 28.0938779091; 28.3102033576; 28.0040816482; 27.8999996185; 27.7040823333; 79.2632656487; 80.1163263126; 73.7204082255; 73.1265303943; 72.2306124629; 72.4551022588; 79.6836734694; 71.9020405983; 76.5122447111; 13.4225047765
2017-12-14 08:33:51 ; 28.5875003338; 28.5; 28.2999992371; 28.1979174217; 28.1604172786; 28.3999996185; 28.0937503576; 27.9645831982; 27.7541666031; 74.8166666031; 75.566666921; 69.6270839373; 69.5041670799; 68.745833079; 68.5979166031; 75.2833336194; 68.4708331426; 72.8916665713; 13.4225047765
2017-12-14 08:38:56 ; 28.4595743139; 28.4255316308; 28.2319151696; 28.1276600615; 28.1042557169; 28.3404249232; 28.0361703507; 27.9191486277; 27.6978728112; 78.8765958421; 79.6829788533; 73.3404258566; 72.7510634077; 71.8595746629; 71.9531915543; 79.0872338478; 71.4744679877; 76.1000002597; 12.4666014449
2017-12-14 08:43:59 ; 28.5687502623; 28.4770832459; 28.2916662296; 28.1687506437; 28.1479172309; 28.3729161819; 28.0625002384; 27.9520831505; 27.7395834923; 75.7624998093; 76.5562500954; 70.5000003179; 70.3020836512; 69.5249997775; 69.4437499046; 76.2249995867; 69.2479165395; 73.7270833651; 13.6505584502
2017-12-14 08:49:10 ; 28.6220004654; 28.5140000534; 28.3519997025; 28.1820006943; 28.1800006866; 28.3959996033; 28.0960003662; 27.9819999313; 27.7859994507; 76.4879998779; 77.2319998169; 71.206000061; 70.786000061; 70.0059997559; 69.9160005188; 76.7380003357; 69.6660003662; 74.208000946; 13.6505584502
2017-12-14 08:54:16 ; 28.4765956554; 28.4234039631; 28.240425678; 28.1234047261; 28.1000003815; 28.3361695878; 28.0063830031; 27.8999996185; 27.7000007629; 77.8212767256; 78.6638297223; 72.4148937793; 71.9723405229; 71.1106383953; 71.1893617346; 78.2212766282; 70.8425529967; 75.6893618969; 13.6505584502
2017-12-14 08:59:22 ; 28.5978727138; 28.5; 28.2999992371; 28.2000007629; 28.1638304122; 28.3999996185; 28.0936173784; 27.9468083077; 27.7553190678; 75.1617020952; 75.9106380381; 69.8914893942; 69.814893682; 69.031914569; 68.8914892318; 75.6382980347; 68.7808508366; 73.4170207571; 13.6505584502
2017-12-14 09:04:22 ; 28.6000003815; 28.5; 28.3021269048; 28.2000007629; 28.1957454276; 28.3999996185; 28.1000003815; 27.9829786585; 27.7659572033; 74.3170211467; 75.0702128309; 69.2276608082; 69.1234035086; 68.4063840826; 68.1617017705; 74.8042548971; 68.1851061557; 72.7659577715; 13.6505584502
2017-12-14 09:09:28 ; 28.46739118; 28.4282605959; 28.232608961; 28.1282613588; 28.1130439095; 28.3369558998; 28.03260882; 27.9217388319; 27.7239134415; 79.4978257884; 80.3391305675; 73.9130436441; 73.315217723; 72.4065215069; 72.5978262528; 79.8804346168; 72.0521741121; 76.902173913; 13.6505584502
2017-12-14 09:14:35 ; 28.5530614269; 28.4755101107; 28.2938768815; 28.1795925218; 28.1326535673; 28.3836730256; 28.0612247233; 27.9285711561; 27.744898037; 76.5285711483; 77.3551026948; 71.2469390558; 70.9734690141; 70.1387755725; 70.1285714909; 77.0448982083; 69.8795913385; 74.6428569872; 13.6505584502
2017-12-14 09:19:40 ; 28.6000003815; 28.5; 28.2999992371; 28.2000007629; 28.178724086; 28.3999996185; 28.1000003815; 27.9808509908; 27.7702124575; 75.0063820697; 75.7361703426; 69.7127662821; 69.678724086; 68.8914889072; 68.7212764659; 75.4404251423; 68.6829786909; 73.348936365; 12.7184077963
2017-12-14 09:24:46 ; 28.6000003815; 28.5; 28.2999992371; 28.2000007629; 28.1936177599; 28.3999996185; 28.1000003815; 27.9957446646; 27.7829782202; 74.2936167616; 75.0021282764; 69.2085118395; 69.1021275622; 68.3595748252; 68.1106380706; 74.7127659574; 68.1212758815; 72.7787238588; 12.7184077963
2017-12-14 09:29:49 ; 28.4595743139; 28.4234039631; 28.2297875425; 28.1297877291; 28.1212770584; 28.3382972555; 28.0319150154; 27.9234039631; 27.7191494069; 79.4893617021; 80.3638292678; 73.9702127335; 73.348936365; 72.4042549945; 72.5617024848; 79.8574470358; 72.0489372091; 76.9063829463; 12.7184077963
2017-12-14 09:34:55 ; 28.5479168495; 28.4666665395; 28.2854161263; 28.1666673024; 28.133333842; 28.3854162296; 28.0687502623; 27.9374997616; 27.7437500954; 76.4000000954; 77.2395834923; 71.129166762; 70.8812500636; 70.0604168574; 70.0479164124; 76.9458333651; 69.7958329519; 74.5312498411; 12.7184077963
2017-12-14 09:40:00 ; 28.6000003815; 28.5; 28.2999992371; 28.2000007629; 28.1957454276; 28.3999996185; 28.1000003815; 28.0; 27.7957439828; 74.7829783014; 75.5553194411; 69.5510648362; 69.5446817926; 68.7702120517; 68.5595748577; 75.2382981321; 68.5191497803; 73.1659578364; 12.7184077963
2017-12-14 09:45:08 ; 28.6000003815; 28.5; 28.3021269048; 28.2000007629; 28.1957454276; 28.3999996185; 28.1021280492; 28.0; 27.7957439828; 74.2723406528; 74.9957445835; 69.2170221856; 69.0957438692; 68.3702132854; 68.0659569274; 74.691489037; 68.0829779442; 72.782979113; 13.6505584502
2017-12-14 09:50:14 ; 28.4687498808; 28.4208330313; 28.2479166985; 28.133333842; 28.1062504053; 28.3729161819; 28.0333334605; 27.9062496424; 27.7250003815; 79.3458336194; 80.2750000954; 73.8750001589; 73.2916666667; 72.2958331108; 72.5062495867; 79.7666667302; 72.03125; 76.9666666985; 12.7184077963
2017-12-14 09:55:15 ; 28.5979170402; 28.5; 28.2999992371; 28.2000007629; 28.1770840089; 28.3999996185; 28.1000003815; 27.9979166587; 27.7749996185; 75.8312498728; 76.6395832698; 70.5770831108; 70.3979167938; 69.5999999046; 69.4937493006; 76.3250009219; 69.3749995232; 74.1958328883; 12.7184077963
2017-12-14 10:00:20 ; 28.6000003815; 28.5; 28.2999992371; 28.2000007629; 28.1872347568; 28.3999996185; 28.1000003815; 27.9936169969; 27.7744677118; 74.8468082509; 75.6106385576; 69.6042556763; 69.5723407827; 68.7999991559; 68.5957448432; 75.3404256942; 68.6170207896; 73.2829779767; 12.7184077963
2017-12-14 10:05:28 ; 28.6000003815; 28.5; 28.3148929109; 28.2000007629; 28.2000007629; 28.3999996185; 28.1021280492; 28.0; 27.7957439828; 74.3638310534; 75.131914504; 69.3148964415; 69.1851051818; 68.4510645765; 68.1957439666; 74.8510639921; 68.2361696933; 72.9319154455; 13.6505584502
2017-12-14 10:10:29 ; 28.5916670163; 28.5041666826; 28.2979159355; 28.1979174217; 28.1979174217; 28.3999996185; 28.1000003815; 27.9979166587; 27.7895827293; 74.9374988874; 75.6416670481; 69.7895827293; 69.5958337784; 68.8333330154; 68.6000006994; 75.2437494596; 68.5229164759; 73.1687498093; 13.6505584502
2017-12-14 10:15:42 ; 28.4379997635; 28.3899995804; 28.2200004578; 28.1060004044; 28.0940003586; 28.3259993362; 28.0040000153; 27.8999996185; 27.7020006943; 79.2940000916; 80.213999939; 73.83; 73.2219999695; 72.2720002747; 72.4480000305; 79.7139996338; 72.033999939; 76.9920005798; 12.7184077963
2017-12-14 10:20:46 ; 28.5916670163; 28.5; 28.2999992371; 28.2000007629; 28.1937507391; 28.3999996185; 28.1000003815; 27.9874999523; 27.7937493324; 76.0312503179; 76.8687500954; 70.8145833015; 70.5979162852; 69.7875005404; 69.7145833969; 76.5833338102; 69.5645831426; 74.3729168574; 12.7184077963
2017-12-14 10:25:53 ; 28.6000003815; 28.5; 28.3179993057; 28.2000007629; 28.2000007629; 28.3999996185; 28.1000003815; 28.0; 27.7979992676; 74.9939996338; 75.7739997864; 69.8139997864; 69.7259999084; 68.9399993896; 68.7559997559; 75.4879994202; 68.7519998169; 73.5120001221; 12.7184077963
2017-12-14 10:30:57 ; 28.6020837228; 28.5020833413; 28.3729161819; 28.2000007629; 28.2000007629; 28.3999996185; 28.104167064; 28.0; 27.7999992371; 74.4833335876; 75.2708331744; 69.4000015259; 69.293750445; 68.5499992371; 68.3229169846; 74.9916667938; 68.364584446; 73.1125006676; 12.7184077963
2017-12-14 10:36:03 ; 28.6000003815; 28.5060000229; 28.3359993744; 28.2000007629; 28.2000007629; 28.3999996185; 28.1060004044; 28.0; 27.7999992371; 74.1819981384; 74.9200012207; 69.22; 69.0359994507; 68.2800013733; 68.003999939; 74.6019985962; 68.0859986877; 72.7940005493; 13.6505584502
2017-12-14 10:41:09 ; 28.6000003815; 28.5; 28.2999992371; 28.2000007629; 28.1959191147; 28.3999996185; 28.1000003815; 27.9877550553; 27.7632651037; 74.1510181038; 74.857145037; 69.1265288372; 69.0061223556; 68.2326524696; 67.9693882222; 74.5918353334; 68.0857129778; 72.7693880042; 13.6505584502
2017-12-14 10:46:11 ; 28.4734692865; 28.4285711561; 28.232653287; 28.128571919; 28.1204086226; 28.3408157193; 28.036734834; 27.926530332; 27.7285717555; 79.485714348; 80.3857146283; 74.0102040816; 73.4163267175; 72.4571427326; 72.5510204082; 79.7938777379; 72.073469668; 77.0204076962; 13.6505584502
2017-12-14 10:51:14 ; 28.5916670163; 28.4916666349; 28.3270827134; 28.1916673978; 28.1750006676; 28.3999996185; 28.0854169925; 27.9749999046; 27.7854161263; 76.9583331744; 77.8312503497; 71.7291668256; 71.3874998093; 70.5333337784; 70.5499998728; 77.5104166667; 70.2937496503; 75.2104169528; 13.6505584502
2017-12-14 10:56:24 ; 28.6280004883; 28.5140000534; 28.3699995041; 28.2040007019; 28.2000007629; 28.3999996185; 28.1120004272; 28.0; 27.7999992371; 75.3519992065; 76.1120005798; 70.1840002441; 70.002000885; 69.2239994812; 69.0720007324; 75.8739996338; 69.0380007935; 73.8400009155; 13.6505584502
2017-12-14 11:01:29 ; 28.6000003815; 28.5; 28.3020400612; 28.2000007629; 28.2000007629; 28.3999996185; 28.1020412056; 28.0; 27.7938768815; 74.7897960118; 75.5489788445; 69.5530608819; 69.5489788445; 68.7673467519; 68.5612237113; 75.2959186788; 68.6224472669; 73.3979596508; 13.6505584502
2017-12-14 11:06:33 ; 28.6000003815; 28.5021739213; 28.3043470797; 28.2000007629; 28.2000007629; 28.3999996185; 28.1000003815; 28.0; 27.7956514773; 74.3869577491; 75.169564952; 69.3043508115; 69.2282607037; 68.4717395617; 68.2130432129; 74.8782622296; 68.2956524725; 73.041304381; 13.6505584502
2017-12-14 11:11:37 ; 28.6000003815; 28.5104167064; 28.3270826737; 28.2000007629; 28.2000007629; 28.3999996185; 28.1020837228; 28.0; 27.7999992371; 74.1208314896; 74.8520855904; 69.1770823797; 69.0187497139; 68.245833079; 67.9729170799; 74.5770821571; 68.068748951; 72.7479166985; 13.6505584502
2017-12-14 11:16:39 ; 28.6000003815; 28.5; 28.3086949224; 28.2000007629; 28.2000007629; 28.3999996185; 28.1000003815; 28.0; 27.784782078; 74.1086939936; 74.813046331; 69.117389679; 68.9978261201; 68.2152154342; 67.9543485227; 74.5369559578; 68.0391298377; 72.7956524725; 13.6505584502
2017-12-14 11:21:49 ; 28.6000003815; 28.5; 28.3020400612; 28.2000007629; 28.1979599388; 28.3999996185; 28.1000003815; 28.0; 27.7775506; 74.0816314074; 74.814288081; 69.1387737041; 69.0102039259; 68.2163247868; 67.967347437; 74.5612235556; 68.0693866963; 72.808163857; 13.6505584502
2017-12-14 11:26:51 ; 28.5510206028; 28.4755101107; 28.3163262192; 28.1795925218; 28.1693884013; 28.4040812668; 28.1204086226; 27.9775509348; 27.7877545259; 77.0306124006; 77.869386634; 71.9102035834; 71.4285723628; 70.5632644965; 70.5244908236; 77.4938774887; 70.2040819441; 75.1612246766; 13.6505584502
2017-12-14 11:31:58 ; 28.4836734071; 28.4326528043; 28.2510203926; 28.1326535673; 28.110204502; 28.3632647845; 28.036734834; 27.9102037391; 27.7224494; 78.5959181494; 79.5653059045; 73.2693878485; 72.7408162331; 71.7999994706; 71.9510202213; 79.15918358; 71.6020406606; 76.7040816327; 13.6505584502
2017-12-14 11:37:04 ; 28.6000003815; 28.5041666826; 28.3083326022; 28.2000007629; 28.1979174217; 28.3999996185; 28.1020837228; 27.9958333174; 27.795832634; 76.1458333333; 77.004166762; 70.9541664124; 70.7187504768; 69.8874999682; 69.7958337466; 76.7250002225; 69.7125000954; 74.6874998411; 13.6505584502
2017-12-14 11:42:17 ; 28.6000003815; 28.5; 28.3744676062; 28.2000007629; 28.2000007629; 28.3999996185; 28.1021280492; 28.0; 27.7999992371; 75.2510635701; 76.0361704725; 70.1425531266; 69.9468093223; 69.1489356832; 68.987234562; 75.7787230471; 69.0042552542; 73.8510643168; 13.6505584502
2017-12-14 11:47:18 ; 28.6000003815; 28.5; 28.3617016001; 28.2000007629; 28.2000007629; 28.3999996185; 28.1021280492; 28.0; 27.7999992371; 74.7255313954; 75.5063830437; 69.5468092573; 69.5148935521; 68.7425530616; 68.5191488063; 75.2489362676; 68.5765957122; 73.4212766607; 13.6505584502
2017-12-14 11:52:18 ; 28.6000003815; 28.5042553354; 28.3234035817; 28.2000007629; 28.2000007629; 28.3999996185; 28.1042557169; 28.0; 27.7999992371; 74.4446816952; 75.2489362676; 69.32340695; 69.3000009415; 68.5446801693; 68.2829794376; 74.9531918789; 68.3404271552; 73.1297868769; 13.6505584502
2017-12-14 11:57:24 ; 28.6000003815; 28.5021276677; 28.3765952739; 28.2000007629; 28.2000007629; 28.3999996185; 28.1148940553; 28.0; 27.7999992371; 74.3042574943; 75.0680840675; 69.3765976277; 69.1382957621; 68.3808528819; 68.1106366097; 74.7808516482; 68.1978698081; 73.0553186295; 13.6505584502
2017-12-14 12:02:31 ; 28.6000003815; 28.5; 28.3061217094; 28.2000007629; 28.2000007629; 28.3999996185; 28.1020412056; 28.0; 27.7959176667; 74.2632658044; 75.0387749185; 69.3061254073; 69.1102024001; 68.3428595407; 68.0591827704; 74.7367346627; 68.1959156893; 73.0061220442; 13.6505584502
2017-12-14 12:07:39 ; 28.6000003815; 28.5020000076; 28.3199993134; 28.2000007629; 28.2000007629; 28.3999996185; 28.1020003891; 28.0; 27.7979992676; 74.097999115; 74.8580003357; 69.1719995117; 69.0379998779; 68.2359997559; 67.9920005798; 74.603999176; 68.0659992981; 72.8160006714; 14.579699642
2017-12-14 12:12:44 ; 28.47234032; 28.4255316308; 28.2446809322; 28.1319153968; 28.1127663876; 28.3999996185; 28.0595746953; 27.9191486277; 27.7531914407; 80.2808511612; 81.2723401658; 74.8234040281; 74.0851062207; 73.0851062207; 73.3276596069; 80.7680845869; 72.814893682; 77.9936174433; 13.6505584502
2017-12-14 12:17:53 ; 28.6312505007; 28.5208334128; 28.3499994278; 28.204167366; 28.1958340804; 28.4041663011; 28.1104170879; 27.9979166587; 27.7937493324; 76.7479165395; 77.6312503815; 71.5520834923; 71.2208333015; 70.3916668892; 70.3708335559; 77.3750007947; 70.2145829201; 75.183333238; 13.6505584502
2017-12-14 12:22:54 ; 28.6979174217; 28.6000003815; 28.3979162772; 28.2166671753; 28.2333335876; 28.485416611; 28.1958340804; 28.0; 27.8249993324; 75.5000003179; 76.3604164124; 70.3770834605; 70.1437505086; 69.3416662216; 69.2583327293; 76.0958333015; 69.1666668256; 74.0458331108; 13.6505584502
2017-12-14 12:28:02 ; 28.6500005722; 28.5560002136; 28.3939995956; 28.2080006409; 28.2140005493; 28.4539998245; 28.1700006485; 28.0; 27.8079992676; 74.9740003967; 75.7759999084; 69.8640016174; 69.7179988098; 68.9260011292; 68.7460002136; 75.4919999695; 68.7259985352; 73.6199996948; 13.6505584502
2017-12-14 12:33:05 ; 28.6000003815; 28.5; 28.3499994278; 28.2000007629; 28.2000007629; 28.3999996185; 28.1021743028; 28.0; 27.7999992371; 74.7586956853; 75.534782078; 69.6239123137; 69.5217387987; 68.7499995024; 68.5369559578; 75.2934785926; 68.6086939936; 73.4565215733; 13.6505584502
2017-12-14 12:38:14 ; 28.6408168637; 28.5387756581; 28.3918363221; 28.2081639037; 28.2224494; 28.4612243419; 28.1795925218; 28.0; 27.8326524228; 74.4102054518; 75.2081628916; 69.3959199555; 69.2530617227; 68.4897960741; 68.2653061224; 74.9571428883; 68.3020410343; 73.0530611933; 13.6505584502
2017-12-14 12:43:16 ; 28.6125004292; 28.5062500238; 28.3999996185; 28.2104172707; 28.2020840645; 28.4708332221; 28.1937507391; 28.0041666826; 27.8541661104; 74.2208317121; 74.9854168892; 69.3979182243; 69.1083316803; 68.312502861; 68.0979151726; 74.7437494596; 68.1145815849; 72.8229171435; 13.6505584502
2017-12-14 12:48:21 ; 28.6280004883; 28.516000061; 28.3899995804; 28.2040007019; 28.2100006104; 28.4819999313; 28.1920007324; 28.0; 27.8739995193; 74.1139982605; 74.8860015869; 69.3040010071; 69.0519992065; 68.2660009766; 68.0219996643; 74.6319981384; 68.0179997253; 72.7559997559; 13.6505584502
2017-12-14 12:53:34 ; 28.6460005569; 28.5460001755; 28.3879995728; 28.2120005798; 28.2320002747; 28.5; 28.1920007324; 28.0100000381; 27.8999996185; 74.111998291; 74.9000015259; 69.2499995422; 69.0359994507; 68.2319993591; 67.9840002441; 74.5899987793; 67.9720004272; 72.6779981995; 13.6505584502
2017-12-14 12:58:33 ; 28.6000003815; 28.5020833413; 28.3749995232; 28.2000007629; 28.2000007629; 28.4520831505; 28.1937507391; 28.0020833413; 27.8979162772; 74.1749978065; 74.9625005722; 69.3312514623; 69.0708322525; 68.2625009219; 68.0083332062; 74.65833203; 68.0541658401; 72.6729164124; 13.6505584502
2017-12-14 13:03:37 ; 28.6395838658; 28.5458335082; 28.3874995708; 28.2104172707; 28.2250003815; 28.4895832936; 28.1958340804; 28.014583389; 27.8999996185; 74.0708322525; 74.8666687012; 69.2020818392; 69.0145831108; 68.2104150454; 67.954167366; 74.5833320618; 67.9645838737; 72.5645831426; 14.3737807906
2017-12-14 13:08:47 ; 28.5204082411; 28.4551018695; 28.2999994317; 28.1857149552; 28.1857148385; 28.4142853873; 28.1163269744; 28.0061224723; 27.8795913774; 80.320408101; 81.3081632342; 74.8469389312; 74.1142858388; 73.1612246766; 73.3081632342; 80.8183676272; 72.8204082567; 77.828571086; 13.4225047765
2017-12-14 13:13:50 ; 28.6666673024; 28.566666921; 28.3729161819; 28.2333335876; 28.2333335876; 28.4645831982; 28.1750006676; 28.0645835797; 27.947916468; 77.2062497139; 78.1499997775; 72.0229164759; 71.6249998411; 70.7562497457; 70.7812501589; 77.8208335241; 70.5229167938; 75.3708333969; 13.4225047765
2017-12-14 13:18:57 ; 28.6934789989; 28.6000003815; 28.3999996185; 28.2826081981; 28.2717387987; 28.5; 28.2000007629; 28.1000003815; 27.9717390226; 75.815216562; 76.6826090605; 70.6760872551; 70.4652174245; 69.6260873546; 69.4804357446; 76.3347823102; 69.3543470631; 74.0282612676; 13.6505584502
2017-12-14 13:23:57 ; 28.6956529203; 28.6000003815; 28.3956517759; 28.2195656818; 28.267391039; 28.5; 28.1978268416; 28.0782611681; 27.9434780453; 75.3782614003; 76.2260873214; 70.2413049781; 70.0326083639; 69.2369558915; 69.0456514773; 75.8347829736; 68.9869565549; 73.6304341192; 13.4225047765
2017-12-14 13:29:07 ; 28.6958340804; 28.6000003815; 28.3999996185; 28.2145838737; 28.2604165077; 28.5; 28.2000007629; 28.0770836274; 27.947916468; 75.0770821571; 75.9083347321; 69.9729170799; 69.8125027021; 68.9875001907; 68.7895851135; 75.5104165077; 68.7416664759; 73.3750003179; 13.4225047765
2017-12-14 13:34:09 ; 28.6956529203; 28.6000003815; 28.3999996185; 28.215217922; 28.2630432792; 28.5; 28.2000007629; 28.0847829321; 27.9521737306; 74.9478268831; 75.7521738799; 69.8347849639; 69.6891292074; 68.897827646; 68.6978248928; 75.3869577491; 68.6652160313; 73.2826088615; 13.4225047765
2017-12-14 13:39:13 ; 28.6918374665; 28.6000003815; 28.3999996185; 28.2122454741; 28.2510203926; 28.5; 28.2000007629; 28.0959187332; 27.9734692865; 74.8040838436; 75.5999984741; 69.6897941122; 69.5591827704; 68.7755108269; 68.5714274815; 75.2469387444; 68.5122447111; 73.2265308925; 13.4225047765
2017-12-14 13:44:19 ; 28.6877558183; 28.6000003815; 28.3999996185; 28.2653058889; 28.2755098148; 28.5; 28.2000007629; 28.1000003815; 27.9755101107; 74.5469380593; 75.3449003259; 69.4061238814; 69.3938791703; 68.6061208297; 68.2979603981; 74.9714290074; 68.314288081; 72.924490481; 13.4225047765
2017-12-14 13:49:23 ; 28.6958340804; 28.6000003815; 28.3979162772; 28.2645831108; 28.2666664124; 28.5; 28.2000007629; 28.1000003815; 27.9604165157; 74.2958327929; 75.0916655858; 69.381251812; 69.1729162534; 68.3666675886; 68.0791654587; 74.706249555; 68.1083316803; 72.6333328883; 13.6505584502
2017-12-14 13:54:27 ; 28.5804350894; 28.519565292; 28.3369562315; 28.204348108; 28.2108697477; 28.4543476519; 28.1543484149; 28.0456523481; 27.9304345172; 77.8391297382; 78.7695662457; 72.5847811492; 72.0630435114; 71.2043468641; 71.143479057; 78.2717391304; 70.8543482241; 75.4282608032; 13.4225047765
2017-12-14 13:59:33 ; 28.5354168018; 28.4624998569; 28.2874995073; 28.1791673501; 28.1583339373; 28.3999996185; 28.1000003815; 27.9687498808; 27.8916662534; 78.1854165395; 79.1583331426; 72.8958333333; 72.4187498093; 71.477083683; 71.5708333651; 78.7333339055; 71.2208326658; 75.9333333969; 13.4225047765
2017-12-14 14:04:34 ; 28.6937507391; 28.5916670163; 28.3999996185; 28.2708330154; 28.2812495232; 28.5; 28.2000007629; 28.0895836751; 27.9833332698; 75.8229169846; 76.6979168256; 70.6895834605; 70.4604164759; 69.6208326022; 69.4666666985; 76.2770833969; 69.293750445; 73.8000000318; 13.4225047765
2017-12-14 14:09:44 ; 28.6960007477; 28.6000003815; 28.3999996185; 28.2939993286; 28.2979992676; 28.5; 28.2000007629; 28.1000003815; 27.9659998703; 74.7539997864; 75.5359997559; 69.6120005798; 69.5500007629; 68.7419995117; 68.4759997559; 75.1660002136; 68.4480000305; 72.8419989014; 13.6505584502
2017-12-14 14:14:44 ; 28.5851067076; 28.5297873477; 28.3468081292; 28.2276595907; 28.2127661198; 28.4617019816; 28.1617027445; 28.05531936; 27.9276592985; 77.8617024523; 78.7148934222; 72.5957445185; 72.0638286509; 71.1765964589; 71.1191489037; 78.1851064804; 70.7404252722; 75.2553191489; 13.4225047765
2017-12-14 14:19:52 ; 28.5509805866; 28.4725489149; 28.303921045; 28.186275183; 28.1686280568; 28.4098035775; 28.1117651322; 27.9980392082; 27.8980388267; 78.2274512497; 79.1999999402; 72.9549017513; 72.4529412961; 71.5019604552; 71.6000001197; 78.7392159256; 71.2352939681; 75.8627456964; 13.4225047765
2017-12-14 14:24:59 ; 28.6833340327; 28.5958336989; 28.3979162772; 28.2687497139; 28.2666664124; 28.5; 28.1979174217; 28.0979170402; 27.9749999046; 75.8937501907; 76.7583335241; 70.7729169528; 70.5312496821; 69.6749998728; 69.5375000636; 76.3583335876; 69.3916670481; 73.9583333333; 14.3737807906
2017-12-14 14:30:01 ; 28.6978268416; 28.6000003815; 28.3999996185; 28.2999992371; 28.2891298377; 28.5; 28.2000007629; 28.1000003815; 27.986956472; 74.6760872551; 75.4434776306; 69.5608704608; 69.4956532354; 68.6782606374; 68.4173907404; 75.0782614998; 68.3978261533; 72.8608693662; 13.4225047765
2017-12-14 14:35:05 ; 28.7000007629; 28.6000003815; 28.3999996185; 28.2999992371; 28.2999992371; 28.5; 28.2000007629; 28.1000003815; 27.9791665872; 74.3812508583; 75.1541657448; 69.3875013987; 69.2604173024; 68.4645838737; 68.1687480609; 74.8187513351; 68.1645825704; 72.7354162534; 13.4225047765
2017-12-14 14:40:14 ; 28.5100000381; 28.4559998322; 28.2879998398; 28.1760003662; 28.1680004501; 28.4259997177; 28.1280004883; 28.0020000076; 27.9159996796; 79.7299998474; 80.646000061; 74.2539997864; 73.5759999084; 72.5740000916; 72.7179995728; 80.0540005493; 72.1960003662; 76.6880003357; 13.4225047765
2017-12-14 14:45:21 ; 28.6061228538; 28.5285715376; 28.3469381916; 28.2020415481; 28.2122453184; 28.4346936284; 28.1408168637; 28.0265307135; 27.9204078596; 76.0448978969; 76.91224468; 70.8816327465; 70.5959181494; 69.7326534038; 69.6387751054; 76.5061228227; 69.4673466585; 73.5122447111; 14.3737807906
2017-12-14 14:50:21 ; 28.6234047261; 28.5531916923; 28.3617018436; 28.2425530616; 28.2510635295; 28.4744679877; 28.1744687506; 28.0659576984; 27.97234032; 75.02553185; 75.7148939092; 69.8085112876; 69.6765962966; 68.9765954525; 68.6276594121; 75.2680853986; 68.427659542; 72.395744973; 19.4968229206
2017-12-14 14:55:22 ; 28.2217392299; 28.1891306172; 28.0282609774; 27.9108692252; 27.8847821692; 28.1456526051; 27.8478255065; 27.7478262445; 27.7086961166; 78.0826085961; 78.8239134084; 72.6521740789; 72.1956521739; 71.3108696316; 71.3652172918; 78.1652170264; 70.4847823433; 74.0021735482; 19.4968229206
2017-12-14 15:00:30 ; 28.4042549539; 28.355318597; 28.1702131718; 28.0382980184; 27.9957446646; 28.2340427967; 27.9319146339; 27.8468079263; 27.7829782202; 77.395744973; 78.2553188243; 72.1893617346; 71.8617021277; 71.0936168914; 71.0765957122; 77.7212764659; 70.1042555139; 73.6106383953; 20.1034809375
2017-12-14 15:05:39 ; 28.1624999841; 28.1375000874; 27.9666664998; 27.8333333333; 27.7999999523; 28.0375000238; 27.7583334843; 27.6895836194; 27.5916668177; 79.3687504133; 79.9895836512; 73.7395831744; 73.1104165713; 72.3270830313; 72.5354165236; 79.4354163806; 71.1187498569; 76.6479159991; 18.2256717243
2017-12-14 15:10:39 ; 28.4893619862; 28.4170214065; 28.2170212117; 28.0574470277; 27.9787233231; 28.2446808916; 27.9659573169; 27.8893612801; 27.7617019085; 77.5765957122; 78.2638298197; 72.3297876399; 71.9489363812; 71.2404250287; 71.2765955824; 77.9468085106; 69.9553195061; 74.9382977587; 15.0188836076
2017-12-14 15:15:44 ; 28.5914891831; 28.487234075; 28.2659574062; 28.1000001786; 28.0489363569; 28.2978722998; 28.0170213415; 27.9510636431; 27.8872336935; 77.9276592173; 78.9999996753; 72.921276336; 72.5702125062; 71.7680850739; 71.8851060259; 78.8404252073; 70.9127661522; 75.874467728; 15.9822759261
2017-12-14 15:20:47 ; 28.8895829121; 28.7812495232; 28.5583335559; 28.381249547; 28.3041659594; 28.5833336512; 28.2999993165; 28.2229170799; 28.1354171832; 74.731250604; 75.6145830154; 69.8937492371; 69.8000008265; 69.0791656176; 68.8520844777; 75.352083842; 68.3625001907; 73.0041666031; 15.9822759261
2017-12-14 15:25:51 ; 28.6653061692; 28.6061225035; 28.4224486838; 28.2673471801; 28.2551021965; 28.4877550553; 28.2285715609; 28.1367352155; 28.0489797787; 79.746938433; 80.6612245209; 74.3530617539; 73.7224486993; 72.791836797; 72.9387751988; 80.0816323417; 72.0183678452; 77.0204078519; 15.9822759261
2017-12-14 15:30:56 ; 28.7270835241; 28.6375005245; 28.4458331267; 28.2812495232; 28.2687497139; 28.4895832936; 28.2062505881; 28.1000003815; 28.0250000954; 77.4020827611; 78.3145833015; 72.1833335559; 71.8395833969; 70.9916666349; 70.9979162216; 77.9395836194; 70.4791673024; 75.4854167302; 15.9822759261
2017-12-14 15:36:04 ; 28.7744677118; 28.7000007629; 28.5; 28.3170205786; 28.2999992371; 28.5510640246; 28.2744677118; 28.1000003815; 28.0404256861; 75.9255319149; 76.7851059285; 70.7702120517; 70.591489589; 69.7978721781; 69.6872342698; 76.4723397113; 69.2744687669; 74.3106387524; 15.9822759261
2017-12-14 15:41:08 ; 28.7125005722; 28.6541672548; 28.4937499762; 28.2999992371; 28.2999992371; 28.5; 28.2145838737; 28.1000003815; 28.0; 75.2749999364; 76.0687510173; 70.1562501589; 69.9937502543; 69.2166662216; 69.0354173978; 75.7479163806; 68.8229171435; 73.7374997139; 15.9822759261
2017-12-14 15:46:13 ; 28.7063836443; 28.6531920737; 28.4893616615; 28.3021269048; 28.2999992371; 28.5361703507; 28.2659572033; 28.1000003815; 28.0021276677; 74.7914899461; 75.5872331984; 69.6553187269; 69.6042548646; 68.829788208; 68.5957438692; 75.223404093; 68.3787242808; 73.2212763036; 15.3209934849
2017-12-14 15:51:18 ; 28.7375001907; 28.6979174217; 28.4958333174; 28.3124992847; 28.2999992371; 28.5187500715; 28.2291669846; 28.1000003815; 28.0; 74.5395827293; 75.3645850817; 69.4958333969; 69.3854180972; 68.6479145686; 68.4145846367; 74.9791669846; 68.2062497139; 73.1124992371; 14.0507123795
2017-12-14 15:56:22 ; 28.6191493501; 28.5851067076; 28.4085102893; 28.259574322; 28.2574466543; 28.4702126523; 28.1702134153; 28.0638300307; 27.9574466462; 78.0148942014; 78.8595741759; 72.7212766282; 72.2063830761; 71.3085108006; 71.2936174109; 78.3468092249; 70.8170214714; 75.6829783663; 14.0507123795
2017-12-14 16:01:27 ; 28.6042557169; 28.5404256861; 28.355318597; 28.2361704238; 28.2255322477; 28.4425529723; 28.144681403; 28.02765968; 27.9297869662; 77.5404254021; 78.434042748; 72.2553194736; 71.8617024523; 70.9787238912; 71.0425533538; 78.0340423584; 70.6212765308; 75.6255321097; 15.3209934849
2017-12-14 16:06:33 ; 28.704167366; 28.6500005722; 28.4708332221; 28.3041659196; 28.2999992371; 28.5083333651; 28.2312502861; 28.1000003815; 28.0; 75.0937492053; 75.9062498411; 69.9499996503; 69.8437501589; 69.0666658084; 68.8812502225; 75.5624993642; 68.662498951; 73.5062492688; 15.3209934849
2017-12-14 16:11:38 ; 28.6127663876; 28.5851067076; 28.4063826216; 28.259574322; 28.2574466137; 28.4808509908; 28.2000001948; 28.0638300307; 27.9702126523; 78.6085109305; 79.4787234043; 73.2723408151; 72.6659571871; 71.8170221207; 71.8638297548; 78.9297868445; 71.119149066; 76.0404249151; 13.4225047765
2017-12-14 16:16:44 ; 28.6312505007; 28.5583335559; 28.3854162296; 28.2479166985; 28.2395833731; 28.447916468; 28.1500005722; 28.0375001431; 27.9416664441; 77.9791660309; 78.902083238; 72.6895836194; 72.2354162534; 71.3562498093; 71.460416317; 78.4937504133; 70.9958333969; 76.0312501589; 14.3737807906
2017-12-14 16:21:49 ; 28.7021746428; 28.6695658642; 28.486956472; 28.3065210011; 28.2999992371; 28.5434784267; 28.2369567208; 28.1000003815; 28.0; 75.4195656154; 76.2304347494; 70.2760875536; 70.1065214406; 69.3130438431; 69.1847826087; 75.9478263855; 68.9847825092; 73.8869560905; 14.3737807906
2017-12-14 16:26:56 ; 28.6541670958; 28.6395838658; 28.4291663965; 28.2874995867; 28.2833328247; 28.5625002384; 28.2666664124; 28.0916670163; 27.9979166587; 77.3437501589; 78.1583328247; 72.0666670799; 71.5645831426; 70.7062509855; 70.5708330472; 77.4708328247; 70.1562496821; 75.0604170163; 14.3737807906
2017-12-14 16:32:04 ; 28.6106387199; 28.5510640246; 28.3702122709; 28.2446809322; 28.2382980509; 28.4617019816; 28.1765964183; 28.0468086892; 27.9638296493; 77.6085104435; 78.4808510314; 72.2829787883; 71.8468082509; 70.9787230796; 71.012766412; 77.9851061233; 70.493617281; 75.5063830437; 18.142609647
2017-12-14 16:37:09 ; 28.4063826216; 28.3914889478; 28.2255321259; 28.1085110522; 28.1085110522; 28.3531909293; 28.0510640246; 27.9553189785; 27.9191486277; 81.0297869419; 81.9148934547; 75.4106383628; 74.6042555139; 73.5851065453; 73.8319150235; 81.1957447782; 72.9127663146; 78.1404251748; 13.4225047765
2017-12-14 16:42:12 ; 28.7574466137; 28.6617027445; 28.4765956554; 28.3404251667; 28.3021272294; 28.5468086892; 28.2702124575; 28.1787240454; 28.0914897107; 76.4042549945; 77.2957443887; 71.2787233718; 71.0212767581; 70.176595485; 70.0787230147; 76.8595743382; 69.6021278868; 74.5042555789; 13.4225047765
2017-12-14 16:47:16 ; 28.7282605793; 28.7043476519; 28.5108696067; 28.3608691589; 28.3565211918; 28.6065221455; 28.3217388651; 28.2021742282; 28.1152178308; 78.1326083308; 78.9869563891; 72.7826081981; 72.2695654164; 71.4500002654; 71.3826088283; 78.4239128776; 70.7934785926; 75.7826090274; 14.579699642
2017-12-14 16:52:18 ; 28.6413048869; 28.5673915614; 28.3956517759; 28.2608693994; 28.2760865585; 28.5; 28.2000007629; 28.1000003815; 28.0021739213; 77.9282606374; 78.7760873877; 72.5695649852; 72.106522104; 71.1847826087; 71.1891307002; 78.1826083971; 70.7152180879; 75.6978258879; 13.6505584502
2017-12-14 16:57:24 ; 28.6979173024; 28.6437505484; 28.485416611; 28.314582626; 28.2999992371; 28.5604168971; 28.2687497139; 28.1375005245; 28.052083532; 76.0333333015; 76.7958332698; 70.8250002861; 70.5374997457; 69.6854165395; 69.4645833969; 76.2437494596; 69.1437508265; 73.9041668574; 13.6505584502
2017-12-14 17:02:32 ; 28.5595746953; 28.5212766769; 28.3361695878; 28.2106388985; 28.2191494069; 28.4617019816; 28.1957454276; 28.0829790399; 28.0021276677; 79.2595745655; 80.1446810783; 73.7765957447; 73.1425529642; 72.1531915868; 72.2468086405; 79.3872341399; 71.6617025822; 76.744681338; 13.6505584502
2017-12-14 17:08:04 ; 28.7045461481; 28.6454551003; 28.4659089609; 28.3136356527; 28.2999992371; 28.5659093423; 28.2795450037; 28.1681824597; 28.0886367018; 75.0659087788; 75.8250000694; 69.9568186673; 69.7727272727; 68.9477273768; 68.7386363636; 75.4090905623; 68.5227276195; 73.2500005202; 17.2050402647
2017-12-14 17:13:03 ; 28.5434784267; 28.5173913707; 28.3391298211; 28.2217396031; 28.2282612013; 28.46739118; 28.215217922; 28.0804350894; 28.0108696067; 80.9304346831; 81.8869569198; 75.3978259874; 74.4956524061; 73.4434781282; 73.6391301362; 80.9739131098; 72.8543473949; 78.0760862931; 13.6505584502
2017-12-14 17:18:09 ; 28.6895840168; 28.6208337943; 28.4458331267; 28.3020825783; 28.2937493324; 28.5416668256; 28.2479166985; 28.1458338896; 28.0583335559; 77.5374999046; 78.4604166349; 72.3062497775; 71.8791672389; 70.9583334923; 70.9562498728; 77.9562500318; 70.5791667302; 75.7874995867; 13.6505584502
2017-12-14 17:23:09 ; 28.740425678; 28.7000007629; 28.5; 28.3851059447; 28.3106375755; 28.6000003815; 28.2999992371; 28.2000007629; 28.1000003815; 76.4744675007; 77.3276594446; 71.2340425532; 70.9808507067; 70.053191327; 69.9510632779; 76.7851072271; 69.6872344321; 74.6127661847; 13.6505584502
2017-12-14 17:28:16 ; 28.70212839; 28.6425537353; 28.4872339939; 28.3319142524; 28.3021269048; 28.6000003815; 28.2999992371; 28.1893624245; 28.0914897107; 75.8340449232; 76.6468067575; 70.6489342223; 70.4361711867; 69.5340420337; 69.3553211943; 76.1255304864; 69.2042541504; 74.3404268305; 13.6505584502
2017-12-14 17:33:19 ; 28.7000007629; 28.6000003815; 28.4729165634; 28.3041659196; 28.2999992371; 28.5854169925; 28.2874994278; 28.1145837704; 28.0354168018; 75.5437493324; 76.3000008265; 70.3375016848; 70.1208318075; 69.2437489827; 69.0583324432; 75.7604166667; 68.872918129; 73.8604168892; 13.6505584502
2017-12-14 17:38:27 ; 28.7000007629; 28.6000003815; 28.4234039631; 28.2999992371; 28.2999992371; 28.5191490092; 28.2319151696; 28.1042557169; 28.0191490092; 75.5595735591; 76.304257332; 70.3127686521; 70.1234023723; 69.2808521352; 69.0531906777; 75.7978729897; 68.9212776346; 73.9957442588; 13.6505584502
2017-12-14 17:43:27 ; 28.3723405879; 28.3446809485; 28.1702128065; 28.0468084457; 28.0510637405; 28.3063830924; 28.0191489281; 27.9425529723; 27.9021272862; 79.6489364949; 80.6872339452; 74.302127757; 73.7085107844; 72.5787228523; 72.5340421149; 79.4276593797; 71.2574471007; 75.5106384602; 14.579699642
2017-12-14 17:48:36 ; 29.093877481; 28.9428573531; 28.7367346238; 28.5714285714; 28.5142857688; 28.7265305422; 28.4285715843; 28.3367347328; 28.240816272; 77.3489795607; 78.7183674404; 72.6408158906; 72.336735161; 71.5020403181; 71.7510207818; 78.708163203; 71.0612243341; 75.80204119; 14.579699642
2017-12-14 17:53:40 ; 29.3999996185; 29.2979584519; 29.091837085; 28.9612243419; 28.9387752767; 29.1551026325; 28.8448973675; 28.6938782906; 28.5693880198; 75.3346932859; 76.3469384641; 70.3408165757; 70.3061222933; 69.4816319991; 69.4591830507; 76.1795922104; 69.1428577657; 74.0775512384; 14.579699642
2017-12-14 17:58:42 ; 29.29999944; 29.2468085593; 29.05531936; 28.9510636431; 28.9468083077; 29.1744687506; 28.8234035817; 28.6659580799; 28.5191490092; 75.2212759789; 76.0404249151; 69.9638303391; 69.9404264409; 69.038297288; 68.9255330512; 75.6446797797; 68.8425542953; 73.8808515833; 13.6505584502
2017-12-14 18:03:47 ; 29.1979599388; 29.1530618084; 28.9714284624; 28.8755097292; 28.8857138497; 29.1000003815; 28.7306125407; 28.5693880198; 28.4204078596; 75.5795914008; 76.3469400211; 70.306122449; 70.1387738598; 69.1693857933; 69.1408141778; 75.9428577034; 69.1387737041; 74.2530614113; 13.6505584502
2017-12-14 18:08:58 ; 29.0857146127; 29.0571430751; 28.889795498; 28.7918360963; 28.8081625335; 29.0061224723; 28.6428576878; 28.4959183518; 28.3326524228; 75.8367360952; 76.6142841261; 70.5387749185; 70.2959203915; 69.3693897481; 69.3469398654; 76.1816308158; 69.363266614; 74.5204078519; 13.6505584502
2017-12-14 18:13:58 ; 29.0170213415; 28.97234032; 28.8234035817; 28.7021283495; 28.7255322882; 28.9255316308; 28.5872343753; 28.4021272862; 28.2744677118; 76.0042552542; 76.8638297548; 70.7085095669; 70.4340435596; 69.4765961018; 69.52553185; 76.368085983; 69.4595750849; 74.63829771; 0 
2017-12-14 18:19:01 ; 28.8787229416; 28.7808508772; 28.6957451435; 28.6063833845; 28.5765960369; 28.6787236802; 28.4659573169; 28.3531909293; 28.2106388985; 76.4106380381; 77.440425467; 71.0212762711; 70.6851055064; 69.8553194087; 70.2617020303; 76.6212757192; 69.5276591524; 74.7212763036; 0 
2017-12-14 18:24:04 ; 28.7511110942; 28.6222226885; 28.5844447666; 28.5200000763; 28.4222219255; 28.4466664632; 28.3777773115; 28.2977770487; 28.1755562252; 76.7888887193; 77.9955552843; 71.3066667345; 70.928889974; 70.2200005425; 70.9355553521; 76.9133346558; 69.6155537923; 74.7844450209; 0 
2017-12-14 18:29:13 ; 28.6604172786; 28.5062500238; 28.4937499762; 28.4062496424; 28.3083326022; 28.3541661104; 28.2895827293; 28.2020840645; 28.1020837228; 77.1166653633; 78.34166797; 71.6041653951; 71.1229149501; 70.4937500954; 71.3333350817; 77.0479159355; 69.7166663806; 74.8375004133; 0 
2017-12-14 18:34:15 ; 28.5638300307; 28.4276592985; 28.4063826216; 28.3382972555; 28.2659572033; 28.2765953389; 28.2000007629; 28.1510644061; 28.0340426831; 77.1638279367; 78.4170225428; 71.6382962491; 71.214891799; 70.597870847; 71.4319159325; 77.1702111427; 69.7531916842; 74.8531912946; 0 
2017-12-14 18:39:24 ; 28.3729168574; 28.2749998569; 28.2354164918; 28.1604163647; 28.0916670163; 28.1083337466; 28.0854169925; 28.0375001431; 27.9541664918; 78.9604155223; 80.3312505086; 73.5104158719; 72.8562494914; 72.0333329837; 72.9041668574; 78.7749999364; 70.6874996821; 75.5250000954; 0 
2017-12-14 18:44:29 ; 28.3936167778; 28.1957449; 28.1319153968; 28.0489363569; 27.9531913108; 27.9680849846; 27.9404253047; 27.9212762954; 27.8148929109; 78.2936169239; 79.8744678903; 73.1510644466; 72.5744680851; 71.7999998052; 72.7702128634; 78.5829781066; 70.7404255968; 75.4829788208; 0 
2017-12-14 18:49:31 ; 28.4760868653; 28.2999992371; 28.2217395617; 28.1369570442; 28.019565292; 28.0304348987; 28.0; 28.0; 27.8804343265; 76.2369567208; 77.5565215401; 70.9847828409; 70.6369564222; 69.9869558915; 70.7326094586; 76.3543478924; 69.0913042815; 73.8413037839; 0 
2017-12-14 18:54:36 ; 28.3999996185; 28.240425678; 28.2000007629; 28.1063833845; 28.0; 28.0042553354; 28.0; 27.9978723323; 27.8404249232; 75.4574463215; 76.6659576741; 70.1425532889; 69.7999998052; 69.1914896864; 69.8042548971; 75.2936164369; 68.2978721781; 72.9127663146; 0 
2017-12-14 18:59:45 ; 28.1102039181; 28.0081636857; 27.9877555224; 27.910204284; 27.8183672769; 27.8489795607; 27.838775518; 27.8204080621; 27.7020404582; 77.7795917745; 79.0367342891; 72.1836739365; 71.5775515498; 70.910204829; 71.7714287894; 77.2877558494; 69.106122776; 74.0142854963; 0
2017-12-14 19:04:51 ; 27.8918368281; 27.7612243964; 27.7285712884; 27.6265307835; 27.5265307135; 27.5204082411; 27.4795917589; 27.4836734071; 27.3938771462; 78.0326534972; 79.4857146594; 72.7979586854; 72.1142859945; 71.665306247; 72.8326526564; 78.5061220442; 69.9367351921; 75.1387754168; 0
2017-12-14 19:09:55 ; 28.3624999523; 28.1520836751; 28.0604168971; 27.9291663965; 27.7624998887; 27.7312500477; 27.664583842; 27.7166668971; 27.5437501669; 78.695833842; 80.6041669846; 73.9437497457; 73.3458334605; 73.1125008265; 74.5520836512; 80.5291663806; 71.3145837784; 77.5187501907; 0 
2017-12-14 19:15:00 ; 29.234042472; 28.8659575036; 28.69148924; 28.4659575199; 28.2446807699; 28.2191488794; 28.1893616534; 28.2127659169; 27.9042552786; 75.1936168265; 77.4085112227; 71.2553194736; 71.2361706673; 71.0659570897; 72.2489356183; 77.8851066752; 69.8212765633; 75.789361832; 0 
2017-12-14 19:20:10 ; 29.5; 29.2413044805; 29.0760872468; 28.8652169186; 28.673913624; 28.6630441002; 28.6478266509; 28.5891307748; 28.2499999585; 75.0217392963; 76.9021747423; 70.6152157991; 70.639129307; 70.4065221704; 71.3108696316; 76.8956529369; 69.3086975761; 75.3413051108; 0 
2017-12-14 19:25:25 ; 29.338774973; 29.1448985119; 29.0244898893; 28.8775505533; 28.7020415481; 28.7000007629; 28.6612251048; 28.5775513162; 28.2204085759; 75.8653058422; 77.4183673469; 70.8938774576; 70.7346935661; 70.3673480287; 71.2469385887; 76.922449073; 69.4897960741; 75.5897957938; 0 
2017-12-14 19:30:28 ; 29.1434788082; 28.9565215733; 28.8760864838; 28.7478261201; 28.5934786175; 28.5956525388; 28.5347827414; 28.4391302026; 28.0652176401; 76.5391305011; 77.9847818458; 71.3434784931; 71.0565213742; 70.5760862931; 71.5043477597; 77.2499991707; 69.9108702618; 75.9913043147; 0 
2017-12-14 19:35:37 ; 28.9857142312; 28.8142850837; 28.7428572518; 28.6204086226; 28.4857142312; 28.4612243419; 28.3979587944; 28.2775506779; 27.9469385731; 77.0551012; 78.5244891108; 71.7857152199; 71.4000005917; 70.9265312662; 71.9122448357; 77.7367351298; 70.3244896714; 76.5489793116; 0 
2017-12-14 19:40:38 ; 28.8510632616; 28.672341083; 28.6191493907; 28.52765968; 28.3510632616; 28.3659569355; 28.2638295762; 28.1553197414; 27.8255312494; 77.3595753122; 78.8702129608; 72.0702120193; 71.6702111427; 71.1234030216; 72.2127659574; 78.0638291379; 70.5446801693; 76.7851060908; 0 
2017-12-14 19:45:47 ; 28.7428572518; 28.5489797787; 28.4877550553; 28.3775505533; 28.2530611778; 28.2408164667; 28.1448985119; 28.0346940099; 27.7061230796; 77.5734682667; 79.102039415; 72.2755105155; 71.8244907613; 71.2836738119; 72.355103629; 78.2346934104; 70.6775495568; 76.9244903253; 0 
2017-12-14 19:50:49 ; 28.6369570442; 28.4282605959; 28.3826082478; 28.2695649188; 28.1434788082; 28.1239135162; 28.0347827414; 27.9304345172; 27.6152178308; 77.7043468641; 79.2586958512; 72.4478268831; 71.9847828409; 71.432609724; 72.5369559578; 78.4739134415; 70.7695654164; 76.9717392299; 0 
2017-12-14 19:55:52 ; 28.5295455673; 28.3363630121; 28.2840903889; 28.197728027; 28.0522729267; 28.0295455673; 27.9522725452; 27.8295448043; 27.5159091516; 77.8159110329; 79.3750015606; 72.5499992371; 72.0931803963; 71.5159088482; 72.6431799802; 78.5954530889; 70.8977288333; 77.0249996185; 0 
2017-12-14 20:01:00 ; 28.4282605959; 28.2521738799; 28.2000007629; 28.1021743028; 27.9717390226; 27.9413041239; 27.8717386412; 27.7478261201; 27.4282605959; 77.9239140386; 79.482608961; 72.6347813814; 72.1543464661; 71.5717380358; 72.7347816799; 78.7152164293; 71.0021738799; 77.25; 0 
2017-12-14 20:06:05 ; 28.3673464327; 28.165306753; 28.110204502; 28.0142857688; 27.8816322015; 27.8959179703; 27.7938768815; 27.6591842807; 27.3469381916; 78.032652563; 79.6122434966; 72.7795930201; 72.2428568626; 71.6551001413; 72.8448993916; 78.7897961675; 71.0591827704; 77.2795916188; 0 
2017-12-14 20:11:09 ; 28.2999992371; 28.1000003815; 28.0440001678; 27.9379997635; 27.8099992752; 27.8019992447; 27.7000007248; 27.5980003738; 27.2839994812; 78.1259986877; 79.7660003662; 72.9100012207; 72.3680014038; 71.782000885; 72.9620002747; 78.9340003967; 71.1399986267; 77.3739994812; 0 
2017-12-14 20:16:17 ; 28.2063836443; 28.0042553354; 28.0; 27.8999996185; 27.7872334744; 27.7425533051; 27.6148940553; 27.5106383385; 27.2000007629; 78.1978724054; 79.7787236964; 72.9893618645; 72.4127664769; 71.8531917816; 72.9914898162; 79.0170210169; 71.2106370317; 77.3829782364; 0 
2017-12-14 20:21:18 ; 28.304166317; 28.0708336035; 28.0208334128; 27.9104163249; 27.7937493324; 27.7687497139; 27.6541672548; 27.5500001907; 27.2187504768; 77.6041669846; 79.3041666349; 72.53125; 72.0729163488; 71.5083327293; 72.6708332698; 78.616666317; 70.9229172071; 76.9000002543; 0 
2017-12-14 20:26:27 ; 28.5208334128; 28.2749999762; 28.1937502623; 28.0708336035; 27.9145830075; 27.895832936; 27.8062496583; 27.7125002146; 27.3708328406; 76.6062501272; 78.3874993324; 71.7666665713; 71.4458327293; 70.9374996821; 72.0562504133; 77.9104162852; 70.3729166985; 76.3270831108; 0 
2017-12-14 20:31:34 ; 28.7714282445; 28.4795917589; 28.4040812668; 28.255101963; 28.110204502; 28.0653063716; 27.9959183518; 27.9061220909; 27.5469389546; 75.6612242095; 77.408163421; 70.9265307991; 70.7204076027; 70.3122448045; 71.3204079453; 77.0306128677; 69.7000000623; 75.759184234; 0 
2017-12-14 20:36:35 ; 28.7999992371; 28.6000003815; 28.4958333174; 28.3458327452; 28.2000007629; 28.1958340804; 28.0958336989; 28.0; 27.618750453; 75.4791669846; 77.1499985059; 70.6624983152; 70.4812502861; 70.0562491417; 71.0333328247; 76.7833352089; 69.4708337784; 75.5208338102; 0 
2017-12-14 20:41:45 ; 28.7652171591; 28.5282609774; 28.4630433373; 28.3130427651; 28.2000007629; 28.1978268416; 28.1000003815; 27.9891303933; 27.6021743028; 75.6152156332; 77.1826069044; 70.6673897453; 70.4565224026; 70.0130432792; 70.9934783604; 76.7565228006; 69.4347836038; 75.410870096; 0 
2017-12-14 20:46:46 ; 28.7142862592; 28.5; 28.4040812668; 28.2999992371; 28.1897966424; 28.1040820297; 28.0469389546; 27.8999996185; 27.6000003815; 75.651019038; 77.3040824423; 70.7510203147; 70.5306117778; 70.069386852; 70.9755102664; 76.7367348184; 69.4244909481; 75.4142859323; 0 
2017-12-14 20:51:51 ; 28.7224494; 28.5; 28.4061220909; 28.2999992371; 28.18367417; 28.1020412056; 28.0653063716; 27.9122445632; 27.6000003815; 75.4551027259; 77.0612235556; 70.5183670667; 70.3306137396; 69.8857157182; 70.8020425913; 76.5816320303; 69.2979600867; 75.2530614113; 0 
2017-12-14 20:56:54 ; 28.7000007629; 28.5; 28.3999996185; 28.2999992371; 28.178724086; 28.1000003815; 28.0425533538; 27.910637957; 27.6000003815; 75.6340418065; 77.217020887; 70.6829773923; 70.4702132205; 69.9872342373; 70.8872357632; 76.6957438043; 69.3744698382; 75.2914897838; 0 
2017-12-14 21:02:03 ; 28.7000007629; 28.5; 28.3999996185; 28.2999992371; 28.156250596; 28.1000003815; 28.0; 27.8999996185; 27.5958336989; 75.6374993324; 77.2729169528; 70.7354160945; 70.5187497139; 70.0187497139; 70.9354176521; 76.6624978383; 69.3791685104; 75.2791666985; 0 
2017-12-14 21:07:04 ; 28.7000007629; 28.5; 28.3999996185; 28.2999992371; 28.1659097238; 28.1000003815; 28.0068182078; 27.8999996185; 27.6000003815; 75.5636353926; 77.1749992371; 70.6318166906; 70.4386373; 69.9750003815; 70.8863653703; 76.6204528809; 69.3590928858; 75.2590909438; 0 
2017-12-14 21:12:10 ; 28.7000007629; 28.5; 28.3999996185; 28.2999992371; 28.1608701789; 28.1021743028; 28.006521764; 27.8999996185; 27.6000003815; 75.5760857955; 77.1521720886; 70.6260853643; 70.4239142045; 69.9565224026; 70.8326109181; 76.5217387987; 69.2695655823; 75.1326078332; 0 
2017-12-14 21:17:15 ; 28.7000007629; 28.5; 28.3999996185; 28.2999992371; 28.1320005035; 28.1000003815; 28.0; 27.8999996185; 27.6000003815; 75.5739988708; 77.1559980774; 70.6139984131; 70.4140013123; 69.9100013733; 70.8160025024; 76.5099998474; 69.211998291; 75.0860005188; 0 
2017-12-14 21:22:25 ; 28.7040007019; 28.5; 28.3999996185; 28.2999992371; 28.1700006485; 28.1020003891; 28.0360001373; 27.9339997482; 27.6000003815; 75.1379994202; 76.2560005951; 70.2840008545; 70.1019992065; 69.6439988708; 70.5440000916; 76.2139996338; 69.0119998169; 74.736000824; 0 
2017-12-14 21:27:38 ; 28.7000007629; 28.5; 28.3999996185; 28.2999992371; 28.1750006676; 28.1083337466; 28.0625002384; 27.9229163726; 27.6000003815; 74.9395842552; 76.5645833015; 70.089583238; 69.9395842552; 69.4833335876; 70.3250002861; 75.9895834923; 68.8125001589; 74.4916672707; 0 
2017-12-14 21:32:42 ; 28.7000007629; 28.5; 28.3999996185; 28.2999992371; 28.1422227648; 28.1000003815; 28.0044444614; 27.8999996185; 27.6000003815; 74.8044474284; 76.366668023; 69.8822233412; 69.7800011529; 69.2955563015; 70.1311097887; 75.7244440715; 68.6311091105; 74.2555557251; 0 
2017-12-14 21:37:47 ; 28.7000007629; 28.5; 28.3999996185; 28.2999992371; 28.1521744935; 28.1000003815; 28.0043478427; 27.8999996185; 27.6000003815; 74.8369586779; 76.4347836038; 69.9434789575; 69.8217410212; 69.3369581803; 70.1804330245; 75.7956528042; 68.6565193508; 74.3760873546; 0 
2017-12-14 21:42:53 ; 28.7000007629; 28.5; 28.3999996185; 28.2999992371; 28.1510209843; 28.1000003815; 28.0163265929; 27.9020404426; 27.6000003815; 74.620407883; 76.1551020097; 69.6591834243; 69.6102038014; 69.1510196608; 69.9530613179; 75.5408160151; 68.4979592148; 74.1836730023; 0 
2017-12-14 21:47:58 ; 28.7000007629; 28.5; 28.3999996185; 28.2999992371; 28.1500005722; 28.1000003815; 28.0187500715; 27.9083329837; 27.6000003815; 74.4645838737; 75.9625005722; 69.4812502861; 69.4875001907; 69.0270829201; 69.8458339373; 75.3750007947; 68.3145853678; 73.8916668892; 0 
2017-12-14 21:53:03 ; 28.7000007629; 28.5; 28.3999996185; 28.2999992371; 28.1212770584; 28.1000003815; 28.0; 27.8999996185; 27.6000003815; 74.5212762711; 76.0446801693; 69.5765947383; 69.5404249151; 69.0382974503; 69.8765969784; 75.4021285037; 68.3595764485; 74.0340428454; 0 
2017-12-14 21:58:05 ; 28.7000007629; 28.5; 28.3999996185; 28.2999992371; 28.1456527295; 28.1021743028; 28.0; 27.9043474612; 27.6000003815; 74.2934785926; 75.8869572515; 69.4500007629; 69.4260880843; 68.9782612013; 69.7739130103; 75.2869566213; 68.2717394621; 73.8673913375; 0 
2017-12-14 22:03:14 ; 28.7510203926; 28.5; 28.4306119802; 28.2999992371; 28.1857149942; 28.110204502; 28.0816329645; 27.9857142312; 27.6346943914; 74.1530601346; 75.7102032097; 69.4306133037; 69.2857150642; 68.8714302219; 69.6632639048; 75.2020403804; 68.2448971807; 73.7959180559; 0 
2017-12-14 22:08:14 ; 28.7000007629; 28.5; 28.3999996185; 28.2999992371; 28.1782615496; 28.1000003815; 28.0434784267; 27.9499998093; 27.6108699882; 74.0717380358; 75.6521724203; 69.397827646; 69.2173903092; 68.808696581; 69.5652163962; 75.0499994029; 68.1086941595; 73.6565208435; 0 
2017-12-14 22:13:24 ; 28.7000007629; 28.5; 28.3999996185; 28.2999992371; 28.165306753; 28.1000003815; 28.0020408241; 27.9020404426; 27.6000003815; 74.193875994; 75.7877558494; 69.4020423111; 69.3244910727; 68.8857155625; 69.6469376233; 75.1204069488; 68.1775494011; 73.8285715531; 0 
2017-12-14 22:18:30 ; 28.7000007629; 28.5; 28.3999996185; 28.2999992371; 28.1479172309; 28.1000003815; 28.0; 27.8999996185; 27.6000003815; 74.1208318075; 75.662498951; 69.3937514623; 69.224998951; 68.7895843188; 69.5916652679; 75.0604159037; 68.095831871; 73.7458338737; 0 
2017-12-14 22:23:37 ; 28.7413044805; 28.5; 28.4195649106; 28.2999992371; 28.1891311563; 28.1195656735; 28.0804350894; 27.9826086293; 27.6369570442; 73.982608961; 75.4869567208; 69.3000003981; 69.1065207772; 68.6934769672; 69.4673918019; 74.9543478593; 68.0456514773; 73.6739132093; 0 
2017-12-14 22:28:42 ; 28.7000007629; 28.5; 28.4020404426; 28.2999992371; 28.18367417; 28.1163269744; 28.0612247233; 27.9530610454; 27.6163269744; 73.8224513774; 75.3224504432; 69.0489788445; 68.912246237; 68.5142854963; 69.2285713663; 74.6979583429; 67.7979600867; 73.2448984263; 0 
2017-12-14 22:33:47 ; 28.6600006104; 28.4359997559; 28.3739995193; 28.2380001831; 28.1160004425; 28.1000003815; 28.0; 27.8999996185; 27.6000003815; 73.6560003662; 75.0280004883; 68.7799998474; 68.6180000305; 68.2060003662; 68.9460003662; 74.386000061; 67.5659999084; 73.016000061; 0
2017-12-14 22:39:08 ; 28.78125; 28.5416668256; 28.4583331744; 28.3374994198; 28.1875003974; 28.1437504689; 28.0645835797; 28.0062500238; 27.6979169448; 77.7666664124; 79.6666665077; 72.9062501589; 72.4499999682; 71.9354166985; 73.1624999046; 79.1312499046; 71.3291668892; 77.147916317; 0 
2017-12-14 22:44:11 ; 29.0750002861; 28.8499996265; 28.7395832936; 28.5791669687; 28.4062496424; 28.3749995232; 28.3229162693; 28.2708330154; 27.9395831029; 74.3020836512; 75.9854164124; 69.6562498411; 69.602083683; 69.2875000636; 70.2687503497; 75.8666666349; 68.7291666667; 74.4583336512; 0 
2017-12-14 22:49:17 ; 29.0404256861; 28.8595739324; 28.7765953389; 28.617021723; 28.4659573169; 28.4085102893; 28.3978719508; 28.2999992371; 27.9893616615; 73.2085100539; 74.5425536785; 68.3787228199; 68.3531906453; 68.0680860154; 68.808510476; 74.2489361053; 67.5340434947; 73.0936168914; 0 
2017-12-14 22:54:30 ; 28.8679994965; 28.7120004272; 28.6480005646; 28.5440001678; 28.3699995041; 28.3699995041; 28.2939994431; 28.2060005188; 27.8719995117; 73.2019996643; 74.4500006104; 68.2280001831; 68.1999990845; 67.828001709; 68.5419993591; 73.8980010986; 67.3120013428; 72.7219995117; 0 
2017-12-14 22:59:38 ; 28.7413044805; 28.5673915614; 28.506521764; 28.4065213825; 28.2652171591; 28.2586955195; 28.1739137069; 28.0826090108; 27.7652171591; 73.5326090274; 74.8000002322; 68.5391308328; 68.4304351807; 68.0021740457; 68.7630442744; 74.1826090605; 67.5630431797; 73.147826485; 0 
2017-12-14 23:04:47 ; 28.6872347568; 28.5; 28.410637957; 28.2999992371; 28.1851070891; 28.1574474091; 28.0978727138; 28.0; 27.6893624245; 73.8851079738; 75.2148935846; 68.9042558061; 68.742553224; 68.3276602562; 69.0702116946; 74.5702123439; 67.8659583558; 73.3723402632; 0 
2017-12-14 23:09:54 ; 28.7020840247; 28.5; 28.4083329837; 28.2999992371; 28.1812506914; 28.1375005245; 28.0979170402; 28.0; 27.685417374; 72.5812497139; 73.8833325704; 67.8187510967; 67.7187500795; 67.2541680336; 68.0479154587; 73.2666654587; 66.7854181131; 72.1583333015; 5.42153805596
2017-12-14 23:14:57 ; 27.8979166349; 27.7895832856; 27.7020832698; 27.5749997298; 27.4229168495; 27.3687500556; 27.2520832221; 27.1291666428; 26.9479168256; 60.6187500954; 60.8020834128; 57.195833683; 57.652083079; 57.2979164124; 57.7999998728; 61.6708333492; 56.9895832539; 60.777083238; 0
2017-12-14 23:20:01 ; 30.2142856754; 29.2530611778; 28.5836733993; 28.1102041517; 27.804081547; 27.6510204782; 27.548979623; 27.4612244976; 27.0448979748; 67.9163267175; 71.9632652438; 68.2224490107; 69.2244899516; 69.4938774887; 70.8489789379; 76.6938777067; 69.1183678763; 74.5367352233; 0
2017-12-14 23:25:11 ; 31.8916664918; 30.92291677; 30.1541665792; 29.5270832777; 29.1124999921; 28.96875; 28.9083334605; 28.8145834208; 28.1374999682; 65.4416662852; 69.2937498093; 66.2749999364; 67.8999999364; 68.6354163488; 69.8729165395; 75.2624999682; 68.133333683; 73.6791666349; 0
2017-12-14 23:30:15 ; 30.9812500477; 30.48541677; 30.0270834764; 29.529166619; 29.1854166587; 29.0145832698; 28.8770831426; 28.7437500954; 28.2854167223; 56.4229166508; 58.4416664441; 56.3166666826; 58.0833332539; 58.6500000159; 59.5937496821; 63.5583331585; 58.6395831108; 62.7520837784; 0
2017-12-14 23:35:26 ; 31.9531914731; 31.2191489605; 30.5893617184; 29.4106382411; 28.7829788289; 28.4574466462; 28.2021279436; 27.9787233231; 27.6297874451; 62.7361703426; 66.6404258241; 63.44468064; 66.4702123277; 67.3361705212; 69.2106383303; 75.8127663795; 69.4978721294; 79.2234044176; 0
2017-12-14 23:40:39 ; 33.8531912134; 33.0212762711; 32.2000001948; 30.4042554815; 29.3680851713; 28.855319084; 28.5021276677; 28.1000003815; 27.4638296493; 61.1638294788; 65.6404253371; 62.953191392; 67.5404250774; 69.553191814; 72.4000003896; 79.8404253696; 73.3978721132; 85.2936172485; 0
2017-12-14 23:45:36 ; 33.8111110263; 33.1777774387; 32.4999999152; 30.7955549028; 29.7000006358; 29.0866669973; 28.6022226122; 28.0844447666; 27.2911109924; 61.4733333164; 65.2644439697; 62.2666667514; 66.9466661241; 69.5911115858; 73.0511111789; 81.4333336724; 75.713333469; 89.2755560981; 0 
2017-12-14 23:50:42 ; 32.9122449135; 32.4897961519; 31.9122445243; 30.5061227837; 29.5448984029; 28.8673468609; 28.3387754012; 27.7367344292; 26.9428572363; 56.2102039882; 59.0408164822; 56.3428569716; 60.2571423589; 62.4591837513; 65.8408165757; 72.8653060757; 68.4367348807; 79.4795919924; 0
2017-12-14 23:55:53 ; 28.5645832618; 28.9499999285; 28.7770833969; 28.0250000954; 27.4291667541; 26.8770834208; 26.4166667064; 25.9812499682; 25.6833333572; 49.2312501272; 49.277083079; 47.7416665554; 50.2458336353; 51.0000000795; 52.9854165713; 57.40625; 54.4541668097; 59.1354165872; 0
