2017-12-12 00:03:12 ; 19.6311105516; 19.9911110772; 19.6088893043; 20.1133337657; 19.9266663869; 19.9444442325; 19.7000007629; 19.7777773539; 19.2422222985; 151.199998135; 76.2933349609; 82.9977778117; 85.5511103312; 89.1888870239; 76.3444464789; 76.7177758111; 86.5488881429; 86.5933332655; 0 
2017-12-12 00:08:14 ; 19.8624994755; 19.9916666349; 19.6500005722; 20.1229171356; 19.9312497377; 19.7687499126; 19.7000007629; 19.7979159355; 19.2624998093; 79.3541688919; 76.3395837148; 83.1249992053; 85.6020817757; 89.3166680336; 143.868751367; 76.7249984741; 86.5354162852; 86.6020830472; 0 
2017-12-12 00:13:21 ; 19.8127652432; 19.9829786585; 19.6000003815; 20.1063833845; 19.9085102893; 19.9319146339; 19.7000007629; 19.7936163557; 19.2000007629; 79.6404233892; 76.6723384451; 83.4574474578; 85.7574471007; 89.6255301618; 76.6723386075; 76.9659579663; 86.836172388; 87.0276591524; 0 
2017-12-12 00:18:26 ; 19.5893609473; 19.9063826216; 19.5978727138; 20.1000003815; 19.8999996185; 19.8999996185; 19.6404260676; 19.7000007629; 19.2000007629; 148.340428129; 76.4297879807; 83.2893631306; 85.7170207247; 89.4446812082; 76.4765959395; 76.8574488214; 86.6680840026; 86.9063844072; 0 
2017-12-12 00:23:24 ; 19.7999992371; 19.9239127532; 19.6000003815; 20.1000003815; 19.8999996185; 19.9043474612; 19.6239135162; 19.7000007629; 19.2000007629; 79.0217389646; 76.063042848; 82.8456530364; 85.3565227674; 89.0; 76.0586947565; 76.5782605047; 86.2478257884; 86.4434791233; 0 
2017-12-12 00:28:33 ; 19.8159992981; 19.9159996796; 19.5900003433; 20.1000003815; 19.9059996414; 19.8999996185; 19.6160004425; 19.7000007629; 19.2040006638; 79.3020013428; 76.2319995117; 83.1359991455; 85.5739996338; 89.1959989929; 76.2839997864; 76.7219992065; 86.5259996033; 86.7420011902; 0 
2017-12-12 00:33:36 ; 19.9770832459; 20.0604168971; 19.7583332459; 20.1666673024; 20.0166667302; 19.9979166587; 19.7250003815; 19.8187495073; 19.5041666826; 78.9395842552; 75.9104180336; 82.5312498411; 85.6124987602; 88.9645838737; 76.2833344142; 76.9187512398; 86.4645838737; 85.829167366; 0 
2017-12-12 00:38:40 ; 20.1000003815; 20.1795925218; 19.9408161008; 20.2163270444; 20.1000003815; 20.091837085; 19.8448973675; 19.963265166; 19.7775506389; 78.8653075549; 75.865308022; 82.0795914008; 85.5510196297; 88.9714290074; 76.2571432931; 76.763265493; 86.12653055; 84.8897952644; 0 
2017-12-12 00:43:46 ; 20.1000003815; 20.2000007629; 20.0; 20.2938768815; 20.1000003815; 20.1000003815; 19.8999996185; 20.0; 19.8326524228; 78.7857147528; 75.9163278074; 81.934694874; 85.565305126; 89.0673459111; 76.253061567; 76.4897960741; 85.8938791703; 84.6489784085; 0 
2017-12-12 00:48:52 ; 20.1000003815; 20.1980007553; 20.0100000381; 20.2979992676; 20.1000003815; 20.1000003815; 19.9519998169; 20.0020000076; 19.875999527; 78.9360009766; 76.0119998169; 81.9500007629; 85.7279997253; 89.2740016174; 76.4240011597; 76.5199996948; 85.9780003357; 84.8000010681; 0 
2017-12-12 00:53:55 ; 20.1000003815; 20.2000007629; 20.0791669687; 20.2999992371; 20.1000003815; 20.1000003815; 20.0; 20.0541668733; 19.8749995232; 78.9062514305; 75.9791669846; 81.8354169528; 85.6666644414; 89.2187496821; 76.3770852089; 76.4500007629; 85.8666667938; 84.649998347; 0 
2017-12-12 00:58:54 ; 20.1217395948; 20.2000007629; 20.0978264601; 20.2999992371; 20.1000003815; 20.1000003815; 20.0; 20.0565219547; 19.8913039332; 78.7369558915; 75.8173924322; 81.5130432792; 85.5695641559; 88.9978261201; 76.2608702286; 76.2673920341; 85.671737505; 84.4369574837; 0 
2017-12-12 01:03:57 ; 20.1918374665; 20.2000007629; 20.1000003815; 20.2999992371; 20.1000003815; 20.1040820297; 20.0; 20.0857146127; 19.8999996185; 78.6448957482; 75.6693851705; 81.2530614113; 85.4979592148; 89.0836721926; 76.1040800445; 76.1469365334; 85.5938761186; 84.1448959039; 0 
2017-12-12 01:09:07 ; 20.2000007629; 20.2000007629; 20.1000003815; 20.2999992371; 20.1000003815; 20.1020837228; 20.0; 20.1000003815; 19.8999996185; 78.5; 75.5999984741; 81.1020817757; 85.3645853996; 89.0041666031; 76.0833320618; 76.0104165077; 85.4687504768; 84.0208330154; 0 
2017-12-12 01:14:07 ; 20.1875007153; 20.2000007629; 20.1000003815; 20.2999992371; 20.1000003815; 20.1000003815; 20.0; 20.0770836274; 19.8937495947; 78.5124998093; 75.6333312988; 81.1437478065; 85.3541688919; 88.9895834923; 76.068748951; 75.9583339691; 85.4708337784; 84.1791640917; 0 
2017-12-12 01:19:14 ; 20.1060004044; 20.2000007629; 20.1000003815; 20.2939993286; 20.0400001526; 20.1000003815; 19.6160000002; 20.0120000458; 19.8779995346; 78.5; 75.5999984741; 81.1199981689; 85.3700018311; 89.1459979248; 76.0179997253; 75.9580006409; 85.4740003967; 84.2540008545; 0 
2017-12-12 01:24:18 ; 20.1086960668; 20.2000007629; 20.1000003815; 20.2913037176; 20.0021739213; 20.1021743028; 20.0; 20.0021739213; 19.8739125625; 78.5086955195; 75.6065201137; 81.1260850326; 85.5043477597; 89.2260853311; 76.0869551949; 76.0913029546; 85.5913029546; 84.2913047127; 0 
2017-12-12 01:29:23 ; 20.1448985119; 20.2000007629; 20.1000003815; 20.2999992371; 20.0877554368; 20.1000003815; 20.0; 20.0530614269; 19.8959179703; 78.4857145037; 75.5061223556; 81.0; 85.379593674; 89.1244880521; 76.022448637; 76.0163262815; 85.453061785; 84.0530604148; 0 
2017-12-12 01:34:25 ; 20.1978268416; 20.2000007629; 20.1000003815; 20.2999992371; 20.1000003815; 20.1000003815; 20.0; 20.0956525388; 19.8999996185; 78.3608716882; 75.4043492856; 80.8434804833; 85.1999977775; 89.0065216396; 75.982608961; 75.8608716882; 85.2413039829; 83.897827646; 0 
2017-12-12 01:39:28 ; 20.2000007629; 20.2000007629; 20.1000003815; 20.2999992371; 20.1000003815; 20.1000003815; 20.0; 20.0822225359; 19.8999996185; 78.2866689046; 75.3666687012; 80.7022199843; 85.1111094157; 88.9888890584; 75.9177790324; 75.7888912625; 85.1266647339; 83.7555558946; 0 
2017-12-12 01:44:30 ; 20.1978730952; 20.2000007629; 20.1021280492; 20.2999992371; 20.0468086892; 20.1000003815; 20.0; 20.0382980184; 19.8999996185; 78.1999985715; 75.3255334408; 80.610636772; 85.0872327115; 88.9106396614; 75.8829798597; 75.7191470532; 85.1255304864; 83.642551341; 0 
2017-12-12 01:49:37 ; 20.1914900922; 20.2000007629; 20.1106387199; 20.2999992371; 20.0; 20.1000003815; 20.0; 20.0659576984; 19.8999996185; 78.1468062705; 75.1808500899; 80.4510645765; 84.9957447458; 88.7723417891; 75.6489350339; 75.6382957621; 84.9638303391; 83.4531922036; 0 
2017-12-12 01:54:42 ; 20.1673919429; 20.2000007629; 20.1521744935; 20.2999992371; 20.0021739213; 20.1000003815; 20.0; 20.0804350894; 19.9021735399; 78.0; 74.9760873214; 80.2847845658; 84.8391328895; 88.667388916; 75.5; 75.5543469968; 84.75; 83.1999991044; 0 
2017-12-12 01:59:46 ; 20.1191493907; 20.2000007629; 20.1595750768; 20.29787161; 20.0; 20.1021280492; 20.0; 20.0531916923; 19.8999996185; 77.8765976277; 74.836170927; 80.0510638623; 84.7787251574; 88.5617011862; 75.3617037509; 75.4404264409; 84.5723393217; 83.0553183048; 0 
2017-12-12 02:04:52 ; 20.1326535673; 20.2000007629; 20.1571434566; 20.2999992371; 20.0346940099; 20.1000003815; 20.0; 20.0306123617; 19.8999996185; 77.4918371707; 74.5979576889; 79.6040803559; 84.432653466; 88.2244894845; 75.1326527498; 75.1938767725; 84.2959193016; 82.7734694189; 0 
2017-12-12 02:09:54 ; 20.1425537353; 20.2000007629; 20.1021280492; 20.2999992371; 20.0936173784; 20.1000003815; 20.0; 20.0319150154; 19.8808506093; 77.2297869743; 74.4404264409; 79.5702116946; 84.0553183048; 87.961702712; 74.9893618645; 74.980851356; 84.0595737214; 82.8340437869; 0 
2017-12-12 02:15:01 ; 20.1297877291; 20.2000007629; 20.1000003815; 20.2999992371; 20.0361703507; 20.1000003815; 20.0; 20.0340426831; 19.8808506093; 77.0276607757; 74.2744679552; 79.3255313305; 83.9382970282; 87.8170209844; 74.8063826865; 74.8404256942; 83.8127655679; 82.5872341724; 0 
2017-12-12 02:20:04 ; 20.1000003815; 20.2000007629; 20.0959187332; 20.2612243185; 20.1000003815; 20.091837085; 19.9979591759; 20.0; 19.8244891264; 76.6836740922; 74.0020407852; 79.1102030229; 83.6142849046; 87.4142859323; 74.5122445554; 74.5551012; 83.4714288517; 82.4081646666; 0 
2017-12-12 02:25:09 ; 20.1000003815; 20.2000007629; 20.0638300307; 20.2191494069; 20.0468086892; 20.0829790399; 19.97234032; 20.0; 19.8021269048; 76.6638292353; 73.9297883054; 79.1191482544; 83.5957438692; 87.3531925932; 74.5212762711; 74.5340420337; 83.5340420337; 82.4851062856; 0 
2017-12-12 02:30:09 ; 20.1000003815; 20.2000007629; 20.1000003815; 20.2155560811; 20.0; 20.1000003815; 19.9599998474; 20.0; 19.8533327738; 76.7666676839; 73.8888905843; 79.0399993896; 83.6599982368; 87.5622212728; 74.4777781169; 74.5533325195; 83.457778422; 82.257778422; 0 
2017-12-12 02:35:18 ; 20.1000003815; 20.2000007629; 20.1000003815; 20.2142862592; 20.0; 20.1000003815; 19.9714284624; 20.0; 19.871428081; 76.6040800445; 73.8551042518; 78.9163278074; 83.5918358005; 87.4836737185; 74.4448988; 74.4897960741; 83.3428595407; 82.1244878964; 0 
2017-12-12 02:40:20 ; 20.1000003815; 20.2000007629; 20.1000003815; 20.2142862592; 20.0; 20.1000003815; 19.9880951927; 20.0; 19.8619042351; 76.6333312988; 73.8833351135; 78.9952381679; 83.6095226833; 87.5119045803; 74.407144274; 74.5023809161; 83.3500022888; 82.1857116336; 0 
2017-12-12 02:45:28 ; 20.1000003815; 20.2000007629; 20.1000003815; 20.2040823333; 20.0; 20.1000003815; 19.9367344525; 20.0; 19.871428081; 76.6469365334; 73.7918380426; 78.8489803392; 83.6122431852; 87.5387749185; 74.3265332592; 74.4265317333; 83.3224509103; 82.069386852; 0 
2017-12-12 02:50:32 ; 20.1000003815; 20.2000007629; 20.1000003815; 20.2000007629; 19.9978260787; 20.1000003815; 19.8999996185; 20.0; 19.8608690345; 76.5999984741; 73.6239111527; 78.5956508802; 83.5869553607; 87.4152185191; 74.1086939936; 74.3369588437; 83.163041488; 81.8608710248; 0 
2017-12-12 02:55:31 ; 20.1000003815; 20.2000007629; 20.1000003815; 20.2000007629; 19.9456519666; 20.0608697974; 19.8999996185; 20.0; 19.8565211918; 76.271739628; 73.4391313636; 78.2630442744; 83.4717395617; 87.1652168606; 74.0108693994; 74.186953669; 82.9217403246; 81.5804337211; 0 
2017-12-12 03:00:37 ; 20.1000003815; 20.2000007629; 20.1000003815; 20.2000007629; 19.8999996185; 20.088889228; 19.8999996185; 20.0; 19.8688883887; 76.1888861762; 73.2644448174; 78.1044428507; 83.2711112128; 87.0; 73.8600021362; 74.077776591; 82.826669142; 81.422223409; 0 
2017-12-12 03:05:40 ; 20.1000003815; 20.2000007629; 20.1000003815; 20.2000007629; 19.8999996185; 20.0333334605; 19.8999996185; 20.0; 19.8166659673; 76.1104149818; 73.2062473297; 77.9979166985; 83.212498188; 86.8916683197; 73.7750013669; 73.9604172707; 82.6958324114; 81.3208357493; 0 
2017-12-12 03:10:43 ; 20.1000003815; 20.1911118401; 20.1000003815; 20.2000007629; 19.8999996185; 20.0022222307; 19.8999996185; 20.0; 19.7999992371; 76.0999984741; 73.191108195; 78.0; 83.2022196452; 86.9488896688; 73.7822241889; 73.9000015259; 82.6844417996; 81.3600021362; 0 
2017-12-12 03:15:48 ; 20.1000003815; 20.1574474091; 20.1000003815; 20.2000007629; 19.8999996185; 20.0; 19.8999996185; 19.9957446646; 19.7999992371; 76.0595735591; 73.1531891518; 77.9276606783; 83.1574447307; 86.9404264409; 73.8085132355; 73.9000015259; 82.6787211641; 81.4106396614; 0 
2017-12-12 03:20:52 ; 20.1000003815; 20.1195656735; 20.0978264601; 20.1739137069; 19.8999996185; 20.0; 19.8999996185; 19.9521737306; 19.7999992371; 76.102172354; 73.1826070703; 78.0; 83.1999977775; 87.0586947565; 73.8891321265; 73.9000015259; 82.7434781945; 81.5456514773; 0 
2017-12-12 03:26:02 ; 20.0895836751; 20.1062504053; 20.0916670163; 20.1354171832; 19.8999996185; 20.0; 19.8999996185; 19.947916468; 19.7937493324; 76.1687474251; 73.2041640282; 78.0895819664; 83.2541658084; 87.1145815849; 73.931251049; 73.9208345413; 82.7687498728; 81.5770821571; 0 
2017-12-12 03:31:01 ; 20.0369566627; 20.1282613588; 20.0782611681; 20.1043482241; 19.8999996185; 20.0; 19.8673907985; 19.9391302026; 19.7869559578; 76.0369559578; 73.1391284777; 77.9739134415; 83.191302258; 87.0369559578; 73.819567473; 73.8695672077; 82.7217379031; 81.517391039; 0 
2017-12-12 03:36:07 ; 20.0020408241; 20.1183677985; 20.0816329645; 20.1000003815; 19.8938771462; 20.0; 19.8142850058; 19.9061220909; 19.7857137408; 76.0102039259; 73.1387737041; 78.0020407852; 83.2387746694; 87.0816314074; 73.7040802313; 73.8612266073; 82.7306115287; 81.5244894222; 0 
2017-12-12 03:41:13 ; 20.0; 20.1306127431; 20.0653063716; 20.1020412056; 19.8816322015; 20.0; 19.8020400612; 19.9020404426; 19.7918360963; 76.142854963; 73.2244891731; 78.1408155792; 83.3571444142; 87.2142847801; 73.7612251749; 73.9836737185; 82.8857160296; 81.6346922894; 0 
2017-12-12 03:46:15 ; 20.0; 20.1148940553; 20.0361703507; 20.1000003815; 19.8021269048; 20.0; 19.7999992371; 19.8999996185; 19.778722966; 76.3425552693; 73.3744698382; 78.2957463366; 83.4659576416; 87.382980509; 73.9595750849; 74.1127642368; 83.0829774572; 81.8489379883; 0 
2017-12-12 03:51:20 ; 20.0; 20.1085110522; 20.0063830031; 20.1000003815; 19.8234035817; 20.0; 19.7999992371; 19.8999996185; 19.7680848304; 76.4468093223; 73.4723408476; 78.4234054241; 83.4446815328; 87.4914894916; 74.0936155928; 74.2191470532; 83.1936147162; 82.0063828813; 0 
2017-12-12 03:56:23 ; 20.0; 20.1040820297; 20.0; 20.1000003815; 19.7999992371; 19.9979591759; 19.7999992371; 19.8999996185; 19.7204086148; 76.5448972741; 73.5367341334; 78.5346933482; 83.4387764444; 87.6714267341; 74.1979583429; 74.3285740444; 83.2673478418; 82.1040800445; 0 
2017-12-12 04:01:29 ; 20.0; 20.1020412056; 20.0; 20.1000003815; 19.7999992371; 20.0; 19.7999992371; 19.8999996185; 19.7204086148; 76.6632628149; 73.5346933482; 78.5408157037; 83.4877552889; 87.7571432931; 74.2510204704; 74.4000015259; 83.3142883924; 82.0693866963; 0 
2017-12-12 04:06:28 ; 20.0; 20.1000003815; 20.0; 20.1000003815; 19.7999992371; 20.0; 19.7999992371; 19.8999996185; 19.7000007629; 76.726085497; 73.6739105556; 78.6717365099; 83.4956522403; 87.8065246914; 74.2934805829; 74.4869567208; 83.4804350812; 82.2086937946; 0 
2017-12-12 04:11:35 ; 20.0; 20.1000003815; 20.0; 20.1000003815; 19.7999992371; 19.9978723323; 19.79787161; 19.8999996185; 19.7000007629; 76.844683221; 73.8063859331; 78.7787249951; 83.6361682973; 87.8978738988; 74.3872357632; 74.6063813554; 83.6574444061; 82.4148949156; 0 
2017-12-12 04:16:41 ; 20.0; 20.1000003815; 20.0; 20.1000003815; 19.7999992371; 19.9979591759; 19.7999992371; 19.8999996185; 19.7020415481; 76.967347437; 73.8346963999; 78.8836752444; 83.763265493; 87.9897960741; 74.4857145037; 74.6938745927; 83.6836714453; 82.4326540889; 0 
2017-12-12 04:21:40 ; 20.0; 20.1000003815; 20.0; 20.1000003815; 19.7999992371; 19.9978723323; 19.7999992371; 19.8999996185; 19.7000007629; 77.0255315253; 73.9851066102; 79.0319144066; 83.9255330512; 88.0042552542; 74.5531906777; 74.7404249475; 83.8531937295; 82.5255315253; 0 
2017-12-12 04:26:45 ; 20.0; 20.1000003815; 20.0; 20.1000003815; 19.8499994278; 20.0; 19.7999992371; 19.8999996185; 19.7166671753; 77.1416648229; 74.2229164441; 79.3687497775; 84.0187497139; 88.0916652679; 74.8187492688; 74.8645853996; 84.1187500954; 82.7750004133; 0 
2017-12-12 04:31:48 ; 20.0; 20.1000003815; 20.0; 20.1000003815; 19.8142850058; 20.0; 19.7999992371; 19.8999996185; 19.7000007629; 77.0999984741; 74.087753763; 79.1755100172; 83.9551027259; 88.0530604148; 74.683671601; 74.7979621109; 83.9183685926; 82.6102024001; 0 
2017-12-12 04:36:55 ; 20.0; 20.1000003815; 20.0; 20.1000003815; 19.7999992371; 19.9979999924; 19.7979992676; 19.8779995346; 19.7000007629; 76.8460006714; 73.771999054; 78.6119995117; 83.6200006104; 87.838001709; 74.4200012207; 74.6339982605; 83.5480006409; 82.2479994202; 0 
2017-12-12 04:41:56 ; 20.0; 20.0979595574; 20.0; 20.1000003815; 19.7999992371; 20.0; 19.7979584519; 19.834693247; 19.6979599388; 76.5428564889; 73.5999984741; 78.4591842963; 83.4897960741; 87.5530604148; 74.2428567069; 74.4795921481; 83.3081647912; 82.0612235556; 0 
2017-12-12 04:47:05 ; 19.9978260787; 20.0369566627; 20.0; 20.0239131347; 19.7999992371; 19.980434708; 19.7630432792; 19.8108688437; 19.6978268416; 76.5521731169; 73.5869551949; 78.4804350812; 83.4304358441; 87.5804335553; 74.1499977112; 74.4630440422; 83.3260896102; 82.0913029546; 0 
2017-12-12 04:52:05 ; 19.9933333079; 20.0777780745; 20.0; 20.0466668447; 19.7999992371; 19.9222219255; 19.7400001526; 19.8333326976; 19.6777784559; 76.4955556234; 73.4977778117; 78.3777796427; 83.4177783542; 87.5; 74.1222203573; 74.3377802531; 83.2155543009; 82.0177775065; 0 
2017-12-12 04:57:09 ; 20.0; 20.091837085; 20.0; 20.0224490652; 19.7999992371; 19.9857142312; 19.7408164667; 19.8326524228; 19.6979599388; 76.5020407852; 73.4979592148; 78.4387764444; 83.3714300662; 87.4938776444; 74.1550998298; 74.3408187555; 83.2367338842; 82.0408157037; 0 
2017-12-12 05:02:17 ; 19.9938775277; 20.0836737886; 20.0; 20.0061224723; 19.7999992371; 19.9897958794; 19.7224494; 19.8306115987; 19.7000007629; 76.5244894222; 73.5408157037; 78.5; 83.3510222143; 87.5632643408; 74.120406326; 74.3265332592; 83.2877561608; 82.0142854963; 0 
2017-12-12 05:07:18 ; 19.9909090562; 20.0454547188; 20.0; 20.0090909438; 19.7999992371; 19.8999996185; 19.7181823037; 19.8113629168; 19.6886370832; 76.5090907704; 73.5499992371; 78.5; 83.4022738717; 87.5613627; 74.1499977112; 74.3204572851; 83.2545450384; 81.9977273074; 0 
2017-12-12 05:12:24 ; 19.9612243419; 20.0408164822; 20.0; 20.0040816482; 19.7999992371; 19.9530610454; 19.7000007629; 19.8040808853; 19.6775516977; 76.4734697926; 73.467347437; 78.4367356592; 83.4163273403; 87.4979592148; 74.0775498371; 74.3000030518; 83.1959170906; 81.9795921481; 0 
2017-12-12 05:17:26 ; 19.9770832459; 20.0437501669; 20.0; 20.0250000954; 19.7999992371; 19.9354164203; 19.7062506676; 19.8062492609; 19.7000007629; 76.4500007629; 73.4250011444; 78.381251812; 83.3270847003; 87.3770852089; 74.0333328247; 74.3020863533; 83.1854139964; 81.9250011444; 0 
2017-12-12 05:22:31 ; 19.9666665395; 20.0229167541; 19.9895832936; 20.0270834366; 19.7999992371; 19.9395831029; 19.7000007629; 19.8104159435; 19.6541672548; 76.404168129; 73.4854168892; 78.4666671753; 83.4479174614; 87.4666671753; 74.0374994278; 74.2520834605; 83.1770820618; 82.0291662216; 0 
2017-12-12 05:27:35 ; 19.8999996185; 20.018367417; 19.9877550553; 20.0; 19.7999992371; 19.9142853873; 19.7040823333; 19.7999992371; 19.6040820297; 76.5; 73.620406326; 78.5530604148; 83.4632658666; 87.6734667408; 74.1224471112; 74.324492474; 83.3408187555; 82.1469366891; 0 
2017-12-12 05:32:39 ; 19.8999996185; 20.0086956853; 19.9760868653; 20.0; 19.7891298377; 19.8999996185; 19.7000007629; 19.7999992371; 19.6000003815; 76.5391298377; 73.6999971141; 78.6086939936; 83.4456530032; 87.7652183201; 74.2130417202; 74.3847843668; 83.4717395617; 82.230434086; 0 
2017-12-12 05:37:48 ; 19.8999996185; 20.0; 19.9639998627; 20.0; 19.7280003357; 19.8999996185; 19.7000007629; 19.7999992371; 19.6000003815; 76.665997467; 73.7399993896; 78.6839976501; 83.6439987183; 87.8180023193; 74.3300018311; 74.5099998474; 83.6259980774; 82.3640020752; 0 
2017-12-12 05:42:47 ; 19.8999996185; 20.0060000229; 19.9499998093; 20.0; 19.7000007629; 19.8999996185; 19.7000007629; 19.7999992371; 19.6000003815; 76.7940026855; 73.7600004578; 78.7499998474; 83.7379997253; 87.9000015259; 74.3380021667; 74.5999984741; 83.6599975586; 82.4180012512; 0 
2017-12-12 05:47:51 ; 19.9019996262; 20.0040000153; 19.9239997101; 20.0; 19.7000007629; 19.8999996185; 19.7000007629; 19.7999992371; 19.6000003815; 76.8140026855; 73.7980026245; 78.8060020447; 83.7299996948; 87.9140013123; 74.3820016479; 74.6099983215; 83.7159994507; 82.438000946; 0 
2017-12-12 05:52:58 ; 19.8999996185; 20.0100000381; 19.9399997711; 20.0; 19.7060006714; 19.8999996185; 19.7000007629; 19.7999992371; 19.6000003815; 76.7360011292; 73.693999939; 78.6359991455; 83.6279989624; 87.8700019836; 74.3520019531; 74.5919985962; 83.6039984131; 82.3080004883; 0 
2017-12-12 05:58:01 ; 19.8999996185; 20.0041666826; 19.9270830552; 20.0; 19.7000007629; 19.8937495947; 19.7000007629; 19.7999992371; 19.6000003815; 76.3979182243; 73.4729170799; 78.1958317757; 83.3312513034; 87.5354162852; 74.1979139646; 74.3291692734; 83.2124978701; 81.9937500954; 0 
2017-12-12 06:03:03 ; 19.8999996185; 20.0; 19.9022723545; 20.0; 19.7000007629; 19.8999996185; 19.7000007629; 19.7909084667; 19.6000003815; 76.4590915333; 73.4977273074; 78.295456973; 83.4000015259; 87.5886350112; 74.1590884816; 74.3340934407; 83.3159106861; 82.1113619371; 0 
2017-12-12 06:08:09 ; 19.8999996185; 20.0; 19.8999996185; 19.9583331744; 19.7000007629; 19.8999996185; 19.7000007629; 19.7250003815; 19.6000003815; 76.5479159355; 73.6916637421; 78.4875001907; 83.4854168892; 87.7145822843; 74.2208315531; 74.4833335876; 83.5249996185; 82.3708351453; 0 
2017-12-12 06:13:11 ; 19.8999996185; 20.0; 19.8999996185; 19.9170209601; 19.7000007629; 19.8999996185; 19.6957454276; 19.7191494069; 19.6000003815; 76.7617021926; 73.8617031016; 78.70850908; 83.7255320448; 87.9276606783; 74.329789182; 74.6212747452; 83.7276590226; 82.5234038982; 0 
2017-12-12 06:18:18 ; 19.8999996185; 19.9960784164; 19.8999996185; 19.9647057477; 19.7000007629; 19.8999996185; 19.6960791794; 19.7215690613; 19.6000003815; 76.9509811401; 74.0411758423; 78.9313735962; 83.9647064209; 88.0568618774; 74.5039215088; 74.7411762312; 83.9588241577; 82.6803894043; 0 
2017-12-12 06:23:21 ; 19.8999996185; 20.0; 19.8999996185; 19.9979591759; 19.7000007629; 19.8999996185; 19.7000007629; 19.7836729556; 19.6000003815; 77.0448972741; 74.0102039259; 79.0244894222; 84.022448637; 88.1163247556; 74.5693866963; 74.8000030518; 84.022448637; 82.6346918223; 0 
2017-12-12 06:28:27 ; 19.8911106957; 19.9933333079; 19.8977773878; 19.977777693; 19.7000007629; 19.8933329264; 19.6688895331; 19.7533332825; 19.6000003815; 77.0977764553; 74.1377761841; 79.1777777778; 84.1155537923; 88.2377770318; 74.7000003391; 74.9066680908; 84.1088884142; 82.7577768962; 0 
2017-12-12 06:33:29 ; 19.7999992371; 19.9063826216; 19.8638292678; 20.0; 19.7446809322; 19.8914889478; 19.5340426831; 19.6319153968; 19.6000003815; 77.1702101687; 74.3000024024; 79.3468108482; 84.0276591524; 88.1446789681; 74.742553224; 75.2787248327; 84.4468093223; 82.7893629683; 0 
2017-12-12 06:38:32 ; 19.8020400612; 19.9061220909; 19.8040808853; 20.0; 19.7959176667; 19.8918363221; 19.5102041206; 19.610204502; 19.5979595574; 77.0673459111; 74.1836725352; 79.2571436045; 83.8326542134; 87.934694874; 74.5591827704; 75.2897960118; 84.4469395852; 82.7306112173; 0 
2017-12-12 06:43:36 ; 19.8434776638; 19.9152170679; 19.8086949224; 20.0; 19.7978253572; 19.8826082478; 19.5304348987; 19.6326092015; 19.6000003815; 77.0021738799; 74.0760857955; 79.1999986068; 83.689129705; 87.7913063713; 74.4760873214; 75.1804323611; 84.3260892785; 82.5391298377; 0 
2017-12-12 06:48:39 ; 19.8062492609; 19.8999996185; 19.7999992371; 20.0; 19.7999992371; 19.8104159435; 19.5; 19.6000003815; 19.5854169925; 77.0104165077; 74.1833322843; 79.3458352089; 83.8125014305; 87.8458345731; 74.5749988556; 75.3312503497; 84.5145835876; 82.6999998093; 0 
2017-12-12 06:53:44 ; 19.723404093; 19.7127657951; 19.79787161; 19.870212839; 19.7361701803; 19.8042553841; 19.4574466462; 19.5595746953; 19.5957450461; 85.0829784312; 86.5234050345; 84.855318597; 92.2446811757; 90.6723403931; 83.946808673; 78.7723406528; 90.2680857232; 85.0255320123; 0 
2017-12-12 06:58:49 ; 19.6021280492; 19.4914893292; 19.7851058473; 19.870212352; 19.6765964183; 19.7170217798; 19.3999996185; 19.644681403; 19.6000003815; 93.808509989; 99.9000015259; 90.861701803; 99.9000015259; 92.9106391744; 93.3255324668; 84.0851065453; 96.0765961992; 89.7212763036; 0 
2017-12-12 07:03:53 ; 19.6000003815; 19.486956472; 19.7999992371; 19.9021735399; 19.6978268416; 19.7304350812; 19.3565211918; 19.7021746428; 19.6000003815; 94.0978245942; 99.9000015259; 89.5499997346; 99.9000015259; 92.8586961497; 93.4065221704; 84.4369566544; 95.5434784267; 90.0630430139; 0 
2017-12-12 07:09:00 ; 19.5680853661; 19.5425533538; 19.8234035817; 19.9021272862; 19.7000007629; 19.70212839; 19.3978719508; 19.7085112714; 19.6000003815; 93.2574471007; 99.9000015259; 88.3851061882; 99.9000015259; 92.2574461267; 93.2106388173; 83.4106383628; 95.3723407502; 89.3808512586; 0 
2017-12-12 07:14:00 ; 19.5; 19.5916670163; 19.814582626; 19.8999996185; 19.7000007629; 19.7000007629; 19.3458327452; 19.6958340804; 19.6000003815; 90.7562499046; 99.4708344142; 86.3145829837; 99.9000015259; 91.7958334287; 92.6770836512; 81.3708327611; 93.6708332698; 88.3541673024; 0 
2017-12-12 07:19:06 ; 19.5312501192; 19.6666673024; 19.814582626; 19.8999996185; 19.7000007629; 19.6875007153; 19.3937495947; 19.6979174217; 19.6000003815; 88.116666317; 95.160416762; 85.1312497457; 99.2041670481; 91.4166671435; 90.6895828247; 80.5666662852; 92.6562493642; 87.5937504768; 0 
2017-12-12 07:24:16 ; 19.6000003815; 19.7000007629; 19.8624994755; 19.8999996185; 19.7000007629; 19.6979174217; 19.4020829598; 19.7229170799; 19.6000003815; 86.4854165713; 92.7145833969; 83.5083333651; 96.3687499364; 90.9333343506; 86.0562500954; 79.4979155858; 90.7770840327; 86.412498792; 0 
2017-12-12 07:29:15 ; 19.6000003815; 19.7125005722; 19.8562494516; 19.9020829598; 19.7000007629; 19.7000007629; 19.3999996185; 19.7770829201; 19.6000003815; 85.3270832698; 89.2333331108; 82.8958334923; 95.2083338102; 90.6416659355; 83.4062504768; 78.9145832062; 89.5520826976; 85.8291668892; 0 
2017-12-12 07:34:20 ; 19.6020837228; 19.7416667938; 19.8791662057; 19.9958333174; 19.7000007629; 19.7250003815; 19.3999996185; 19.795832634; 19.6000003815; 84.2437496185; 86.1562501589; 81.8354174296; 94.4229170481; 90.2562499046; 81.4645835559; 78.183333238; 88.3416660627; 84.8604162534; 0 
2017-12-12 07:39:23 ; 19.6458338896; 19.772916317; 19.8604161342; 19.9645831982; 19.7000007629; 19.7562499046; 19.4937499762; 19.795832634; 19.6000003815; 83.2958334287; 83.6604170799; 80.670832634; 93.5000007947; 89.768749555; 79.3687499364; 77.1395829519; 86.9625002543; 83.902083238; 0 
2017-12-12 07:44:32 ; 19.7000007629; 19.6980007553; 19.7420001221; 19.8979996109; 19.7000007629; 19.6420005417; 19.5120000458; 19.6860006714; 19.5960003662; 82.2179995728; 82.1059991455; 80.4620004272; 92.8560020447; 88.9340007019; 78.5200003052; 76.2419981384; 86.5719995117; 83.3860009766; 0 
2017-12-12 07:49:32 ; 19.6428576878; 19.7000007629; 19.7408164667; 19.9020404426; 19.7000007629; 19.6979599388; 19.4469385731; 19.6979598999; 19.5142857688; 82.3918383851; 82.2653056553; 81.3530629995; 92.8224496647; 89.5224484813; 78.9979599933; 77.0081622065; 87.0836731268; 84.1550998298; 0 
2017-12-12 07:54:36 ; 19.6122453261; 19.7204086148; 19.7999992371; 20.0; 19.7000007629; 19.7816321704; 19.3999996185; 19.7816321704; 19.5877554368; 82.18163175; 81.7591840783; 81.140816202; 92.6040802002; 89.6897930223; 78.7306118401; 77.2367338842; 86.763265493; 84.0632643408; 0 
2017-12-12 07:59:44 ; 19.633333842; 19.7291669846; 19.7999992371; 20.0; 19.7000007629; 19.7999992371; 19.3999996185; 19.7999992371; 19.6000003815; 81.7624999682; 81.3687520027; 80.8375020027; 92.3291691144; 89.6541643143; 78.4250011444; 77.1979136467; 86.5104165077; 83.8479189873; 0 
2017-12-12 08:04:45 ; 19.6934789989; 19.7913037176; 19.8239123718; 20.0; 19.7000007629; 19.7999992371; 19.4717390226; 19.7999992371; 19.6000003815; 81.5369559578; 81.1413038503; 80.7326076342; 92.1543454709; 89.5956507144; 78.2304344177; 77.0978254235; 86.3043483237; 83.8021769316; 0 
2017-12-12 08:09:47 ; 19.7000007629; 19.7833328247; 19.8312493563; 20.0; 19.7000007629; 19.7999992371; 19.4020829598; 19.7999992371; 19.6000003815; 81.1749984423; 80.679166158; 80.4083337784; 91.9604172707; 89.3208347956; 77.9458328883; 76.881251653; 85.9875003497; 83.5458332698; 0 
2017-12-12 08:14:56 ; 19.7000007629; 19.7979159355; 19.8354160388; 20.0; 19.7000007629; 19.7999992371; 19.3999996185; 19.7999992371; 19.6000003815; 81.0541658401; 80.5874986649; 80.2812506358; 91.7979183197; 89.2708346049; 77.7416669528; 76.8750019073; 85.8125006358; 83.3437515895; 0 
2017-12-12 08:19:59 ; 19.7000007629; 19.7999992371; 19.8489790157; 20.0346940099; 19.6979599388; 19.7999992371; 19.4204078596; 19.7999992371; 19.6122453261; 80.9265317333; 80.4591842963; 80.1877537941; 91.6775484669; 89.222447298; 77.5999986298; 76.7551017294; 85.7632659601; 83.1979569416; 0 
2017-12-12 08:25:05 ; 19.7000007629; 19.7999992371; 19.881249547; 20.0979170402; 19.6958340804; 19.7999992371; 19.4833332698; 19.7999992371; 19.6812506914; 80.8791685104; 80.345834891; 80.3750015895; 91.6354146004; 89.2520834605; 77.5666656494; 76.858335336; 85.7583341599; 83.2770851453; 0 
2017-12-12 08:30:05 ; 19.7000007629; 19.7999992371; 19.8999996185; 20.1000003815; 19.7000007629; 19.8021269048; 19.5; 19.8085099078; 19.7000007629; 80.9489369494; 80.4936171187; 80.5212762711; 91.5999984741; 89.4659579663; 77.6404235515; 76.9702132205; 85.8893633903; 83.3702147464; 0 
2017-12-12 08:35:13 ; 19.7020840645; 19.7999992371; 19.8999996185; 20.1000003815; 19.7000007629; 19.8458327452; 19.5; 19.8083326022; 19.7000007629; 81.0770821571; 80.4958333969; 80.7166657448; 91.5999984741; 89.5333328247; 77.7583332062; 77.0937485695; 86.0583324432; 83.5; 0 
2017-12-12 08:40:14 ; 19.7000007629; 19.7999992371; 19.8999996185; 20.1000003815; 19.7000007629; 19.8777773115; 19.5; 19.8133326213; 19.7000007629; 81.2888897366; 80.6777762519; 81.1288887872; 91.6311091105; 89.8066672431; 77.9711115519; 77.3244452582; 86.3933339437; 83.8000006782; 0 
2017-12-12 08:45:19 ; 19.7854161263; 19.8020825783; 19.8999996185; 20.1000003815; 19.7000007629; 19.895832936; 19.5; 19.8854162296; 19.704167366; 81.5874986649; 80.8854184151; 81.3208360672; 91.6999969482; 90.0; 78.1958314578; 77.5; 86.5937485695; 84.0791654587; 0 
2017-12-12 08:50:25 ; 19.7999992371; 19.8333326976; 19.9155552334; 20.1133337657; 19.7133338928; 19.9044440799; 19.5355556912; 19.9022218492; 19.7577776591; 81.6377760145; 81.1111109416; 81.4622227987; 91.7266652425; 90.0933319092; 78.3666685316; 77.5555547078; 86.639998881; 84.204443868; 0 
2017-12-12 08:55:25 ; 19.866666158; 19.8999996185; 20.0; 20.2000007629; 19.7977770487; 19.9822221544; 19.6911118401; 19.9977777693; 19.8088881599; 81.8888905843; 81.5377772013; 81.6977756076; 91.7644453261; 90.2133310954; 78.4377787272; 77.6088873969; 86.8733352661; 84.4044459025; 0 
2017-12-12 09:00:31 ; 19.8999996185; 19.8999996185; 20.0; 20.2799995422; 19.7999992371; 20.0355556912; 19.7444445292; 20.0; 19.8755550808; 81.8200005425; 81.4955556234; 81.435555013; 91.6999969482; 90.1755528768; 78.2311109755; 77.3177783542; 86.7888904148; 84.208889601; 0 
2017-12-12 09:05:38 ; 19.8999996185; 19.7319146826; 20.0404256861; 20.2999992371; 19.8808506093; 20.0957450461; 19.7999992371; 20.0; 19.8978719508; 81.8000025648; 150.33617255; 81.4212774723; 91.6106366097; 90.1574444061; 78.078723177; 77.2212772775; 86.7659576091; 84.2085105409; 0 
2017-12-12 09:10:44 ; 19.8999996185; 20.0; 20.0854169925; 20.2999992371; 19.8999996185; 20.1000003815; 19.8166659673; 20.0104167064; 19.9041663011; 81.7541675568; 81.2583347956; 81.233332634; 91.4958333969; 90.0749988556; 77.7791673342; 77.0708322525; 86.5937496821; 84.0416660309; 0 
2017-12-12 09:15:47 ; 19.9738094239; 19.9619046166; 20.0285715376; 20.2547617867; 19.8999996185; 20.0571430751; 19.8404755819; 19.9952380771; 19.9095234644; 80.4214277722; 79.9880950564; 79.9785717555; 91.0833338783; 88.8428571792; 76.7571434748; 75.8928582328; 85.4785712106; 82.7238099234; 0 
2017-12-12 09:20:49 ; 19.8999996185; 19.881817731; 19.8227265965; 20.1000003815; 19.8863632029; 19.9022723545; 19.7204549963; 19.8295448043; 19.8499994278; 79.2227273421; 79.1181810552; 79.6068177657; 90.8227287639; 87.804545836; 76.4454553778; 75.29318324; 84.9795457667; 81.8022734902; 0 
2017-12-12 09:25:55 ; 19.8999996185; 19.3644437154; 19.7066673279; 20.1000003815; 19.7999992371; 19.6555550893; 19.7000007629; 19.7999992371; 19.5844437069; 79.031111145; 222.942224121; 80.0533338759; 90.7933353; 87.7022203234; 148.515555827; 75.4688898722; 85.1688876682; 153.777778625; 0 
2017-12-12 09:31:01 ; 19.9020829598; 19.8687494993; 19.7000007629; 20.1104170879; 19.8208326499; 19.9020829598; 19.7000007629; 19.8020825783; 19.8187493086; 79.2916663488; 79.2854164441; 80.5979172389; 90.8083346685; 88.0062499046; 76.6645828883; 75.6562498411; 85.3791659673; 82.0937504768; 0 
2017-12-12 09:36:08 ; 19.9911110772; 19.9222219255; 19.7844440036; 20.2488889058; 19.8955551571; 20.0288889991; 19.5377776676; 19.9244441562; 19.8977773878; 79.1777774387; 78.9466668023; 80.3577777439; 90.6444422404; 87.8800013224; 76.1555569119; 147.364446682; 84.9444429186; 81.9555562337; 0 
2017-12-12 09:41:10 ; 19.7872340426; 19.9468083077; 19.8148929109; 20.2659572033; 19.8999996185; 20.0595746953; 19.7999992371; 19.9638296493; 19.9148932924; 147.236167421; 78.0914889397; 79.1829775546; 90.2446802018; 87.0638301119; 75.2361692063; 74.5999992858; 83.908511385; 81.0085114824; 0 
2017-12-12 09:46:15 ; 20.0; 19.9020829598; 19.7999992371; 20.2083339691; 19.8999996185; 20.0; 19.7979159355; 19.9083329837; 19.9104163249; 78.1583309174; 78.0270829201; 79.179166158; 90.2041638692; 86.8229184151; 75.2937512398; 74.5916657448; 83.9020837148; 80.8291678429; 0 
2017-12-12 09:51:20 ; 19.9978723323; 19.8999996185; 19.7999992371; 20.20212839; 19.8999996185; 19.9978723323; 19.7872334744; 19.8999996185; 19.8999996185; 78.6404258241; 78.4957444211; 79.8553171361; 90.3723422111; 87.3723397762; 75.8212762386; 75.1021283738; 84.5893624488; 81.3382959569; 0 
2017-12-12 09:56:19 ; 19.7777777778; 19.8999996185; 19.5799992455; 20.2000007629; 19.8999996185; 19.768888855; 19.728889211; 19.8999996185; 19.8999996185; 150.971111721; 78.851111518; 152.286667718; 90.5377772013; 87.7888900757; 148.173330858; 75.4333343506; 85.095554267; 81.8000015259; 0 
2017-12-12 10:01:27 ; 20.0; 19.6957443318; 19.7999992371; 20.221277034; 19.8999996185; 20.0042553354; 19.7808505931; 19.9021272862; 19.8999996185; 78.7148950455; 147.463827742; 80.0553179802; 90.4063844072; 87.5531906777; 75.8340420013; 75.1723412047; 84.6702142269; 81.6021264259; 0 
2017-12-12 10:06:33 ; 20.0285715376; 19.9795917589; 19.8244891264; 20.2897953111; 19.9163262114; 20.0795921404; 19.8306115987; 19.9673468142; 19.9693876383; 78.3938788589; 78.2448987377; 79.6265310171; 90.2285723005; 87.2530620341; 75.4142843752; 74.8122454273; 84.1714301596; 81.1836734694; 0 
2017-12-12 10:11:35 ; 20.0957450461; 20.0042553354; 19.910637957; 20.3680846032; 19.9851063262; 20.1553197414; 19.9148932924; 20.0531916923; 20.0744683692; 78.2127672561; 77.908510411; 79.2085108656; 89.9936166317; 87.1297868769; 74.9489350015; 74.4914880306; 83.5957446809; 80.6617020952; 0 
2017-12-12 10:16:41 ; 20.1000003815; 20.0687502623; 20.0; 20.3999996185; 20.0; 20.2000007629; 20.0; 20.1000003815; 20.1083337466; 78.0041666031; 77.8187511762; 79.0499992371; 89.9333340327; 86.9916667938; 74.9229167302; 74.3437512716; 83.3916670481; 80.4374996821; 0 
2017-12-12 10:21:48 ; 20.1000003815; 20.0488890754; 19.9644443088; 20.3533327738; 20.0; 20.1488894569; 19.9599998474; 20.0733336131; 20.1355560727; 77.2511111789; 77.1200005425; 78.0333328247; 89.3266657511; 86.2688890245; 74.2244440715; 73.6755562676; 82.6111109416; 79.6266664293; 0 
2017-12-12 10:26:48 ; 20.1000003815; 20.0297873477; 19.9361699693; 20.321275914; 19.9957446646; 19.9000004302; 19.9297869662; 20.0744683692; 20.1021280492; 76.3808502847; 76.2787236964; 77.3148941689; 88.6957444536; 85.3829785611; 142.602130322; 73.0127660873; 81.7808516482; 78.7744681176; 0 
2017-12-12 10:31:53 ; 20.1437505484; 20.1166671117; 20.0208334128; 20.4666665395; 20.0; 20.2541666031; 20.0125000477; 20.1687506437; 20.1479172309; 76.6958327293; 76.4437508583; 77.5020833015; 88.6166658401; 85.7104164759; 73.6374990145; 73.1604162852; 81.8458334605; 79.1187485059; 0 
2017-12-12 10:37:00 ; 20.2000007629; 20.2000007629; 20.1021743028; 20.5282609774; 20.0; 20.2999992371; 20.0978264601; 20.2108701623; 20.2108701623; 76.1565213411; 75.9826092927; 76.7717383012; 87.9282617984; 85.1456524393; 72.9369569861; 72.5913046132; 81.08695619; 78.5760869565; 0 
2017-12-12 10:42:05 ; 20.2000007629; 19.768085845; 20.1000003815; 20.5063830031; 20.0297873477; 20.3021269048; 20.0872343753; 19.9978729005; 20.29787161; 75.8085112876; 213.553190191; 76.4361700504; 87.6489360079; 84.921276823; 72.8127665418; 72.4106390121; 149.700001493; 78.1191479297; 0 
2017-12-12 10:47:10 ; 19.9826094171; 19.9804355373; 20.1826093922; 20.5847829321; 20.0608697974; 20.3565211918; 20.1000003815; 20.2543477597; 20.284782078; 146.373914636; 146.073912745; 76.5086950219; 87.630435446; 85.2847825755; 72.7826083639; 72.5282614335; 80.8652164625; 78.2173913043; 0 
2017-12-12 10:52:13 ; 20.2666664124; 19.9866672516; 19.982222875; 20.6000003815; 20.0911114587; 20.3999996185; 20.1622228411; 20.2999992371; 20.3044436985; 76.0466659546; 147.66889055; 148.446669006; 87.6111111111; 85.2955568102; 72.8622216119; 72.548888482; 80.8244440715; 78.2111116197; 0 
2017-12-12 10:57:19 ; 20.2978253572; 20.2869559578; 20.2347828409; 20.6152178308; 20.1000003815; 20.4043474612; 20.1543484149; 20.3673907985; 20.3978256972; 75.2347816799; 75.1978267172; 75.334782476; 86.8891306338; 84.5000006634; 72.1152174576; 71.7326078; 79.8760873546; 77.2826080322; 0 
2017-12-12 11:02:19 ; 20.2999992371; 20.2954538519; 20.2000007629; 20.6613642519; 20.1000003815; 20.4181815061; 20.1840916113; 20.3977268826; 20.3340902762; 75.7090915333; 75.4272733168; 76.1045462868; 87.0954539559; 85.0568173148; 72.3909093683; 72.3340925737; 80.5340902155; 78.0272721377; 0 
2017-12-12 11:07:29 ; 20.2999992371; 20.2999992371; 20.2282612013; 20.6934789989; 20.1000003815; 20.5; 20.2000007629; 20.1804344136; 20.3695647198; 75.8652172918; 75.5086955195; 76.2826093591; 86.9891304348; 85.2630442744; 72.4260869234; 72.4391303684; 150.971738401; 78.0652172254; 0 
2017-12-12 11:12:29 ; 20.2999992371; 20.2999992371; 20.2930225993; 20.7000007629; 20.1000003815; 20.5; 20.2000007629; 20.4116275699; 20.4511626044; 75.2697670515; 75.3186044028; 75.5046523338; 86.7395335353; 84.6627901654; 72.120930339; 71.8534891883; 79.9255825309; 77.4418615297; 0 
2017-12-12 11:17:34 ; 20.2999992371; 20.2999992371; 20.2851058473; 20.7000007629; 20.1000003815; 20.5; 19.9851071378; 19.9680847411; 20.3468079263; 75.251064057; 75.0744680851; 75.92127731; 86.6191476051; 84.7276591849; 71.9702132205; 140.995745233; 217.776596232; 77.7404249475; 0 
2017-12-12 11:22:45 ; 20.2999992371; 20.307894004; 20.2999992371; 20.7000007629; 20.1026319705; 20.5; 19.9342112792; 20.1552628718; 20.4026312075; 75.7552622745; 75.186841262; 76.3631587781; 86.6684198881; 85.2236844113; 72.1315773412; 157.726316352; 165.618421253; 77.8342116506; 0 
2017-12-12 11:27:52 ; 20.0171421596; 20.3399993896; 20.2999992371; 20.7057149615; 20.1314290728; 20.5028571538; 19.9571429116; 20.5; 20.405713926; 74.5742840358; 75.0485706874; 76.0; 86.6628553118; 85.2342860631; 72.1228552682; 164.854286848; 80.2371427264; 77.7257143293; 0 
2017-12-12 11:32:48 ; 20.0799993753; 20.3399993896; 20.2999992371; 20.7000007629; 20.1600006104; 20.5; 20.2524999619; 20.429999733; 20.3249993324; 155.527497673; 74.25; 74.9775001526; 85.8999998093; 84.0375005722; 71.3574985504; 71.2649999619; 79.0399997711; 77.0100006104; 0 
2017-12-12 11:37:55 ; 20.1162785153; 20.395348438; 20.3023248273; 20.7558138648; 20.1906984019; 20.5255814929; 20.2790693239; 20.4930232292; 20.1720926817; 150.0; 74.2488376706; 75.1255814308; 85.8604651163; 84.2116289361; 71.4302322033; 71.4976733895; 79.2790704772; 152.379070193; 0 
2017-12-12 11:42:56 ; 20.3822217729; 20.3999996185; 20.1288883421; 20.7911104838; 20.2000007629; 20.588889228; 20.2999992371; 20.5; 20.5044444614; 75.1666663276; 74.6844458686; 147.61333313; 86.2711112128; 84.731111145; 71.9355553521; 71.9733335707; 79.88444536; 77.4600004408; 0 
2017-12-12 11:48:03 ; 20.3999996185; 20.40238058; 20.3428565434; 20.7999992371; 20.2000007629; 20.3452384358; 20.2999992371; 20.5; 20.2595238231; 75.4380954561; 74.9595244271; 76.0380946568; 86.6142848787; 85.0523797898; 149.34761556; 72.1619031997; 80.1214279901; 154.838096437; 0 
2017-12-12 11:53:08 ; 20.3999996185; 20.4272724498; 20.381817731; 20.8045447089; 20.2000007629; 20.6000003815; 20.3113629168; 20.5272728313; 20.5704548142; 75.6772701957; 75.0931809165; 76.3318181471; 86.652270924; 85.4045467377; 72.2227271687; 72.4295461828; 80.3454556899; 77.6954538172; 0 
2017-12-12 11:58:09 ; 20.1755551868; 20.4888888465; 20.3999996185; 20.8222215441; 20.2000007629; 20.6000003815; 20.3222215441; 20.6000003815; 20.6177782271; 147.522223748; 75.0177775065; 76.0066660563; 86.3511130439; 85.2266659207; 71.9533340454; 72.2022216797; 80.0066663954; 77.084443495; 0 
2017-12-12 12:03:20 ; 20.433333079; 20.5; 20.4533331553; 20.8577772352; 20.2244448344; 20.6022226122; 20.0399994426; 20.3688892576; 20.684445148; 75.0488883124; 74.6133321126; 75.3088889228; 85.9866668701; 84.6377766927; 71.6133317735; 71.686666531; 151.273330858; 76.6511103312; 0 
2017-12-12 12:08:21 ; 20.4937499762; 20.5; 20.5; 20.8562494516; 20.2437500954; 20.6083337466; 20.3999996185; 20.6020837228; 20.6937507391; 74.9437503815; 74.400001208; 74.9916667938; 85.8916676839; 84.5437493324; 71.5624992053; 71.5374994278; 79.1354158719; 76.5333328247; 0 
2017-12-12 12:13:24 ; 20.5; 20.5125000477; 20.3000002146; 20.9624998569; 20.2624998093; 20.7525000095; 20.4224997044; 20.6950007439; 20.767499733; 74.9175004959; 74.3875007629; 155.937501717; 85.3725002289; 84.4624998093; 71.4900001526; 71.4899993896; 79.1675008774; 76.420000267; 0 
2017-12-12 12:18:31 ; 20.5; 20.5023255903; 20.3023257366; 21.0; 20.2999992371; 20.895348438; 20.4465114239; 20.7000007629; 20.7000007629; 74.4511621165; 74.16279123; 149.711627517; 84.4581389316; 84.1744175401; 70.6162783601; 71.0627902718; 78.6860463342; 76.0023241265; 0 
2017-12-12 12:23:36 ; 20.5; 20.5; 20.5; 21.0; 20.2999992371; 20.8093015981; 20.395348438; 20.6906984019; 20.7000007629; 74.8279078284; 74.388373264; 75.1162792472; 84.60930119; 84.337211254; 70.8209306584; 71.5348828338; 79.0930234332; 76.3697672999; 0 
2017-12-12 12:28:36 ; 20.4276592985; 20.5; 20.5; 20.9553189785; 20.2999992371; 20.7999992371; 20.3361695878; 20.6765964183; 20.6808517537; 75.1553185646; 74.6872328089; 75.7021276596; 85.0531916517; 84.5595735591; 71.1978730547; 71.9361711867; 79.5872346594; 76.8723401009; 0 
2017-12-12 12:33:43 ; 20.4063826216; 20.5; 20.5; 20.9638296493; 20.2999992371; 20.7999992371; 20.327658917; 20.678724086; 20.7000007629; 75.6702126036; 75.1234041579; 76.0978716586; 85.8808510963; 85.0872348217; 71.7638311183; 72.3531914569; 79.0106385414; 77.3255318175; 0 
2017-12-12 12:38:44 ; 20.3999996185; 20.5; 20.5; 20.9355553097; 20.2999992371; 20.7999992371; 20.3355549282; 20.6733339945; 20.7000007629; 76.0466659546; 75.4177788628; 76.4066670736; 86.2666673448; 85.4822224935; 72.0977779812; 72.6599999322; 80.4644441393; 77.55333235; 0 
2017-12-12 12:43:53 ; 20.4022218492; 20.5; 20.5; 20.9644443088; 20.2999992371; 20.8022214678; 20.3222215441; 20.6911118401; 20.7088895162; 76.5133336385; 75.7977781508; 76.7577772352; 86.9111124674; 85.9222223918; 72.5466659546; 73.0444437663; 80.93777771; 77.9666671753; 0 
2017-12-12 12:48:56 ; 20.4066663106; 20.5; 20.5; 21.0; 20.2999992371; 20.8488883124; 20.3288882362; 20.7000007629; 20.7533332825; 76.8066696167; 76.0088887533; 77.0333328247; 86.9600006104; 86.1844421387; 72.5999984741; 73.275555759; 81.0533325195; 78.1244425456; 0 
2017-12-12 12:53:57 ; 20.1261902196; 20.5238096146; 20.5; 21.0; 20.2999992371; 20.8999996185; 20.3309517361; 20.7000007629; 20.7999992371; 77.0666661944; 76.2452385312; 77.3476204645; 87.1119045076; 86.454762595; 72.838096437; 73.454762595; 81.3976198832; 78.3214294797; 0 
2017-12-12 12:59:04 ; 20.493478236; 20.5521741121; 20.5; 21.0; 20.2999992371; 20.8999996185; 20.3869560905; 20.7021746428; 20.8565211918; 77.2565219713; 76.4304358441; 77.3586978083; 87.3782627272; 86.6086939936; 73.067390276; 73.5434775974; 81.4869567208; 78.2391306006; 0 
2017-12-12 13:04:05 ; 20.5; 20.5826090108; 20.5500001907; 21.006521764; 20.3021731584; 20.8999996185; 20.3999996185; 20.7717387987; 20.8999996185; 77.0521731169; 76.3413067693; 77.2891323255; 87.0978270821; 86.482608961; 72.8652167942; 73.3630455681; 81.4565224026; 77.9282609691; 0 
2017-12-12 13:09:12 ; 20.5; 20.6000003815; 20.5978264601; 21.0521741121; 20.3130427651; 20.9021735399; 20.4130431465; 20.7999992371; 20.8999996185; 76.7499993366; 76.0369562895; 77.0369559578; 86.6782604715; 86.2413038171; 72.3347826419; 73.1499980429; 81.1326075015; 77.691303419; 0 
2017-12-12 13:14:19 ; 20.5; 20.6000003815; 20.6000003815; 21.0956525388; 20.3195645291; 20.9108692252; 20.4065213825; 20.7999992371; 20.8999996185; 76.6108678735; 75.9630440422; 76.9239142045; 86.5717395285; 86.0782596754; 72.2000012605; 73.0086955195; 80.9152180216; 77.5565208767; 0 
2017-12-12 13:19:20 ; 20.5; 20.6000003815; 20.6000003815; 21.0466668447; 20.3111103906; 20.9066663106; 20.3999996185; 20.7933326721; 20.8999996185; 76.535555013; 75.7866689046; 76.7266652425; 86.4111119588; 85.9311121623; 72.1466666328; 72.9733337402; 80.7755571153; 77.3666685316; 0 
2017-12-12 13:24:28 ; 20.5; 20.6000003815; 20.6000003815; 21.0; 20.3208326499; 20.8999996185; 20.3999996185; 20.7645831108; 20.8999996185; 76.5833320618; 75.7875022888; 76.7312488556; 86.7208325068; 85.931251049; 72.4583339691; 73.0; 80.9750002225; 77.5791654587; 0 
2017-12-12 13:29:30 ; 20.5; 20.6000003815; 20.5978264601; 21.0; 20.3152166864; 20.8999996185; 20.3999996185; 20.784782078; 20.8565211918; 76.7195645208; 75.8652194479; 76.897827646; 86.8195671413; 86.0717380358; 72.5565208767; 73.1499977112; 81.0804335553; 77.7717392963; 0 
2017-12-12 13:34:37 ; 20.5; 20.6000003815; 20.5826090108; 21.0; 20.3086949224; 20.8999996185; 20.3999996185; 20.7782604383; 20.8456515851; 76.8608716882; 76.0434775974; 77.0978245942; 86.9217401587; 86.2369552281; 72.8413044473; 73.308697742; 81.1543472953; 78.0456514773; 0 
2017-12-12 13:39:39 ; 20.5; 20.6000003815; 20.6000003815; 21.0311112298; 20.3644439273; 20.8999996185; 20.3999996185; 20.7955548604; 20.8955551571; 77.1244425456; 76.2977805244; 77.2933347914; 87.0955547757; 86.5466659546; 72.9911112467; 73.4688893636; 81.4333343506; 78.2133319431; 0 
2017-12-12 13:44:46 ; 20.5; 20.6000003815; 20.6000003815; 21.0085106708; 20.3382972555; 20.8999996185; 20.3999996185; 20.7999992371; 20.8914889478; 77.1893588127; 76.3000030518; 77.3872357632; 87.0553183048; 86.5510630506; 73.0085105084; 73.5; 81.4191501699; 78.17659305; 0 
2017-12-12 13:49:50 ; 20.5; 20.6000003815; 20.6000003815; 21.0521741121; 20.3717386412; 20.9043474612; 20.4108692252; 20.7999992371; 20.8999996185; 77.1217372728; 76.2826106859; 77.2956547944; 87.0021738799; 86.5804335553; 72.8565239284; 73.4413052435; 81.3434806492; 78.0565208767; 0 
2017-12-12 13:54:50 ; 20.5021276677; 20.6000003815; 20.6000003815; 21.0446810215; 20.3978719508; 20.8999996185; 20.4531913108; 20.7999992371; 20.8999996185; 77.0106381355; 76.1595720332; 77.2723417891; 87.0425527045; 86.5659564404; 72.9425540681; 73.4042567801; 81.3297888573; 78.0255315253; 0 
2017-12-12 13:59:55 ; 20.5250000954; 20.6020837228; 20.604167064; 21.0291667779; 20.3999996185; 20.8999996185; 20.5; 20.7999992371; 20.9812499285; 77.1874985695; 76.3125023842; 77.3083345095; 87.3666659991; 86.7270830472; 73.1249992053; 73.545832634; 81.4375009537; 78.1229149501; 0 
2017-12-12 14:05:04 ; 20.3044445674; 20.6377783034; 20.6911118401; 21.022222307; 20.3999996185; 20.9088885413; 20.5022222307; 20.8266660055; 21.0066666921; 149.571109687; 76.6311106364; 77.7400009155; 87.9311113146; 87.2133338081; 73.5066665649; 73.9177783542; 81.9266667684; 78.4000011868; 0 
2017-12-12 14:10:10 ; 20.60384655; 20.75; 20.7038468581; 21.1615390778; 20.403845787; 20.7307697443; 20.5807695389; 20.9307689667; 21.1384620667; 77.8346167344; 76.7461539048; 77.9538468581; 88.0423070467; 87.4692312387; 197.88846148; 74.0192304758; 81.9807695242; 78.4384618906; 0 
2017-12-12 14:15:21 ; 20.6666673024; 20.7944437663; 20.7111117045; 21.2722218831; 18.7222219573; 21.3555550045; 20.6000003815; 21.0; 21.1222226885; 77.7833328247; 76.6611103482; 77.9499994914; 87.3777775235; 267.138888465; 72.4388885498; 73.9388893975; 81.5444441901; 78.0000008477; 0 
2017-12-12 14:20:14 ; 20.7000007629; 19.6444437239; 20.7000007629; 21.36666637; 20.4388886558; 22.2833335665; 20.6000003815; 21.0; 21.1611117257; 77.6722195943; 436.433342828; 78.1666641235; 87.194445716; 87.4333343506; 70.0722223918; 73.9000015259; 81.6611086528; 78.138888465; 0 
2017-12-12 14:25:34 ; 20.7000007629; 20.7999992371; 20.7571427482; 21.2357145037; 20.4928571156; 22.0428568976; 20.6500005722; 21.0; 21.25; 77.5; 76.4571429661; 77.7999992371; 87.4928572518; 87.2642849513; 70.3142863682; 73.6857136318; 81.3642877851; 77.649999891; 0 
2017-12-12 14:30:31 ; 20.7538460952; 20.8923072815; 20.9692306519; 21.4615383148; 20.6076927185; 22.376923341; 20.8307691721; 21.1076925718; 21.4769229889; 76.3846165584; 75.4615390484; 75.8307694655; 85.6384617732; 85.9615372878; 68.2846157367; 72.3000001174; 79.761537992; 75.7230764536; 0 
2017-12-12 15:00:47 ; 20.8999996185; 21.344443851; 21.1000003815; 21.1750006676; 20.7000007629; 21.3194437557; 20.8999996185; 21.2166671753; 21.7777773539; 74.7166667514; 72.6833326552; 74.2888878716; 85.6666670905; 84.1027787526; 70.4138893551; 71.2222217984; 78.3999998305; 73.6444443597; 518.526832914
2017-12-12 17:48:39 ; 23.066666921; 22.8333326976; 22.7666670481; 22.7000001272; 22.6666666667; 22.7000007629; 22.7999998728; 22.8333326976; 22.933333079; 81.3000005086; 79.6666641235; 72.4333343506; 71.4666671753; 70.8000005086; 72.5333328247; 77.0; 68.8999989827; 73.2333348592; 1.5072815021
2017-12-12 18:10:22 ; 22.3419348809; 22.0612905564; 21.9354836249; 21.8064509976; 21.62580687; 21.6354843263; 21.5548389189; 21.4645159937; 21.5290323688; 86.7612905195; 85.2387089883; 78.1612900765; 77.1064514652; 76.3903222853; 78.2838713123; 84.2129036688; 72.380645752; 77.4258063532; 0 
2017-12-12 18:15:25 ; 22.1872343916; 21.9191486277; 21.7893614262; 21.6148940553; 21.4404253047; 21.4425529723; 21.382978277; 21.3042550594; 21.3638293895; 86.5595751823; 84.7872343672; 77.3765956797; 76.0000006493; 75.2255322071; 76.9276593797; 82.8276592823; 72.3978717885; 77.8489360404; 0
2017-12-12 18:20:30 ; 21.9574466462; 21.7148940715; 21.55531936; 21.3914889478; 21.2255322882; 21.2255322882; 21.144681403; 21.0361703507; 21.1085110522; 87.2127662821; 85.6404253371; 78.4042551568; 76.9872337504; 76.0936168914; 77.578723664; 83.0808508041; 72.7127656328; 78.663830047; 10.0545104502
2017-12-12 18:25:36 ; 21.8999996185; 21.7111116621; 21.4444442325; 21.264444224; 21.2000007629; 21.2799997965; 21.0533335368; 20.8799995422; 20.9466664632; 89.3; 87.4133332994; 80.7711113824; 79.4644441393; 78.2022223579; 79.262221951; 85.042221917; 73.4044445462; 79.2400004069; 10.0545104502
2017-12-12 18:30:42 ; 21.9437497854; 21.8520827691; 21.4624998569; 21.2541666428; 21.2479166985; 21.5062500238; 21.1208337943; 20.8562494516; 20.9437497854; 88.7145835559; 86.397916158; 80.2729166349; 79.4875000318; 77.9791668256; 78.7687501907; 86.2145829201; 75.4000000954; 80.5937496821; 14.579699642
2017-12-12 18:35:47 ; 22.0; 21.9124996662; 21.5083333651; 21.2999992371; 21.2479166985; 21.6000003815; 21.2000007629; 20.9020829598; 20.9979166587; 86.9583339691; 84.3770831426; 78.3645834923; 77.5520831744; 76.0062499046; 76.28125; 84.285416921; 74.9583334923; 81.1083332698; 10.8430761119
2017-12-12 18:40:57 ; 22.0543480334; 22.0; 21.5956525388; 21.3282602144; 21.3391298211; 21.6891311563; 21.2130440422; 20.9630433373; 21.0; 91.1260871887; 89.9717395617; 85.1586960502; 85.0630433456; 82.7282605379; 83.3500002985; 90.8065225352; 81.4608690013; 85.2695652506; 14.579699642
2017-12-12 18:45:59 ; 22.2391306421; 22.1282609027; 21.7717393378; 21.5760867907; 21.5717389895; 21.8999999502; 21.4847823848; 21.2478260787; 21.3152174742; 91.2760878853; 90.189130866; 84.8499999668; 84.4086957185; 81.8652174576; 82.7173922995; 90.4608696647; 81.0652175572; 87.7217390641; 10.9698942126
2017-12-12 18:51:02 ; 24.2893617508; 23.9787234043; 23.7085105815; 23.5489361946; 23.4978723729; 23.8000000487; 23.6021276028; 23.4234042472; 23.5872340101; 88.7404255968; 87.6127660224; 81.3106384277; 80.1872339452; 78.5574467436; 79.4489361377; 86.5659570897; 77.5000001623; 83.5234042229; 10.9698942126
2017-12-12 18:56:11 ; 27.2320000839; 26.8679999924; 26.5820000076; 26.4139999771; 26.36; 26.69; 26.58; 26.4679999924; 26.4579999161; 78.4180001831; 77.803999939; 71.4879995728; 70.96; 70.2240002441; 69.7559999084; 75.7239994812; 68.9080001831; 74.0539997864; 11.8831033273
2017-12-12 19:01:12 ; 28.5854164759; 28.3750000795; 28.0979165236; 27.9458332856; 27.9229166508; 28.2854167223; 28.1354165872; 28.0333332618; 27.8020833333; 80.1124998728; 78.7645835876; 72.1812496185; 71.5875000954; 70.8500000636; 70.1520835559; 76.2354168892; 69.1541674932; 74.8958333333; 10.9698942126
2017-12-12 19:06:16 ; 28.7106384927; 28.6212764091; 28.365957666; 28.2234042959; 28.2255318824; 28.5680849197; 28.3510640733; 28.2425531834; 27.9999999594; 74.2765955824; 72.9829785773; 66.9617020627; 67.0319147313; 66.7510635701; 65.8255313305; 71.206382995; 64.4510639272; 69.0574464189; 11.7827752892
2017-12-12 19:11:22 ; 28.5604165792; 28.1708334287; 27.6729164918; 27.3250000874; 27.2562501828; 27.4624997377; 27.07708323; 27.1312500238; 27.11041677; 80.535416762; 80.0791668892; 74.2916668256; 74.4104162852; 73.7416664759; 74.1833326022; 81.6312497457; 72.5541669528; 78.3916662534; 11.7827752892
2017-12-12 19:16:23 ; 30.5659575361; 29.9531914731; 29.2510638136; 28.7510639353; 28.5404254832; 28.663829844; 28.3234041904; 28.2680852362; 28.0638297872; 71.8361701154; 72.8787237938; 68.3106382654; 69.7744676306; 70.0978721456; 70.5340425207; 77.676595485; 69.8978722755; 76.4574469708; 0 
2017-12-12 19:21:32 ; 31.1000003815; 30.4959183518; 29.9285711561; 29.3959185153; 29.1510204393; 29.1367349041; 28.7775510282; 28.7510204315; 28.4469385731; 73.9734693255; 74.9122445243; 69.8489797164; 71.4591836735; 71.9877551332; 73.1897958249; 80.5591837046; 72.451020377; 79.4755101107; 0 
2017-12-12 19:26:31 ; 30.6413044308; 30.1652177313; 29.7804344011; 29.3999996185; 29.1521744521; 29.0521741121; 28.7717392548; 28.7043479007; 28.3978256972; 75.9130436441; 76.3000002322; 70.2108696647; 71.0282607701; 71.4173910721; 72.8978263192; 79.849999801; 71.8673915034; 78.5739129108; 0
2017-12-12 19:31:45 ; 30.1695654911; 29.7413046878; 29.4782607866; 29.1891310319; 28.9826086293; 28.8565211918; 28.6413048454; 28.5978264601; 28.2521739213; 78.3913038503; 78.3521738467; 71.5847823102; 71.7760865585; 71.9565217391; 73.5695644876; 80.1413045137; 72.1391303021; 78.934782277; 0 
2017-12-12 19:36:49 ; 29.8744682556; 29.5382980184; 29.3021277976; 29.0659575361; 28.8957446078; 28.8276597693; 28.6531912621; 28.5808513317; 28.2085105815; 79.6361705699; 79.5085105084; 72.6489360079; 72.7085105409; 72.736170018; 74.3531914569; 80.763829982; 72.3744678903; 79.0085105084; 0 
2017-12-12 19:41:51 ; 29.7276599154; 29.4042549539; 29.2063834819; 29.0191490092; 28.8468079263; 28.7744677929; 28.6255323938; 28.55531936; 28.1765964183; 77.9063827839; 77.7063827515; 70.6170214389; 70.5319147313; 70.5106381355; 71.5978721456; 77.6404254994; 70.1936168265; 76.8446809485; 0 
2017-12-12 19:46:54 ; 29.6791672707; 29.395832936; 29.204167366; 29.052083532; 28.8999996185; 28.8166659673; 28.7000007629; 28.6020837228; 28.2000007629; 76.6541654269; 76.3500019709; 69.3270847003; 69.2229164441; 69.2499992053; 69.9833337466; 75.737499555; 68.7708322207; 75.1708334287; 0 
2017-12-12 19:51:57 ; 29.5; 29.1854168177; 29.0041666826; 28.8166667223; 28.6854168574; 28.6291666826; 28.5166667302; 28.4083329837; 28.0583335559; 81.331249555; 81.0499997139; 73.9520832698; 73.722916921; 73.5229164759; 75.0250004133; 81.352083842; 72.9645833969; 79.5999999046; 0 
2017-12-12 19:57:04 ; 29.6744686289; 29.3531911322; 29.1425537353; 28.9489359754; 28.7808509177; 28.7340425938; 28.6148940553; 28.5148936738; 28.1531920737; 77.814893195; 77.7021279842; 70.6063833034; 70.5021279518; 70.4914898162; 71.4723408476; 77.3851061882; 70.019149131; 76.4085107357; 0 
2017-12-12 20:02:06 ; 29.6574474091; 29.3765952739; 29.2000007629; 29.0042553354; 28.8851059447; 28.8021269048; 28.7000007629; 28.6000003815; 28.2000007629; 76.8744700006; 76.6276576265; 69.6319135301; 69.4489369494; 69.4957453951; 70.1808505768; 75.9510636025; 68.9042558061; 75.2191490011; 0 
2017-12-12 20:07:19 ; 29.5812503099; 29.2999992371; 29.1062504053; 29.0; 28.8041659196; 28.7999992371; 28.7000007629; 28.5562502146; 28.2000007629; 77.0479159355; 76.7020810445; 69.5166664124; 69.3354182243; 69.2437500954; 69.9250008265; 75.6749998728; 68.7187492053; 75.0291662216; 0 
2017-12-12 20:23:15 ; 29.561702363; 29.2957439828; 29.1042557169; 28.9808509908; 28.8021269048; 28.7936163557; 28.6851070891; 28.5787237046; 28.1957454276; 77.0191488063; 76.7042539881; 69.5808498301; 69.3914910174; 69.3510657777; 70.0468077964; 75.6978719184; 68.6723389321; 75.0297867795; 0 
2017-12-12 20:28:29 ; 29.5428573063; 29.2999992371; 29.110204502; 28.9979591759; 28.8020400612; 28.7999992371; 28.7000007629; 28.5897962609; 28.2000007629; 76.840817977; 76.5755090519; 69.4306133037; 69.2408160774; 69.1836726909; 69.7877553823; 75.4551024145; 68.4836735628; 74.7244894845; 0 
2017-12-12 20:33:33 ; 29.5086956853; 29.284782078; 29.1000003815; 28.9847825506; 28.7999992371; 28.7999992371; 28.7000007629; 28.5891307748; 28.2000007629; 77.0782596754; 76.7652178225; 69.5565208767; 69.3086967468; 69.243478858; 69.8695660467; 75.5304344841; 68.5413037176; 74.7826090274; 0 
2017-12-12 20:38:36 ; 29.5108696067; 29.2630432792; 29.1000003815; 28.9826086293; 28.7999992371; 28.7999992371; 28.7000007629; 28.5695654828; 28.1978268416; 77.1673890819; 76.8695670418; 69.6782591447; 69.3913060064; 69.358696979; 70.0239126786; 75.6760869234; 68.6239114844; 74.936955991; 0 
2017-12-12 20:43:46 ; 29.4979166587; 29.2062506676; 29.1000003815; 28.9749999046; 28.7999992371; 28.7999992371; 28.7000007629; 28.5729169448; 28.2000007629; 77.2979162534; 76.9312507312; 69.7666665713; 69.4229178429; 69.3416673342; 69.9687503179; 75.6291661263; 68.6041650772; 74.7749999364; 0 
2017-12-12 20:49:17 ; 29.4978723323; 29.2085112714; 29.0978727138; 28.9553189785; 28.7999992371; 28.7680848304; 28.6957454276; 28.5574470277; 28.1936177599; 77.3297870717; 76.9957447458; 69.8872356009; 69.5297867795; 69.4744684747; 70.1170196533; 75.7914899461; 68.7382971581; 75.0808506418; 0 
2017-12-12 21:00:45 ; 29.5; 29.2000007629; 29.1000003815; 28.973912944; 28.7999992371; 28.7826081981; 28.6869572349; 28.5521741121; 28.2000007629; 77.2369545646; 76.9065229996; 69.813044009; 69.4913044805; 69.4282617984; 70.0847814809; 75.7500001659; 68.6217376046; 74.8565214406; 0 
2017-12-12 21:05:58 ; 29.5; 29.2000007629; 29.1000003815; 28.9645831982; 28.7999992371; 28.7999992371; 28.7000007629; 28.5687502623; 28.2000007629; 77.4604172707; 77.1354147593; 69.8979182243; 69.6062483788; 69.522916317; 70.2104159991; 75.8979171117; 68.737499396; 75.0729158719; 0 
2017-12-12 21:11:10 ; 29.5; 29.20212839; 29.1000003815; 28.9893616615; 28.8021269048; 28.7999992371; 28.7000007629; 28.5829790399; 28.2000007629; 77.5531906777; 77.2212763036; 69.9000015259; 69.6893601113; 69.6063813554; 70.2468083158; 75.9361706997; 68.797873639; 75.1510633103; 0 
2017-12-12 21:16:12 ; 29.5061224723; 29.2612243185; 29.1061228538; 29.0; 28.8142850058; 28.7999992371; 28.7000007629; 28.6000003815; 28.2000007629; 77.410204829; 77.1775497125; 69.9040830963; 69.6204071045; 69.5653052817; 70.2061213279; 75.8489800278; 68.7387749808; 75.0081628293; 0 
2017-12-12 21:24:22 ; 29.6346943914; 29.3612239604; 29.2122453962; 29.0612247233; 28.9061220909; 28.889795498; 28.7755098148; 28.6734700495; 28.2938768815; 76.9346939398; 76.7469385887; 69.6428574543; 69.3673480287; 69.3877558806; 70.0591830818; 75.6693871946; 68.5489791559; 74.8489795607; 0 
2017-12-12 21:29:28 ; 29.7416668733; 29.4791665872; 29.3208326499; 29.1437505484; 29.0062500238; 28.9749999046; 28.8645828168; 28.7604165077; 28.3770828644; 76.4666670163; 76.3583337466; 69.2500004768; 69.0395828883; 69.1208329201; 69.8374999364; 75.3250002861; 68.3083341916; 74.7354165713; 0
2017-12-12 21:34:30 ; 29.7130438763; 29.3891300118; 29.2000002239; 29.0478262694; 28.8999996185; 28.8565211918; 28.7326090854; 28.6652178142; 28.3826082478; 81.8543477266; 81.8978259874; 74.7586953536; 74.2956526383; 74.1543477929; 75.7804343182; 82.0956523729; 73.2000000995; 79.7739126786; 0 
2017-12-12 21:39:33 ; 29.8687494993; 29.5479168495; 29.3729161819; 29.2020838658; 29.0479168495; 28.9833332698; 28.8749995232; 28.7854161263; 28.4458331267; 77.8500005404; 77.8041664759; 70.5895822843; 70.3375005722; 70.410416921; 71.2916668256; 77.0937495232; 69.5875005722; 75.9958337148; 0 
2017-12-12 21:44:39 ; 29.6938779403; 29.4591835178; 29.3244891264; 29.1734700106; 29.0428573063; 29.0040816482; 28.8959179703; 28.7857137408; 28.4244895079; 77.2959191459; 77.0346933482; 69.8020422799; 69.4714290074; 69.4836737185; 70.1387743269; 75.7857144414; 68.6673457866; 74.9204078207; 0 
2017-12-12 21:49:42 ; 29.6000003815; 29.3770828644; 29.2145838737; 29.1000003815; 28.9624998569; 28.9187496901; 28.8020825783; 28.6916673978; 28.3104159435; 77.3104189237; 77.0874986649; 69.8479177157; 69.4791669846; 69.4729170799; 70.1604148547; 75.7875000636; 68.6791653633; 75.0; 0 
2017-12-12 21:54:54 ; 29.6000003815; 29.3319993591; 29.2020007324; 29.1000003815; 28.9199996948; 28.8999996185; 28.7999992371; 28.6940007401; 28.3019992447; 77.1779980469; 76.8860015869; 69.6459983826; 69.3300010681; 69.2860005188; 69.9500003052; 75.5659999084; 68.503999939; 74.7700003052; 0 
2017-12-12 21:59:53 ; 29.6000003815; 29.3911106957; 29.2022229513; 29.1000003815; 28.9355553097; 28.8999996185; 28.7999992371; 28.7000007629; 28.2999992371; 76.8733344184; 76.7022218492; 69.4622226291; 69.1666651408; 69.1466649373; 69.7844446818; 75.3688891941; 68.3288901435; 74.6088889228; 0 
2017-12-12 22:05:00 ; 29.6000003815; 29.3265299505; 29.2000007629; 29.1000003815; 28.9204078596; 28.8999996185; 28.7999992371; 28.7000007629; 28.3020400612; 76.6877536384; 76.4857145037; 69.2612250192; 69.0306117778; 68.9979592148; 69.6408146449; 75.179591899; 68.1714265784; 74.4367344136; 0 
2017-12-12 22:10:03 ; 29.5770836274; 29.3499996265; 29.1645839214; 29.0458335479; 28.8708331188; 28.8458331029; 28.7437494993; 28.6312505007; 28.2624995708; 76.2916653951; 76.125; 69.2750004927; 69.3999998569; 69.4750001431; 70.2604154746; 75.6874998411; 67.9895817439; 74.5291663011; 0 
2017-12-12 22:15:07 ; 30.616326663; 30.1816326453; 29.4489796697; 28.8755103909; 28.6775510749; 28.577550927; 28.4673466585; 28.3632655241; 28.0265305188; 74.8693880354; 75.5122445554; 70.6469390246; 71.6244897648; 71.7142855586; 72.9857141923; 78.9897952956; 70.9306117467; 78.5448978969; 0 
2017-12-12 22:20:11 ; 32.0478249425; 31.5239131762; 30.5521741535; 29.689130244; 29.3565216064; 29.2543474695; 29.1630436441; 29.0804350894; 28.6326090357; 69.2326087952; 70.3543480583; 67.0173913707; 69.6695651179; 70.4086960502; 71.5217392963; 77.023913342; 69.1543474612; 76.6739130435; 0 
2017-12-12 22:25:15 ; 31.9999991478; 31.5234043446; 30.7425533457; 29.94468064; 29.6000003815; 29.5063830031; 29.4021272862; 29.3063823213; 28.8297865847; 70.8191490985; 71.7000003571; 67.5680848791; 69.8468084132; 70.5574465813; 71.717021861; 77.3106384277; 69.4808520053; 77.1638297223; 0 
2017-12-12 22:30:19 ; 31.7869565798; 31.3478261284; 30.6478266509; 29.9608694159; 29.6347831229; 29.5347827414; 29.3978256972; 29.265217325; 28.7760865999; 71.6369560905; 72.3804344509; 67.8630430802; 69.854347229; 70.5652172254; 71.8173911053; 77.5934784931; 69.7608695652; 77.4326087288; 0 
2017-12-12 22:35:23 ; 31.5217392134; 31.1000003815; 30.5021739213; 29.8956517759; 29.5673915614; 29.4630433373; 29.3173910639; 29.1608701374; 28.6760875868; 72.8978263192; 73.5565215401; 68.7173914702; 70.2565213079; 70.8456522071; 72.2717386329; 77.9804349153; 69.973912944; 77.9391307002; 0 
2017-12-12 22:40:28 ; 31.3624999523; 30.985416611; 30.391666611; 29.820833087; 29.5458335082; 29.4104163249; 29.2770829995; 29.1145837704; 28.6083337466; 72.683333079; 73.3312500318; 68.4395837784; 69.8812499046; 70.4145832062; 71.5229167938; 77.1854170163; 69.6374998093; 77.6645835241; 0 
2017-12-12 22:45:34 ; 31.2224493611; 30.8591831363; 30.2857137797; 29.7408164667; 29.4714284624; 29.3591831363; 29.2183677907; 29.0408164822; 28.5612247233; 72.3346935973; 72.9387753545; 67.9346937841; 69.6081627048; 70.1387751054; 71.1877550398; 76.8938776133; 69.338775012; 77.0612240227; 0 
2017-12-12 22:50:34 ; 31.1040820297; 30.7346941111; 30.1591842418; 29.6163269744; 29.3387748952; 29.2285717555; 29.1061228538; 28.9346936284; 28.5020408241; 73.1367344759; 73.6489793427; 68.4448977101; 69.8265307679; 70.2367355969; 71.320408101; 77.1591840472; 69.7653059667; 77.5693880976; 0 
2017-12-12 22:55:41 ; 31.1042557169; 30.7234042553; 30.1680853823; 29.5978727138; 29.3297865847; 29.2340427967; 29.1085110522; 28.9468083077; 28.5021276677; 74.1468085431; 74.6297878509; 69.6340421311; 71.0468087704; 71.5085103461; 72.7212769529; 78.5489359105; 70.5085105084; 78.5021274648; 0 
2017-12-12 23:00:46 ; 31.2276593878; 30.8638295924; 30.2553188243; 29.6595749956; 29.382978277; 29.2787230066; 29.1595750768; 28.9978723323; 28.5297873477; 72.2659574468; 72.855319084; 68.0234038982; 69.8212765633; 70.3957448107; 71.4191488712; 76.9765954525; 69.3723402632; 77.0531916517; 0 
2017-12-12 23:05:48 ; 31.1042557169; 30.7404255968; 29.8361707647; 29.5744683692; 29.3340419201; 29.2255322882; 29.0787237046; 28.9340423016; 28.4978723323; 72.1000002597; 72.7404257592; 136.8319134; 69.4680847817; 70.0170213415; 70.9787238912; 76.559574533; 69.0212765957; 76.6489363325; 0 
2017-12-12 23:10:49 ; 31.0500001907; 30.6717396197; 30.0978264601; 29.526087056; 29.2543477597; 29.1478266509; 29.0217392134; 28.9021735399; 28.4347823599; 72.7934779292; 73.3934783936; 68.3891301362; 69.7891300036; 70.1608697642; 71.1695651179; 76.9673909726; 69.5521736145; 77.2760868902; 0 
2017-12-12 23:15:58 ; 31.0653063716; 30.6836737419; 30.0897962609; 29.5142857688; 29.257142826; 29.1612249102; 29.0224490652; 28.9102037391; 28.4367344525; 73.3571430128; 73.9918365479; 69.1693878174; 70.6755103286; 71.0714287271; 72.1877551955; 78.0265309859; 70.0877551643; 77.893877769; 0 
2017-12-12 23:21:02 ; 31.1361707322; 30.751063773; 30.1574473685; 29.55531936; 29.3021272294; 29.178723802; 29.0510640246; 28.9297869662; 28.5; 72.5765955499; 73.2468078289; 68.4893613775; 70.2021274972; 70.7446803641; 71.9021278544; 77.4893618645; 69.7319146014; 77.2489357806; 0 
2017-12-12 23:26:02 ; 31.170833985; 30.772916317; 30.1875004371; 29.5875003338; 29.329166015; 29.227083683; 29.0770836274; 28.9374997616; 28.4958333174; 72.1499999364; 72.8520830472; 68.1104165713; 69.7624996503; 70.2458329201; 71.316666921; 77.0062499046; 69.4041663806; 77.245833079; 0 
2017-12-12 23:31:11 ; 31.1857145271; 30.8081631174; 30.212244968; 29.5938779091; 29.3428565434; 29.2326532481; 29.0857146127; 28.9387752767; 28.4653059901; 71.3102040194; 72.0959186165; 67.2999999377; 69.0448975855; 69.6204080387; 70.520408319; 76.1918367658; 68.8755099238; 76.4877549775; 0 
2017-12-12 23:36:10 ; 31.168085707; 30.7872338802; 30.2170217392; 29.5595746953; 29.3063822807; 29.1893623027; 29.0489363569; 28.9212762954; 28.5; 73.0319150559; 73.6361704076; 68.7234044176; 70.4914890046; 70.9510639272; 72.0957448432; 77.8723404255; 70.1106375836; 77.9659574793; 0 
2017-12-12 23:41:18 ; 31.1312504609; 30.7812501589; 30.2041666905; 29.5937503576; 29.3416660627; 29.2437500954; 29.0854169925; 28.9458331267; 28.5; 72.9666665395; 73.6166666349; 68.745833238; 70.4541664124; 70.9645833969; 72.1895831426; 77.9229164124; 70.0499997139; 78.0229166349; 0 
2017-12-12 23:46:20 ; 31.1638304122; 30.8042550594; 30.2234043771; 29.6212770584; 29.355318597; 29.2553190678; 29.1319153968; 28.9659573169; 28.5; 72.2021278219; 73.0106379732; 68.1553192139; 69.8936176706; 70.3638302418; 71.374467728; 77.104255027; 69.4468088353; 77.1021272375; 0 
2017-12-12 23:51:22 ; 31.1354171832; 30.7583332062; 30.1895837784; 29.5937503576; 29.343749404; 29.2437500954; 29.0916670163; 28.9395831029; 28.5; 71.6562501589; 72.3624998728; 67.4145833651; 69.0083335241; 69.4645835559; 70.3458328247; 76.0458334287; 68.9020835559; 76.585416317; 0
2017-12-12 23:56:31 ; 31.0693880198; 30.6938777067; 30.1285718412; 29.5387756581; 29.2775507557; 29.1918373108; 29.0510206028; 28.9163262114; 28.4775509348; 73.7326529367; 74.4163262503; 69.5224489485; 71.0836731268; 71.4571431997; 72.599999564; 78.3122448045; 70.4122454585; 78.4102046733; 0 
