2017-12-13 00:01:31 ; 31.1265310949; 30.7999999377; 30.2204080698; 29.5979595574; 29.3428566602; 29.2428570572; 29.1020412056; 28.9591835178; 28.5; 72.6530613802; 73.3428572051; 68.5346935039; 70.4102045176; 70.9326531546; 72.0673463782; 77.7306123072; 69.8816327465; 77.5306117778; 0 
2017-12-13 00:06:38 ; 31.1480005646; 30.7659997559; 30.1920006943; 29.5780002975; 29.3239993286; 29.2320002747; 29.0840003204; 28.9419997787; 28.4959999847; 71.7700001526; 72.4819998169; 67.7580006409; 69.6039996338; 70.1559991455; 71.1580000305; 76.7319996643; 69.2139996338; 76.6959997559; 0 
2017-12-13 00:11:44 ; 31.1148939741; 30.7361702615; 30.1702130094; 29.5446810215; 29.2744679958; 29.1680856258; 29.0340426831; 28.8914889478; 28.4617019816; 72.3765956797; 73.1361699206; 68.2425528993; 69.8638294301; 70.270212701; 71.3191487738; 77.1234039956; 69.6808513885; 77.3765951928; 0 
2017-12-13 00:16:46 ; 31.1808514696; 30.8021275135; 30.2191492852; 29.5808513723; 29.3148929515; 29.2106387767; 29.0744683692; 28.9319146339; 28.5; 72.9106378758; 73.6999995455; 68.9191488712; 70.7978726651; 71.289361832; 72.4617022251; 78.1042548646; 70.2851064154; 77.9531918789; 0 
2017-12-13 00:21:47 ; 31.1936167859; 30.8212766444; 30.2212764253; 29.6106387199; 29.3489355939; 29.2553190678; 29.1255323938; 28.9680849846; 28.5021276677; 72.3404250449; 73.1787232744; 68.3999997403; 70.2595744032; 70.7680850739; 71.8191490985; 77.4404261163; 69.7148934222; 77.4510640895; 0 
2017-12-13 00:26:50 ; 31.0875003338; 30.7291669448; 30.1875007153; 29.5812503099; 29.3333326976; 29.2333335876; 29.0979170402; 28.9249997139; 28.4979166587; 71.4437502225; 72.2520831426; 67.4875005086; 69.2874995867; 69.8416662216; 70.745833079; 76.3208330472; 68.8770829837; 76.452082475; 0 
2017-12-13 00:31:54 ; 31.0229167541; 30.6583334208; 30.1000003815; 29.4812499285; 29.227083683; 29.1291671594; 29.014583389; 28.8729161819; 28.4104163249; 72.6812499364; 73.3833330472; 68.4624997775; 70.0375000636; 70.4458333651; 71.5270835559; 77.3187499046; 69.8291672071; 77.6291670799; 0 
2017-12-13 00:36:55 ; 31.1586962161; 30.7978258962; 30.1978264684; 29.5500001907; 29.297825606; 29.1869569861; 29.0456523481; 28.9130431465; 28.46739118; 72.3391302358; 73.1608694325; 68.4782607037; 70.3739129771; 70.8913043478; 72.0217387987; 77.7869567871; 69.8978261533; 77.6391303021; 0 
2017-12-13 00:42:03 ; 31.2187500397; 30.8583331505; 30.2562498252; 29.6020837228; 29.343749404; 29.2166667779; 29.0937503576; 28.9395831029; 28.5; 71.6104165713; 72.5187500318; 67.977083683; 69.9479163488; 70.5375000636; 71.7333337466; 77.3749998411; 69.5166665713; 76.9666665395; 0 
2017-12-13 00:47:03 ; 31.1977781932; 30.8288884905; 30.2333335453; 29.588889228; 29.3288882362; 29.2133336809; 29.0777780745; 28.9266663869; 28.5; 71.486666531; 72.4022221883; 67.8333333333; 69.7822223239; 70.2533330282; 71.3266669379; 76.9866668701; 69.3555555556; 76.9933327569; 0 
2017-12-13 00:52:09 ; 31.1489801601; 30.755101963; 30.1795924829; 29.573469668; 29.3204074782; 29.2163269666; 29.0571430751; 28.9061220909; 28.4408161008; 71.1224489796; 72.0142854963; 67.1979591214; 68.8734691386; 69.3857146283; 70.2918366413; 75.995918741; 68.8020405672; 76.4551017917; 0
2017-12-13 00:57:10 ; 31.0446810215; 30.6808513479; 30.1127663876; 29.5234043446; 29.2659573251; 29.1468089895; 29.0191490092; 28.8659569355; 28.4255316308; 73.2595740785; 74.0936172161; 69.2787233718; 70.9765954525; 71.3446812731; 72.5319147313; 78.3617016407; 70.4255315902; 78.2468088028; 0 
2017-12-13 01:02:17 ; 31.1042557169; 30.7234041336; 30.1638302499; 29.55531936; 29.2893615073; 29.1957449406; 29.0595746953; 28.8978719508; 28.4574466462; 72.4446808835; 73.2744679552; 68.6106380706; 70.4765956148; 70.8680851713; 72.0297871042; 77.8021275946; 69.9170212441; 77.6595739811; 0 
2017-12-13 01:07:23 ; 31.1434788082; 30.7760865585; 30.2152176318; 29.5760872468; 29.3152169352; 29.2065220708; 29.0630437188; 28.9065213825; 28.4630433373; 70.7499995024; 71.6543472953; 67.0500002322; 69.0717396943; 69.6108698638; 70.5956518754; 76.2173916361; 68.7391310982; 76.33695619; 0 
2017-12-13 01:12:24 ; 31.0297873477; 30.665957877; 30.1234047261; 29.5085106708; 29.2446809322; 29.1340430645; 29.0042553354; 28.8702122709; 28.4021272862; 72.5872340101; 73.3893614424; 68.5425531915; 70.1063826541; 70.519149131; 71.6425532889; 77.4723401983; 69.8999999026; 77.6957446159; 0 
2017-12-13 01:17:26 ; 31.0914897107; 30.727659753; 30.1531920737; 29.5255320123; 29.240425678; 29.140426027; 29.0063830031; 28.8595739324; 28.4276592985; 72.8148935196; 73.6510639596; 68.9446808835; 70.8723409125; 71.3340432999; 72.6829786909; 78.434042261; 70.3148935196; 78.0468079587; 0 
2017-12-13 01:22:28 ; 31.2187500795; 30.8520831664; 30.2312499285; 29.5708336035; 29.2958329519; 29.183333834; 29.0458335082; 28.9083329837; 28.4354164203; 71.5291663806; 72.4791665077; 68.0020833015; 70.1104168892; 70.5729168256; 71.7937498093; 77.4374993642; 69.6250001589; 77.481250445; 0 
2017-12-13 01:27:35 ; 31.1437505484; 30.7749996185; 30.1875007153; 29.5812503099; 29.3374994198; 29.2166669369; 29.0708336035; 28.9083329837; 28.3999996185; 70.6145836512; 71.5875004133; 66.9479166667; 68.7437504133; 69.2458333969; 70.1812504133; 75.9208332698; 68.6770833333; 76.3562499682; 0 
2017-12-13 01:32:37 ; 30.8574462647; 30.5085106708; 30.0042553354; 29.4361699693; 29.2106388985; 29.1127663876; 28.9468083077; 28.8106375755; 28.3234035817; 73.1957449406; 74.0085106708; 68.9234041255; 70.191489524; 70.5595742084; 71.6531917491; 77.5340421961; 69.934042748; 77.6191489037; 0 
2017-12-13 01:37:42 ; 30.6911112891; 30.3622219933; 29.8511108822; 29.3266663869; 29.0977781508; 29.0066666921; 28.8755550808; 28.717777888; 28.2377779643; 73.7022223579; 74.5088885837; 69.4777776082; 70.7533337063; 71.0599999322; 72.1488891602; 77.9911109077; 70.2377783881; 78.13777771; 0 
2017-12-13 01:42:44 ; 30.8425527938; 30.5; 29.9212762954; 29.3361697096; 29.1042557169; 29.0234043446; 28.8765952739; 28.7148941527; 28.2340427967; 72.1510639596; 73.065957252; 68.4085102487; 70.0404255644; 70.3340424883; 71.3063828489; 76.9170210818; 69.4340425857; 77.2489357806; 0 
2017-12-13 01:47:48 ; 30.9166665077; 30.5645835797; 30.0; 29.3479162057; 29.118750453; 29.0375001431; 28.8937495947; 28.7437500954; 28.2541666031; 71.2166668574; 72.2750002543; 67.7020834287; 69.4770835241; 69.8875001272; 70.7666660945; 76.3979169528; 69.0208334923; 76.700000445; 0 
2017-12-13 01:52:50 ; 30.9744679877; 30.6021280492; 30.0085106708; 29.3978719508; 29.1382983999; 29.0425533538; 28.9255316308; 28.7702124575; 28.29787161; 71.3404256942; 72.4170210818; 67.7382981321; 69.3319151858; 69.7127659574; 70.6489364949; 76.4042549945; 69.1170212766; 76.8404255319; 0
2017-12-13 01:57:57 ; 30.9808509908; 30.6191493907; 30.0319150154; 29.4255316308; 29.1638304122; 29.0936173784; 28.938297637; 28.804254613; 28.2999992371; 72.1234039956; 73.2234044176; 68.6170212766; 70.210638168; 70.5638301119; 71.5234040605; 77.2999996429; 69.7617020303; 77.7936169239; 0 
2017-12-13 02:03:01 ; 30.9583331744; 30.5958336989; 30.014583389; 29.4124996662; 29.1520837148; 29.0583335559; 28.9354164203; 28.7812496821; 28.2999992371; 71.8375000954; 72.9166665077; 68.3354167938; 70.1604161263; 70.6145833333; 71.6499996185; 77.1895833015; 69.4749997457; 77.0729165077; 0 
2017-12-13 02:08:06 ; 31.066666921; 30.6854171753; 30.0729169448; 29.4145830075; 29.156250596; 29.0562502146; 28.9208330313; 28.7645831108; 28.2999992371; 71.0541667938; 72.2312499682; 67.883333683; 69.8062500954; 70.2875002225; 71.3499997457; 77.058333079; 69.2895830472; 76.9833337466; 0 
2017-12-13 02:13:06 ; 31.1416672071; 30.7541668415; 30.133333842; 29.4520831505; 29.1916672786; 29.0895836751; 28.9312497377; 28.7999993165; 28.3083326022; 70.7666670481; 71.9875001907; 67.6854165395; 69.5812503497; 70.0291668574; 71.0; 76.793750445; 69.1374999682; 76.7624999682; 0 
2017-12-13 02:18:08 ; 31.1522733081; 30.7545453852; 30.1227277409; 29.4545452812; 29.2022731521; 29.0727275502; 28.9431816014; 28.8068174449; 28.3045447089; 70.8113633936; 72.061363567; 67.7999997572; 69.797727238; 70.2636366757; 71.3386358781; 76.9181821997; 69.2272734209; 77.0499999306; 0 
2017-12-13 02:23:16 ; 31.1511116876; 30.7444445292; 30.1377783034; 29.4577776167; 29.2133338504; 29.111111535; 28.9644443088; 28.8177770827; 28.3133326213; 71.268888855; 72.4688891941; 68.1177780151; 70.1599997626; 70.5577779134; 71.6399998983; 77.2022216797; 69.4733332316; 77.4288886176; 0 
2017-12-13 02:28:21 ; 31.1520839135; 30.7562500636; 30.1458338896; 29.4687498808; 29.2333335876; 29.1145837704; 28.9687498808; 28.8354160388; 28.3395827214; 71.5208331744; 72.7583333651; 68.3416660627; 70.4770833651; 70.9208337466; 72.0291670163; 77.6479166349; 69.9041668574; 77.7062497139; 0 
2017-12-13 02:33:25 ; 31.1320005035; 30.7799998093; 30.190000267; 29.5340001297; 29.2559999084; 29.1620005798; 29.0400001526; 28.875999527; 28.3959996033; 71.1880000305; 72.3800001526; 67.9000001526; 69.9740003967; 70.4899996948; 71.5439996338; 77.1840003967; 69.5320002747; 77.0740003967; 0 
2017-12-13 02:38:29 ; 30.993478236; 30.6586962575; 30.1173917522; 29.506521764; 29.2347827994; 29.1347831229; 28.993478236; 28.8304341358; 28.3695647198; 71.2478266177; 72.3999997015; 67.7434783604; 69.5782610023; 70.0000001659; 70.9869567208; 76.7282605379; 69.1652178557; 76.8543478924; 0 
2017-12-13 02:43:29 ; 30.9266663869; 30.566666921; 30.0333334605; 29.4222219255; 29.1711117638; 29.066666921; 28.9244441562; 28.7688886007; 28.2977770487; 71.1000003391; 72.2111114502; 67.5533333672; 69.1999996609; 69.6066670736; 70.5066665649; 76.2155556573; 68.9399998983; 76.5111112807; 0 
2017-12-13 02:48:32 ; 30.8999996185; 30.5510206028; 29.9693876383; 29.3571423122; 29.1204086226; 29.018367417; 28.8836730256; 28.7326533259; 28.2510203926; 71.8836735317; 72.9734690141; 68.3061222933; 69.902040754; 70.2489793739; 71.2775513007; 77.0285714597; 69.5755099861; 77.2612245521; 0 
2017-12-13 02:53:37 ; 30.9874999523; 30.6375005245; 30.0500001907; 29.3979162772; 29.133333842; 29.0291667779; 28.8854162296; 28.7541666031; 28.2999992371; 70.9895838102; 72.1958332062; 67.7354168892; 69.7854164441; 70.3437498411; 71.4729166031; 77.1270836194; 69.3854165077; 76.8062497775; 0 
2017-12-13 02:58:43 ; 31.0836737886; 30.7224491664; 30.1163269744; 29.4326528043; 29.1530618084; 29.0428573063; 28.926530332; 28.7897953111; 28.2979584519; 71.0612244898; 72.3183673158; 67.9714283846; 70.042856956; 70.5571422966; 71.7244899516; 77.2999999377; 69.5714288828; 77.4326536218; 0 
2017-12-13 03:03:49 ; 31.0800003052; 30.7000001272; 30.0955559201; 29.4533331553; 29.2111115774; 29.0977781508; 28.9422220018; 28.7977772607; 28.3044436985; 71.1288889567; 72.4177775065; 68.079999627; 69.9466664632; 70.4799997965; 71.6777784559; 77.3533331977; 69.6111112807; 77.5422222561; 0 
2017-12-13 03:08:48 ; 31.0978727138; 30.7212766282; 30.1106387199; 29.4617019816; 29.2255322882; 29.1255323938; 28.9531913108; 28.8191482463; 28.321275914; 70.9808510314; 72.3085108006; 67.9851061233; 69.8510639921; 70.3446802992; 71.5382980996; 77.3340428129; 69.4595747603; 77.4702124088; 0 
2017-12-13 03:13:54 ; 31.0877554368; 30.7224492054; 30.1142861503; 29.4775509348; 29.2265309704; 29.1224494467; 28.963265166; 28.8142850058; 28.3122441817; 71.1061223867; 72.436734725; 68.0673470011; 69.9367348807; 70.3387759462; 71.4448983329; 77.1673468765; 69.3897958872; 77.2734694189; 0 
2017-12-13 03:19:00 ; 31.0775513162; 30.716326772; 30.1265310949; 29.4571426937; 29.2000004126; 29.091837085; 28.9571426937; 28.8102033576; 28.3040808853; 71.2734692632; 72.538775697; 68.1367343202; 70.0408163265; 70.5244891108; 71.6346936907; 77.2755098927; 69.5326536529; 77.2265302697; 0 
2017-12-13 03:24:03 ; 31.2040819051; 30.8102038636; 30.1714289529; 29.4979591759; 29.2306125018; 29.128571919; 28.981632583; 28.8448973675; 28.3551014881; 70.37346945; 71.7816327153; 67.5795918679; 69.6551020097; 70.0673466897; 71.1551016983; 76.8224488862; 69.2061227292; 76.8632652127; 0 
2017-12-13 03:29:05 ; 31.1770840089; 30.7999997536; 30.1687505643; 29.5041666826; 29.2437500954; 29.1375005245; 28.9979166587; 28.8604161342; 28.3770828644; 70.5479167302; 71.9833327929; 67.6645835241; 69.8645831744; 70.3104162216; 71.3500000636; 77.0187497139; 69.3083333969; 76.9541667302; 0 
2017-12-13 03:34:10 ; 31.2063833196; 30.8085103948; 30.1787238425; 29.5127660061; 29.240425678; 29.1340430645; 28.9872339939; 28.8489355939; 28.3723399385; 70.7659572845; 72.1957446159; 67.9510636025; 70.0468084457; 70.5021274648; 71.6255316227; 77.1851064804; 69.4319149585; 77.1319151533; 0 
2017-12-13 03:39:18 ; 31.1734700106; 30.797958919; 30.1571434566; 29.5224490652; 29.2346941111; 29.1326535673; 28.9938775277; 28.8489790157; 28.3857138497; 70.7306118401; 72.2265304254; 67.9959182739; 69.9102038948; 70.4306122138; 71.644897928; 77.228571522; 69.4102040505; 77.0836732825; 0 
2017-12-13 03:44:15 ; 31.2808510395; 30.8914889883; 30.2340426749; 29.5489363569; 29.2574466949; 29.1489367384; 29.02765968; 28.8808506093; 28.3872336124; 70.1978719184; 71.7255317201; 67.6276595745; 69.7234044176; 70.2808508366; 71.4127656653; 77.0297871042; 69.2425535486; 76.9319149585; 0 
2017-12-13 03:49:19 ; 31.2854163249; 30.8979165157; 30.2520831426; 29.5645835797; 29.2854162852; 29.1687505643; 29.0375001431; 28.8979162772; 28.3979162772; 70.3541663488; 71.8437498411; 67.6583336194; 69.777083238; 70.3770834605; 71.5145832698; 77.1124998728; 69.3208332062; 77.1562498411; 0 
2017-12-13 03:54:28 ; 31.1847831892; 30.8195649023; 30.204348108; 29.5521741121; 29.2739126786; 29.1586962575; 29.0282609774; 28.8760864838; 28.3804343265; 70.5195649188; 72.0456523066; 67.7195646867; 69.7130433787; 70.1456517759; 71.2913047127; 77.0630431797; 69.2956519749; 77.0999993034; 0 
2017-12-13 03:59:36 ; 31.1183677985; 30.7387756426; 30.1489801601; 29.5224490652; 29.2469388222; 29.1367352155; 28.9918367036; 28.834693247; 28.3122441817; 70.6693878174; 72.151020595; 67.7489795296; 69.6224486682; 70.1306125874; 71.2306118401; 76.9387753545; 69.3224488862; 77.3163265306; 0 
2017-12-13 04:04:36 ; 31.1375005245; 30.7458333969; 30.1354171832; 29.4895832936; 29.227083683; 29.1208337943; 28.9562498331; 28.8083326022; 28.2999992768; 70.6604166031; 72.1333332062; 67.8562498093; 69.7937496503; 70.3125003179; 71.4083331426; 77.0770829519; 69.508333842; 77.1395829519; 0 
2017-12-13 04:09:36 ; 31.2208335002; 30.8312495947; 30.1812504133; 29.5041666826; 29.2312502861; 29.1270838181; 28.9562498331; 28.8187493881; 28.3041659196; 70.0520833333; 71.6104167302; 67.4916669528; 69.6541663806; 70.1770836512; 71.3458329837; 77.0437499682; 69.2500003179; 77.3604167302; 0 
2017-12-13 04:14:40 ; 31.2086959093; 30.8217388651; 30.1804353051; 29.53260882; 29.2413044805; 29.1326092015; 28.96739118; 28.8326080571; 28.3152166864; 70.4260870892; 72.0239130103; 67.8891309655; 69.8999997015; 70.3652172918; 71.4717392299; 77.1608694325; 69.3934785594; 77.4043481246; 0 
2017-12-13 04:19:44 ; 31.1659580799; 30.7595743626; 30.1468090707; 29.5191490092; 29.2425533051; 29.1382983999; 28.9808509908; 28.8255312494; 28.3063822807; 70.2000001948; 71.7936169239; 67.6361697582; 69.7234042553; 70.1765958096; 71.2936165992; 77.031914569; 69.3191489362; 77.170212766; 0 
2017-12-13 04:24:46 ; 31.1604172786; 30.7749997775; 30.1583339373; 29.5062500238; 29.2375001907; 29.1270838181; 28.9666665395; 28.8083326022; 28.3083326022; 70.3437501589; 71.9229165713; 67.6687498093; 69.7333335876; 70.2229166031; 71.2958337466; 77.0312503179; 69.3958328565; 77.058333079; 0 
2017-12-13 04:29:52 ; 31.1673475772; 30.8040814302; 30.1673475772; 29.5102041206; 29.2326533259; 29.1183677985; 28.9489793972; 28.8204074782; 28.3081625335; 70.4040815392; 71.9346940955; 67.7265307368; 69.9102045176; 70.4183673469; 71.669387506; 77.3897961986; 69.504081259; 77.1061223867; 0 
2017-12-13 04:34:55 ; 31.165306753; 30.7918365245; 30.1551026325; 29.4979591759; 29.2326533259; 29.1020412056; 28.9469385731; 28.8142850058; 28.3122441817; 70.383673376; 71.9877549775; 67.7755100484; 69.8061227604; 70.35714239; 71.6142856831; 77.3367345382; 69.4938774887; 77.3775513318; 0 
2017-12-13 04:39:58 ; 31.2260003281; 30.8379994965; 30.2000004578; 29.5240000916; 29.2300003052; 29.1200004578; 28.9539998245; 28.8139992905; 28.3019992447; 70.0099996948; 71.6299992371; 67.5380000305; 69.6759996033; 70.1859992981; 71.3660005188; 77.1700004578; 69.3580001831; 77.1559996033; 0 
2017-12-13 04:45:05 ; 31.2839996719; 30.8799995422; 30.2280003357; 29.5260000992; 29.2360002136; 29.124000473; 28.9639998627; 28.8139992905; 28.3139992905; 69.7859999084; 71.5019999695; 67.5240000916; 69.6980001831; 70.203999939; 71.3959997559; 77.026000061; 69.3560005188; 77.2959999084; 0 
2017-12-13 04:50:05 ; 31.3333327373; 30.9312497377; 30.2354168892; 29.5416668256; 29.2562499046; 29.133333842; 28.9791665872; 28.8374993801; 28.3062492609; 69.4645833969; 71.1979168256; 67.2187503179; 69.6229162216; 70.1104162534; 71.1937497457; 76.8812499046; 69.1750003497; 76.9541664124; 0 
2017-12-13 04:55:13 ; 31.3326525785; 30.9122445632; 30.2469388222; 29.5530614269; 29.2632651037; 29.1408168637; 28.9836734071; 28.8408157193; 28.3224483023; 69.6224496024; 71.3795911828; 67.3612241161; 69.5102042373; 70.057142608; 71.1999999066; 76.9183679697; 69.1734696992; 76.8591834866; 0 
2017-12-13 05:00:18 ; 31.371428081; 30.9653059901; 30.2755099705; 29.5816329645; 29.3061218262; 29.1714291865; 29.0265307135; 28.8693872569; 28.3469381916; 69.4387755102; 71.2387757593; 67.2102041439; 69.4204087549; 70.0530613491; 71.120407883; 76.8265307679; 69.0571430751; 76.920407665; 0
2017-12-13 05:05:17 ; 31.4063826216; 30.9872339939; 30.321275914; 29.6127663876; 29.327658917; 29.2063836037; 29.0425533538; 28.9021272862; 28.3978719508; 69.3191490985; 71.1489361702; 67.3063830112; 69.8446807861; 70.4914891669; 71.6765961343; 77.3893612801; 69.2042556113; 77.1531915868; 0 
2017-12-13 05:10:22 ; 31.285416166; 30.9020829598; 30.2354168892; 29.552083532; 29.2874994278; 29.1583339373; 29.0062500238; 28.8749995232; 28.3333326976; 69.9166668256; 71.7000001272; 67.6354165077; 69.6979161898; 70.2791665395; 71.464583079; 77.285416762; 69.2708333333; 77.2124999364; 0 
2017-12-13 05:15:26 ; 31.2239134415; 30.8130430968; 30.1695656984; 29.5282609774; 29.2456522403; 29.1304352802; 28.980434708; 28.8239123718; 28.2999992371; 69.7434780287; 71.5065218055; 67.4521739794; 69.4891304348; 69.9717390641; 71.0500002322; 76.7434783604; 69.1065217723; 76.8934783936; 0 
2017-12-13 05:20:28 ; 31.2479166985; 30.8562494914; 30.2020837466; 29.5208334128; 29.2312502861; 29.1270838181; 28.9770832459; 28.8229159911; 28.2999992371; 69.5166668892; 71.3416663806; 67.34375; 69.5083332062; 69.9770833651; 71.0625004768; 76.683333079; 68.9979168574; 76.9875001907; 0 
2017-12-13 05:25:38 ; 31.3702122709; 30.97234032; 30.2659572033; 29.5340426831; 29.2531914407; 29.1319153968; 28.9936169969; 28.8404249232; 28.2999992371; 68.8340426506; 70.7191486764; 66.9000000649; 69.2446810134; 69.8808517456; 70.9659573169; 76.5319147313; 68.7787233718; 76.6510639596; 0 
2017-12-13 05:30:39 ; 31.382978277; 30.9702126523; 30.2659572033; 29.5574470277; 29.2638295762; 29.1361707322; 28.9765956554; 28.8510632616; 28.3191482463; 68.7404255968; 70.619149066; 66.8127662172; 69.2319149261; 69.8127665418; 71.0851060583; 76.7000000325; 68.9000005519; 76.4382978399; 0
2017-12-13 05:35:42 ; 31.3583327929; 30.947916468; 30.2458334366; 29.5729169448; 29.2958328724; 29.1562505563; 29.0229167541; 28.8687494993; 28.329166015; 69.3499997457; 71.2166665395; 67.3874999682; 69.5708332062; 70.097916921; 71.2874995867; 76.9145827293; 69.308333238; 77.433333079; 0
2017-12-13 05:40:46 ; 31.2765954606; 30.8999996185; 30.2510638136; 29.5765960369; 29.2914888098; 29.1617027445; 29.0212766769; 28.8893612801; 28.3489355939; 69.6723402307; 71.5851060583; 67.6340426181; 69.7957443887; 70.4042551568; 71.5638293003; 77.3468085756; 69.3319146988; 77.3212767256; 0 
2017-12-13 05:45:45 ; 31.2042560172; 30.8106377378; 30.172341083; 29.52765968; 29.2468085593; 29.1276600615; 28.9744679877; 28.8255312494; 28.2999992371; 70.0595746953; 71.9021273674; 67.8340421636; 69.7680853986; 70.2574469384; 71.5297869419; 77.1425531266; 69.323404515; 77.0787238263; 0 
2017-12-13 05:50:52 ; 31.2791665792; 30.8666664759; 30.2000003258; 29.5125000477; 29.2354168892; 29.1208337943; 28.9604165157; 28.8354160388; 28.3249993324; 69.5312503179; 71.4479163488; 67.5166668892; 69.5979164441; 70.1041666667; 71.4062503179; 76.9708333015; 69.0604165395; 76.7666667302; 0 
2017-12-13 05:56:00 ; 31.3645828168; 30.947916468; 30.2375001907; 29.5458335082; 29.2833328247; 29.1354171832; 29.0020833413; 28.8624994755; 28.3520827691; 68.9979163806; 71.0104168256; 67.2083333333; 69.3104163806; 69.862499555; 71.0812498728; 76.7250000636; 68.9541668892; 76.7625002861; 0 
2017-12-13 06:00:57 ; 31.3787229416; 30.9617019816; 30.2553190678; 29.5680853661; 29.2638295762; 29.144681403; 28.9744679877; 28.8468079263; 28.3127652838; 68.3808510963; 70.4191491959; 66.6744683448; 68.9595744356; 69.5553191165; 70.670212766; 76.1936171511; 68.4021278544; 76.4361697258; 0
2017-12-13 06:06:01 ; 31.4148932924; 30.9978723323; 30.2574466949; 29.5574470277; 29.2659572033; 29.1297877291; 28.9617019816; 28.8531909293; 28.3170205786; 69.1148936495; 71.2234044176; 67.6957447782; 70.0212764334; 70.6893618969; 72.0659574143; 77.5680850415; 69.1638302093; 76.9595749226; 0 
2017-12-13 06:11:08 ; 31.4574466462; 31.0255320123; 30.2999996429; 29.5957450461; 29.2872335556; 29.1340430645; 28.9957446646; 28.8680846032; 28.321275914; 68.6361704076; 70.7127654705; 67.0872343347; 69.3744683773; 70.1425532889; 71.421276823; 76.9787232419; 68.9829791455; 76.9893618645; 0 
2017-12-13 06:16:13 ; 30.4895833333; 30.2229168018; 29.6833332777; 29.1250000795; 28.8583332698; 28.7437500954; 28.5895831188; 28.4874998728; 28.0354163647; 68.3895833492; 69.683333238; 65.4833333492; 67.2916668256; 67.8937497934; 68.464583079; 73.3187497457; 65.5937501589; 72.1187502543; 0
2017-12-13 06:21:16 ; 30.4874999921; 30.2937501272; 29.9958331585; 29.6124999523; 29.2875001033; 29.34375; 29.1312500238; 29.0729165872; 28.7500000397; 71.5187503497; 72.3583335876; 66.9708330631; 68.2958331108; 69.1770834923; 69.464583238; 74.8583334287; 66.9437495867; 73.0437496503; 0
2017-12-13 06:26:19 ; 30.7044443342; 30.5444444021; 30.1799997965; 29.7555554708; 29.5088887956; 29.6666666667; 29.3822222392; 29.3600001441; 29.0755554199; 67.4044445462; 68.2422222561; 63.8244440715; 65.6311118232; 66.8777777778; 67.213332706; 72.0022220188; 63.6466668871; 68.491111162; 0
2017-12-13 06:31:26 ; 32.1276596556; 31.6595743869; 30.6510640002; 29.8297871123; 29.4595744762; 29.523404304; 29.1744680608; 29.1680850171; 28.8617022494; 64.4936173622; 66.7978720158; 64.3127658925; 67.1680853012; 68.5829790805; 69.0361706348; 75.131914991; 66.4617017381; 72.6212773425; 0
2017-12-13 06:36:25 ; 33.1340424558; 32.5765950629; 31.4957447052; 30.6234042797; 30.1936170294; 30.2808508772; 29.9021277326; 29.842553159; 29.3829784393; 63.9297872503; 66.6212763685; 64.5063830437; 67.5319147313; 68.9425530941; 69.3638295924; 75.4510636025; 67.1893612476; 74.5382977749; 0
2017-12-13 06:41:34 ; 32.5653059434; 32.1122448201; 31.265306356; 30.5816324195; 30.2306120347; 30.3204081788; 29.9081635378; 29.7693876539; 29.2306121126; 64.9693875994; 67.3122446488; 64.3224490419; 66.6755101729; 67.8469390869; 68.0816328866; 74.3530612868; 66.7102039882; 74.8122443374; 0
2017-12-13 06:46:37 ; 32.336956812; 31.7565215152; 30.8999999917; 30.3152172669; 30.0108696067; 30.1108698223; 29.6695650764; 29.4695651013; 28.7891302523; 66.3760871058; 68.9978257884; 65.7565215567; 67.4847828409; 68.2717386329; 68.2739130103; 74.9521736477; 67.8065222035; 76.3717389314; 0
2017-12-13 06:51:37 ; 32.17083323; 31.722916762; 30.9708332221; 30.4395831029; 30.2000007629; 30.3124992847; 29.8874995708; 29.6166671117; 28.9020829598; 67.6499997775; 69.883333683; 66.2187499205; 67.6750001907; 68.3166666031; 68.2125000954; 74.7520834605; 67.929166317; 76.3916664124; 5.42153805596
2017-12-13 06:56:46 ; 31.5510202914; 31.2183675961; 30.653061458; 30.234694189; 30.0265307135; 30.1673472657; 29.7428573686; 29.4551018695; 28.7673469855; 70.3428573608; 71.9163268732; 67.5224491042; 68.5306119335; 68.883673376; 68.7081635144; 75.3653058422; 68.6775508024; 76.9061226358; 4.47416825883
2017-12-13 07:01:49 ; 31.0422222985; 30.7444448259; 30.2555557675; 29.9022218492; 29.7111114502; 29.8844440036; 29.455555386; 29.1355558607; 28.5311112298; 71.6822219849; 72.9844440036; 68.1222223918; 68.9844446818; 69.1333333333; 68.944444614; 75.8000006782; 69.0222225613; 77.0888885498; 0
2017-12-13 07:06:50 ; 30.8659569355; 30.5808513723; 30.0510640246; 29.7000006412; 29.5191490092; 29.7085112714; 29.2723402064; 28.9425529723; 28.3957442831; 71.8574465488; 73.1787234367; 68.374467728; 69.138298197; 69.2170215363; 69.0361699855; 75.9382980022; 69.1468085431; 77.0638297872; 3.51267809486
2017-12-13 07:11:53 ; 30.8604161342; 30.5604168971; 30.0041666826; 29.6208337943; 29.4645831982; 29.633333842; 29.2250003815; 28.8999996185; 28.3062492609; 71.5562502543; 72.9479168256; 68.3354166349; 69.1041668256; 69.2083334923; 68.9437502225; 75.8625000318; 69.1437503497; 77.0375005404; 5.42153805596
2017-12-13 07:17:03 ; 30.9021272862; 30.5744683692; 29.9765956554; 29.5936173784; 29.4340423016; 29.6191493907; 29.2042558548; 28.8893612801; 28.3127652432; 71.657446841; 73.1999997078; 68.676595485; 69.4680847817; 69.5255315253; 69.3297873964; 76.1319146664; 69.2404254345; 77.1297876886; 0
2017-12-13 07:22:05 ; 31.0270834366; 30.6812502543; 30.0583335559; 29.6604172786; 29.4979166587; 29.6645839612; 29.2604165077; 28.9354164203; 28.3541661104; 71.4041671753; 73.0416663488; 68.625; 69.3916667302; 69.5270835559; 69.2145829201; 75.9937494596; 69.0895833969; 76.9624997775; 0
2017-12-13 07:27:06 ; 31.1469390636; 30.7795916966; 30.1387760396; 29.7326531313; 29.5346940099; 29.7000004905; 29.2755098148; 28.963265166; 28.3816323183; 67.9673468142; 69.7285714441; 65.7857144414; 66.6632650726; 66.7265305811; 66.5387758527; 72.4224489173; 66.122449291; 73.3673470945; 2.52912797044
2017-12-13 07:32:12 ; 30.772340247; 30.2127658357; 29.4723404823; 29.0680850009; 28.8553192463; 28.9000001055; 28.2872341643; 27.9000001461; 27.4255319961; 68.1063830599; 70.8234044339; 67.2404252722; 68.5574464189; 69.0638294626; 69.8702121491; 78.2617016244; 71.2404255157; 79.944681127; 0
2017-12-13 07:37:16 ; 32.7638297385; 31.8680851713; 30.8106382654; 30.2106383709; 29.8255318987; 29.887233937; 29.3638296736; 28.9957445835; 28.3191489362; 63.5276593959; 67.7638298197; 65.4000001461; 67.2361701803; 68.2255318824; 68.7723406528; 76.4617019004; 69.4723401983; 79.4085107357; 0
2017-12-13 07:42:24 ; 33.4437508583; 32.6333334446; 31.6625000636; 31.0437501669; 30.6687497298; 30.7374998331; 30.1916664044; 29.797916611; 29.0; 65.0791664918; 68.9520829519; 66.0541663965; 67.8104166985; 68.879166921; 69.2395831744; 76.7187503179; 69.9979163806; 79.6583333015; 0
2017-12-13 07:47:23 ; 33.0531914894; 32.4574472143; 31.6872342698; 31.168085707; 30.8765952739; 30.9127656247; 30.3659569761; 29.9680849846; 29.2021282277; 67.2936172485; 70.3085108006; 66.7021277407; 68.2340423909; 69.1085106058; 69.3914897188; 76.9765952902; 70.2000001948; 79.9680857557; 0
2017-12-13 07:52:25 ; 32.4021273674; 31.9425524854; 31.3148935602; 30.8744679309; 30.6148937712; 30.6957446159; 30.1744682231; 29.8042553029; 29.0574470277; 69.1127658601; 71.3872343023; 67.2212763036; 68.4574466462; 68.9978718859; 69.2914894591; 76.72340458; 69.9425530941; 78.7787236964; 0
2017-12-13 07:57:33 ; 31.8081631174; 31.4489795529; 30.8734694111; 30.5; 30.2897961286; 30.3979587944; 29.9040812668; 29.5632655475; 28.8918363221; 70.8428570494; 72.7142854029; 68.1428572986; 69.1408166691; 69.4204085992; 69.4775512073; 76.8816327465; 70.0551018228; 78.4857140366; 0
2017-12-13 08:02:34 ; 31.2804350231; 30.9434780453; 30.4413041239; 30.1086957351; 29.9326084386; 30.0804349651; 29.602174054; 29.263043528; 28.6586959258; 72.1695652837; 73.806521706; 68.9739131098; 69.7021741452; 69.9043479588; 69.9695656818; 77.3021737804; 70.3673910058; 78.5152174908; 0
2017-12-13 08:07:41 ; 30.8859995651; 30.5920001602; 30.1079999924; 29.7860001755; 29.6319999695; 29.8000000763; 29.3519998169; 28.9859999466; 28.445999794; 72.946000061; 74.4400003052; 69.5420001221; 70.1540000916; 70.25; 70.2919999695; 77.6599996948; 70.6040003967; 78.5580004883; 0
2017-12-13 08:12:44 ; 30.7571426703; 30.4428569249; 29.9326528043; 29.6244902708; 29.4612243419; 29.6489801601; 29.2000003348; 28.8673464327; 28.353060664; 72.814285434; 74.4326533103; 69.7040816327; 70.3306120269; 70.277551145; 70.2163263438; 77.4081635767; 70.4000001246; 78.3551025391; 0
2017-12-13 08:17:47 ; 30.8387753623; 30.5; 29.9285711561; 29.5612247233; 29.4183670355; 29.6061228538; 29.1734698549; 28.853060664; 28.3306115987; 70.7265305811; 72.606122231; 68.0734692009; 68.8469384641; 68.87346945; 68.6061225424; 75.6000001868; 69.0734699794; 76.7938771151; 6.35920389817
2017-12-13 08:22:55 ; 30.8645828168; 30.5208334128; 29.9249997139; 29.552083532; 29.4187496901; 29.6104170879; 29.1895840168; 28.8520827691; 28.3270826737; 72.4583333333; 74.2854166031; 69.7145833969; 70.3791664441; 70.3708335559; 70.2812498411; 77.4645838737; 70.4875003497; 78.5104169846; 0
2017-12-13 08:27:54 ; 30.9425529723; 30.5510640246; 29.9617019816; 29.5978727138; 29.4319146339; 29.6361707322; 29.2255322071; 28.8893612801; 28.355318597; 72.565957252; 74.4723405229; 69.9446807212; 70.6702126036; 70.7851064154; 70.7425530616; 77.9723406853; 70.7297869743; 78.9787230796; 0
2017-12-13 08:33:00 ; 31.0120000458; 30.6340005112; 30.0460001755; 29.6700005722; 29.5120000458; 29.6900006104; 29.2799996567; 28.9599998474; 28.4159996796; 71.1660003662; 73.2; 68.783999939; 69.633999939; 69.7699995422; 69.6320004272; 76.6779998779; 69.7059999084; 77.5039997864; 1.5072815021
2017-12-13 08:38:06 ; 30.985416611; 30.6208337943; 30.0562502146; 29.6854172945; 29.5250000954; 29.712500453; 29.2874995073; 28.9749999046; 28.4437497854; 70.8395835559; 72.9354163806; 68.4479163488; 69.308333238; 69.5000003179; 69.3708335559; 76.304166317; 69.3770839373; 77.183333079; 0
2017-12-13 08:43:06 ; 30.9645831982; 30.5875003338; 30.0458335082; 29.6666671832; 29.5229167541; 29.6750004292; 29.2687499523; 28.9687498808; 28.4583331744; 70.9499999682; 72.9562498728; 68.3458333015; 69.1083334287; 69.2041667302; 68.9874997139; 76.0104169846; 69.3229160309; 77.0583329201; 0
2017-12-13 08:48:10 ; 30.97234032; 30.5957450461; 30.0319150154; 29.6702133341; 29.5063830031; 29.7000006412; 29.2872335556; 28.9638296493; 28.4510636431; 72.2191486764; 74.3021275946; 69.7595742408; 70.4425530941; 70.5510636999; 70.4957452328; 77.619149066; 70.5085106708; 78.4680849441; 0
2017-12-13 08:53:13 ; 30.9571426937; 30.573469668; 30.0346940099; 29.671428914; 29.5265307135; 29.7224494; 29.291836252; 28.9673468142; 28.4510202213; 72.3673472502; 74.4020404426; 69.7612243964; 70.5061228227; 70.5795920236; 70.5122447111; 77.6591837358; 70.5265308302; 78.6285718023; 1.5072815021
2017-12-13 08:58:18 ; 31.0041666826; 30.6250004768; 30.0708336035; 29.7354168892; 29.5479168495; 29.7416667938; 29.329166015; 29.0166667302; 28.4937499762; 71.7041668892; 73.7770833969; 69.1687498093; 69.9812501272; 70.0750002861; 70.0375000636; 77.1187502543; 70.0520830154; 77.924999555; 0
2017-12-13 09:03:23 ; 30.8624997536; 30.5291667779; 30.0604168971; 29.7312502464; 29.5541668733; 29.7458333969; 29.335416158; 29.0291667779; 28.5; 71.96875; 74.0625003179; 69.0999997457; 69.8500006994; 69.9875001907; 69.9479168256; 76.9875000318; 69.9916672707; 77.549999396; 0
2017-12-13 09:08:29 ; 30.7510203926; 30.4285711561; 30.0346940099; 29.7040820998; 29.5530614269; 29.7367348963; 29.3142852394; 28.9959183518; 28.4979591759; 71.9346940955; 73.8551016049; 68.6734692321; 69.2979597753; 69.4163268732; 69.1999997509; 76.2081628916; 69.4306122138; 76.8632653684; 0
2017-12-13 09:13:30 ; 30.6755108347; 30.3612239604; 29.9775509348; 29.6857149163; 29.5346940099; 29.7306125407; 29.3285707746; 29.0081632964; 28.5020408241; 72.4285715843; 74.1346938464; 68.7775508336; 69.3040822866; 69.3346934416; 69.1061223867; 76.1183670978; 69.4857141923; 77.230611373; 6.35920389817
2017-12-13 09:18:37 ; 30.6680855447; 30.3489355939; 29.9702126523; 29.6744687101; 29.5319150154; 29.7191494069; 29.321275914; 29.0127660061; 28.5; 73.4085102487; 75.1723402307; 69.7680850739; 70.2744681176; 70.289361832; 70.1425524772; 77.242552737; 70.251064057; 77.9489364624; 0
2017-12-13 09:23:42 ; 30.7250003815; 30.395832936; 30.0041666826; 29.6937504212; 29.5291667779; 29.7229170799; 29.3208326499; 29.0229167541; 28.4979166587; 73.129166921; 75.0416666667; 69.7624999682; 70.3020834923; 70.34375; 70.2229164441; 77.3208333651; 70.2354165713; 78.1645830472; 0
2017-12-13 09:28:46 ; 30.7122448512; 30.3836730256; 29.9959183518; 29.6938779013; 29.5469389546; 29.7510203926; 29.3489790157; 29.0387756581; 28.5285715376; 73.1469391803; 74.9306122138; 69.5551022899; 70.0979595574; 70.2020405361; 70.0204081633; 77.0306125563; 70.0306120892; 77.8551022277; 0
2017-12-13 09:33:52 ; 30.7142859868; 30.389795498; 30.0081632964; 29.6938780181; 29.5530614269; 29.7469388222; 29.3387748952; 29.0306123617; 28.5142857688; 72.7061224178; 74.5897959495; 69.257142826; 69.8387756348; 69.9244901696; 69.7163269666; 76.7714292565; 69.8877552577; 77.6204080387; 0
2017-12-13 09:38:51 ; 30.6744687506; 30.3638292678; 29.9680849846; 29.6659580393; 29.5319150154; 29.7319151696; 29.2914889721; 28.9829786585; 28.4957446646; 71.7340425532; 73.5531911647; 68.3319153481; 68.9042556438; 68.9617020627; 68.6553190515; 75.6106382329; 69.1021275622; 76.6531909374; 5.42153805596
2017-12-13 09:43:59 ; 30.6148940553; 30.2851062531; 29.9297869662; 29.6319153968; 29.4936169969; 29.7063836443; 29.2914888098; 28.9936169969; 28.4957446646; 74.1191487414; 75.7957447133; 70.3021275946; 70.7148937469; 70.691489524; 70.5574469059; 77.7170205624; 70.663830047; 78.459574111; 0
2017-12-13 09:49:05 ; 30.6630439758; 30.3434776638; 29.96739118; 29.6760873795; 29.53260882; 29.732608961; 29.3326080571; 29.0304348987; 28.5152174494; 73.9173910721; 75.732608961; 70.2565219713; 70.732608961; 70.7652178225; 70.7282610354; 77.8673911717; 70.6413045137; 78.6565213411; 0
2017-12-13 09:54:07 ; 30.7085107844; 30.3999996185; 30.0170213415; 29.7127662415; 29.5574470277; 29.7510638136; 29.3468079263; 29.0425533538; 28.52765968; 73.1106387199; 74.9085102487; 69.5702126686; 70.0765957122; 70.1723403931; 70.0638297872; 77.1127656977; 70.0702128309; 77.7127659574; 0
2017-12-13 09:59:11 ; 30.7000004196; 30.3839995575; 30.0040000153; 29.6960005188; 29.5500001907; 29.7440000916; 29.3359993744; 29.0360001373; 28.5240000916; 72.2719999695; 74.1439997864; 68.8419998169; 69.4200001526; 69.5280000305; 69.3639994812; 76.2860002136; 69.406000061; 76.907999115; 0
2017-12-13 10:04:18 ; 30.6500005325; 30.3395827214; 29.9520831505; 29.6687505643; 29.5250000954; 29.7229170799; 29.3187493483; 29.0208334128; 28.5041666826; 72.6979166667; 74.4812501272; 69.0250000954; 69.5229167938; 69.5333333015; 69.3458333015; 76.356250445; 69.620833238; 77.25; 0
2017-12-13 10:09:24 ; 30.6500005722; 30.3416660627; 29.9687498808; 29.6875004768; 29.5270834366; 29.727083683; 29.3249993324; 29.0208334128; 28.5125000477; 73.7208331426; 75.5291668574; 70.0520836512; 70.504166921; 70.5416666667; 70.4312500954; 77.6250003179; 70.4145832062; 78.1062498093; 0
2017-12-13 10:14:24 ; 30.6638301281; 30.3638292678; 29.9744679877; 29.678723802; 29.5425533538; 29.7446809322; 29.3446802586; 29.0425533538; 28.5297873477; 73.4574464839; 75.2404252722; 69.8021275946; 70.2765955824; 70.3255318175; 70.2106383303; 77.2446803641; 70.1659573494; 77.9999998377; 0
2017-12-13 10:19:32 ; 30.6734700495; 30.3632649013; 29.9897958794; 29.6857149163; 29.5510206028; 29.744898037; 29.3408157193; 29.036734834; 28.5163265929; 72.524490045; 74.3999999689; 69.0591833932; 69.6428572986; 69.7551023522; 69.4469386509; 76.4551019474; 69.5224489485; 77.261224085; 0
2017-12-13 10:24:37 ; 30.6361707322; 30.3085104354; 29.9531913108; 29.6531920737; 29.5191490092; 29.7170217798; 29.308509989; 29.0021276677; 28.4978723323; 71.9723403606; 73.7446808511; 68.3659568949; 68.9148937793; 68.9234041255; 68.6212766931; 75.5425536785; 68.9978720482; 76.5617021601; 6.35920389817
2017-12-13 10:29:40 ; 30.5693880198; 30.2510205483; 29.9102037391; 29.6040820297; 29.4571426937; 29.6591842029; 29.2693875371; 28.9693876383; 28.4938775277; 74.0102040816; 75.8244898271; 70.3428572051; 70.757142826; 70.7428573297; 70.6408163577; 77.7346937218; 70.5469388378; 78.5102037702; 0
2017-12-13 10:34:42 ; 30.6106387199; 30.3042553029; 29.9553189785; 29.644681403; 29.4765956554; 29.6829791373; 29.2851060908; 28.9808509908; 28.4957446646; 73.2276591849; 75.0382977749; 69.6297875262; 70.13829771; 70.1659570248; 70.0276594771; 77.0936165668; 70.0765960369; 77.7872338802; 0
2017-12-13 10:39:47 ; 30.6500005722; 30.3374995788; 29.9583331744; 29.6583339373; 29.5166667302; 29.712500453; 29.304166158; 28.9937499762; 28.4979166587; 72.2687503497; 74.1937503815; 68.9041665395; 69.4583334923; 69.5437501272; 69.2708333333; 76.1687499682; 69.3749998411; 76.9333326022; 0
2017-12-13 10:44:50 ; 30.6375005245; 30.2833333015; 29.9291663965; 29.6354171832; 29.485416611; 29.6770839294; 29.2854162852; 28.9812499285; 28.4979166587; 72.7166666985; 74.581249555; 69.1666665077; 69.6458330154; 69.597916762; 69.3416668574; 76.3770829837; 69.6749998728; 77.387500445; 0
2017-12-13 10:49:55 ; 30.5787237046; 30.2638299414; 29.9170209601; 29.6191493907; 29.4659573169; 29.6659577552; 29.2595744437; 28.9617019816; 28.47234032; 73.7936172485; 75.5872341724; 70.1702124413; 70.5872340101; 70.6680853012; 70.6021278868; 77.7361696933; 70.5255316876; 78.3489362027; 0
2017-12-13 10:55:01 ; 30.6083337466; 30.2854164044; 29.9249997139; 29.6395838658; 29.4770832459; 29.6833339135; 29.2874995867; 28.9791665872; 28.4979166587; 73.1437501907; 75.0166662534; 69.6437501907; 70.0979164441; 70.1229165395; 69.9291664759; 77.0416668256; 70.0104165077; 77.7937498093; 0
2017-12-13 11:00:05 ; 30.5957450461; 30.2765957041; 29.9191486277; 29.617021723; 29.4829786585; 29.6808515914; 29.2680849116; 28.9680849846; 28.47234032; 71.9531912296; 73.8234041904; 68.5297869419; 69.0468084457; 69.1744680202; 68.7978721781; 75.7361698556; 69.0617018355; 76.6872341075; 0
2017-12-13 11:05:08 ; 30.5708336035; 30.2437501748; 29.9062496424; 29.6062504053; 29.4458331267; 29.656250596; 29.2666664521; 28.9687498808; 28.4937499762; 73.7333334287; 75.5729163488; 70.0770832698; 70.4541665713; 70.4062495232; 70.2249997457; 77.3062505722; 70.3562499682; 78.1249996821; 0
2017-12-13 11:10:10 ; 30.5978727138; 30.2638299414; 29.9234039631; 29.617021723; 29.4702126523; 29.6680856664; 29.2723402064; 28.9765956554; 28.4957446646; 73.4957444211; 75.4446807212; 70.0191489686; 70.4382971906; 70.4638298522; 70.3808510963; 77.3638295924; 70.2148934222; 77.8170216337; 0
2017-12-13 11:15:14 ; 30.6152178308; 30.2999997761; 29.9456519666; 29.6456527295; 29.4913043147; 29.6978264684; 29.2934778462; 28.9978260787; 28.4956521573; 73.0152171591; 74.9456525056; 69.5478260206; 70.0565215401; 70.1217384338; 70.0326086957; 77.0456521407; 69.9739126123; 77.7195650184; 0
2017-12-13 11:20:23 ; 30.6391309655; 30.315217184; 29.9543476519; 29.6521744521; 29.506521764; 29.7043482324; 29.2999996102; 28.9891303933; 28.5021739213; 72.3913040161; 74.3913043478; 69.0739130766; 69.5956522071; 69.626086857; 69.4456523398; 76.3695653832; 69.4217391636; 76.9739127781; 0
2017-12-13 11:25:23 ; 30.6553195385; 30.3063828489; 29.9468083077; 29.6489366572; 29.5148936738; 29.6936174758; 29.3021271482; 29.0106383385; 28.5085106708; 72.6617024198; 74.5765952252; 69.1659576741; 69.6510639596; 69.6468083808; 69.4255322395; 76.3957448107; 69.6595739811; 77.2340425532; 0
2017-12-13 11:30:27 ; 30.6808513479; 30.3659569355; 29.9808509908; 29.6765961748; 29.5212766769; 29.7234046611; 29.327658917; 29.0297873477; 28.52765968; 73.4489361377; 75.4340425857; 70.0638293003; 70.6021272375; 70.7382978074; 70.6702129283; 77.6340427805; 70.4319146339; 78.1489364949; 0
2017-12-13 11:35:33 ; 30.695918453; 30.3775505533; 30.0020408241; 29.71428587; 29.5510206028; 29.7530611778; 29.3469381916; 29.0571430751; 28.5653063716; 72.763265493; 74.7755098927; 69.4224487616; 69.9775512073; 70.1346936907; 70.0551018228; 77.1122445866; 69.9673469699; 77.6734693878; 0
2017-12-13 11:40:39 ; 30.6591842807; 30.355101527; 29.9857142312; 29.6877558183; 29.5448981305; 29.7489796074; 29.3306115987; 29.0204082411; 28.5265307135; 72.1142859945; 74.0632651193; 68.7510204704; 69.306122449; 69.4142859323; 69.1918364544; 76.1346938464; 69.336735161; 76.7795922416; 0
2017-12-13 11:45:44 ; 30.5191490092; 30.2234044988; 29.8680846032; 29.5872343753; 29.44468064; 29.644681403; 29.240425678; 28.9340423016; 28.4510636431; 73.3106382654; 75.151063635; 69.6297870392; 70.0340423584; 69.9680849441; 69.7702120517; 76.91489313; 70.0957448432; 77.7021273349; 0
2017-12-13 11:50:42 ; 30.5577779982; 30.2466668871; 29.888888465; 29.6088893043; 29.4466664632; 29.6488894569; 29.2599998474; 28.9599998474; 28.4911110772; 73.8533331977; 75.8111109416; 70.3488891602; 70.7533330282; 70.7355556912; 70.6; 77.6644439697; 70.4888890584; 78.2688891941; 0
2017-12-13 11:55:51 ; 30.6142861503; 30.2918364466; 29.9367344525; 29.6408168637; 29.4959183518; 29.7061230017; 29.3142851226; 29.0122449447; 28.518367417; 73.0204081633; 75.0265305188; 69.6469390246; 70.1183667864; 70.1387754168; 69.9306119024; 76.9816327776; 69.9408162954; 77.5346938153; 0
2017-12-13 12:00:56 ; 30.6520839135; 30.3333330552; 29.9562498331; 29.6645839612; 29.5291667779; 29.7395834923; 29.3270827929; 29.0208334128; 28.5437501669; 71.8000000318; 73.8208333651; 68.566666762; 69.1312497457; 69.1624997457; 68.8208330472; 75.7104166349; 69.0583335559; 76.5833326976; 0
2017-12-13 12:06:05 ; 30.6104170879; 30.2833332221; 29.933333079; 29.6270838181; 29.5041666826; 29.7104172707; 29.3062493801; 29.0083333651; 28.5125000477; 73.722916921; 75.6104165713; 70.1416667302; 70.5291665395; 70.4291671117; 70.2708330154; 77.402083079; 70.4229165713; 78.1624997457; 0
2017-12-13 12:11:06 ; 30.6387760396; 30.3081631952; 29.9551018695; 29.659184125; 29.5387756581; 29.7428572518; 29.3428565434; 29.0428573063; 28.5408164822; 73.8102040194; 75.7408168559; 70.3265303008; 70.742857174; 70.7265307368; 70.6469388689; 77.757142826; 70.6551016983; 78.5653057488; 0
2017-12-13 12:16:12 ; 30.6795925218; 30.3653056865; 29.9857142312; 29.6979596663; 29.5591838992; 29.7653058889; 29.353060664; 29.0448981305; 28.5571430751; 72.1693878174; 74.2102042996; 68.9448980215; 69.4693877551; 69.4755101107; 69.2448981149; 76.1224488239; 69.348979405; 76.9714285403; 0
2017-12-13 12:21:15 ; 30.6000003815; 30.2624999285; 29.9312497377; 29.633333842; 29.5020833413; 29.7145838737; 29.3083328009; 28.9958333174; 28.5020833413; 72.7062500318; 74.6374999682; 69.2000001272; 69.6520835559; 69.5583335559; 69.3187497457; 76.3250007629; 69.6291670799; 77.1895834605; 0
2017-12-13 12:26:19 ; 30.5733336131; 30.262222502; 29.9133330027; 29.6133337657; 29.4733332316; 29.6666669634; 29.2733333164; 28.9733332316; 28.5133333842; 74.3444439358; 76.3133332994; 70.7822219849; 71.1599997626; 71.1333333333; 71.2422217475; 78.3333333333; 71.0666670058; 78.9733330621; 0
2017-12-13 12:31:22 ; 30.6369570442; 30.3304345089; 29.9630433373; 29.6586962161; 29.5282609774; 29.732608961; 29.3347819784; 29.0239131347; 28.5217392134; 73.0869563559; 75.0739132425; 69.6804353465; 70.1891303684; 70.2130433787; 70.0782610023; 77.1239129771; 70.0456519749; 77.8500006303; 0
2017-12-13 12:36:26 ; 30.6700006485; 30.3499996185; 29.9739999008; 29.6680006027; 29.5460001755; 29.7480000305; 29.3439994049; 29.0420001602; 28.5400001526; 71.7279998779; 73.7959997559; 68.5719996643; 69.1619999695; 69.2419999695; 68.9840002441; 75.8559999084; 69.0780003357; 76.5659999084; 0
2017-12-13 12:41:39 ; 30.6021280492; 30.2659572439; 29.9276592985; 29.6276600615; 29.4978723323; 29.6957453464; 29.2829783419; 28.9936169969; 28.5085106708; 73.3106384277; 75.2212761412; 69.7553189866; 70.1808509015; 70.1170211143; 69.9829788208; 77.0638294626; 70.1404256618; 77.6914896864; 0
2017-12-13 12:46:39 ; 30.5723407015; 30.2574470601; 29.9276592985; 29.6340430645; 29.5148936738; 29.7212769529; 29.2914890533; 28.97234032; 28.5170213415; 73.6127656977; 75.5851065453; 70.1297875262; 70.5425533538; 70.5297875912; 70.3617019653; 77.5404252397; 70.4106382005; 78.1638302093; 0
2017-12-13 12:51:45 ; 30.6122453261; 30.2979588801; 29.9428569249; 29.6387760396; 29.5081632964; 29.7142859868; 29.3142851615; 28.9938775277; 28.518367417; 72.9367348807; 74.9489799032; 69.6448977723; 70.0897961052; 70.0530615048; 69.9142849981; 76.9346937841; 69.9061224801; 77.3693874126; 0
2017-12-13 12:56:47 ; 30.5938779091; 30.2693876928; 29.9122445632; 29.6081636779; 29.4795917589; 29.6775514252; 29.2816324039; 28.9775509348; 28.5061224723; 72.018366911; 74.0489793116; 68.7469389001; 69.2673469076; 69.2591834555; 69.0061220442; 75.9061224801; 69.2122446177; 76.7469389001; 0
2017-12-13 13:01:54 ; 30.5956525388; 30.2586956439; 29.9217388319; 29.6195656735; 29.4782607866; 29.6760876282; 29.2739127201; 28.9826086293; 28.506521764; 73.1608695984; 75.167391238; 69.7217390641; 70.1326088283; 70.0760867907; 69.9195651179; 76.952173316; 70.0282609359; 77.6739132093; 0
2017-12-13 13:06:58 ; 30.6478266509; 30.3130431383; 29.9456519666; 29.6434788082; 29.5173913707; 29.7130440422; 29.3217384504; 29.0152174494; 28.5217392134; 73.2847825755; 75.4304346831; 70.0891304016; 70.5413045469; 70.5760871224; 70.395652771; 77.4043476271; 70.2847825755; 77.8173916029; 0
2017-12-13 13:12:02 ; 30.7191490417; 30.3999996185; 30.02765968; 29.7191494069; 29.55531936; 29.7510638136; 29.3723399385; 29.0680853661; 28.5765960369; 72.9531912296; 75.0404255644; 69.7489361053; 70.2638303067; 70.3574467111; 70.2063829138; 77.1553193762; 70.1255316227; 77.9638301768; 0
2017-12-13 13:17:09 ; 30.7333333492; 30.4229163726; 30.0625002384; 29.7708330154; 29.6000003815; 29.8208327691; 29.4124996662; 29.104167064; 28.6125004292; 72.3916668892; 74.4458333651; 69.1562504768; 69.691666921; 69.71875; 69.558333238; 76.4937500954; 69.620833238; 77.2687503497; 0
2017-12-13 13:22:14 ; 30.6500005722; 30.3565211918; 29.980434708; 29.6934789575; 29.5608697974; 29.7608693994; 29.3565211918; 29.0608697974; 28.5804350894; 72.4826084635; 74.4521736477; 69.0086953536; 69.4891306006; 69.4521739794; 69.1978263855; 76.1847829404; 69.5043477597; 77.1173916692; 0
2017-12-13 13:27:19 ; 30.5085106708; 30.2212768311; 29.882978277; 29.6276598991; 29.4829786585; 29.6851065615; 29.2914892562; 29.0021276677; 28.5361703507; 74.4148939417; 76.3531914569; 70.8127658925; 71.110637746; 71.0702128309; 71.0553191165; 78.1893618969; 70.9148937793; 78.58510687; 0
2017-12-13 13:32:22 ; 30.5854169925; 30.2791662614; 29.9437497854; 29.6625006199; 29.5312501192; 29.7375001907; 29.3416660627; 29.0166667302; 28.5395834843; 72.0354170799; 74.0437499682; 68.7874997457; 69.3416666985; 69.4145832062; 69.2250000636; 76.0625004768; 69.2291666667; 76.6687502861; 0
2017-12-13 13:37:30 ; 30.4795917589; 30.1755104843; 29.8448973675; 29.5612247233; 29.4387752767; 29.6387760396; 29.2489796074; 28.9571426937; 28.4979591759; 73.6326530612; 75.5612244898; 70.0244895779; 70.3632649013; 70.228571522; 70.1326530612; 77.257142826; 70.3367350053; 77.9775508958; 1.5072815021
2017-12-13 13:42:30 ; 30.4829786585; 30.1872340263; 29.8425527532; 29.5808513723; 29.4489359754; 29.6680855447; 29.2702125793; 28.9808509908; 28.5170213415; 74.1234043203; 76.1085107682; 70.5680850415; 70.9000000649; 70.795744551; 70.6446805913; 77.7595745655; 70.5787230147; 78.3361706024; 1.5072815021
2017-12-13 13:47:35 ; 30.5319150154; 30.2106384927; 29.8680846032; 29.5787237046; 29.4617019816; 29.6765964183; 29.2744677523; 28.9808509908; 28.4978723323; 72.6340424558; 74.6765956473; 69.336169953; 69.7914892968; 69.8021275946; 69.5510640246; 76.3531916192; 69.5191489686; 76.8255319798; 0
2017-12-13 13:52:42 ; 30.5653063716; 30.2102045332; 29.8510198399; 29.5653063716; 29.426530332; 29.6346943914; 29.2469388222; 28.9551018695; 28.4775509348; 72.9081632653; 74.9979589034; 69.6938777067; 70.1244900762; 70.1061223867; 69.9918365479; 76.8571430128; 69.844898146; 77.3612248946; 0
2017-12-13 13:57:46 ; 30.8044441223; 30.4244441562; 30.0177778456; 29.7133335537; 29.5555557675; 29.7599997203; 29.3666662004; 29.0733336131; 28.566666921; 72.2577775743; 74.5622217814; 69.4155558268; 69.9888890584; 70.0422224257; 69.9644444784; 76.793333096; 69.7488886515; 77.4333333333; 0
2017-12-13 14:02:48 ; 30.9042549539; 30.52765968; 30.1404260676; 29.8319143336; 29.6319153968; 29.8595739324; 29.4510636431; 29.1808515508; 28.6595750768; 72.0234038982; 74.2787232095; 69.1510639596; 69.8127660548; 69.8595745006; 69.7085105409; 76.6893615723; 69.6191489037; 77.295744551; 0
2017-12-13 14:07:59 ; 30.8687496185; 30.5270834366; 30.1479172309; 29.8499994278; 29.6708338261; 29.8895829121; 29.4749999046; 29.2104170322; 28.6895840565; 72.2375001907; 74.4229162534; 69.2770835559; 69.831249396; 69.8854166667; 69.6999999682; 76.7604163488; 69.6604172389; 77.245833238; 0
2017-12-13 14:13:08 ; 30.1404255806; 29.9489360566; 29.6617022575; 29.3765958827; 29.2702129039; 29.4744678254; 29.0595744113; 28.8617019653; 28.4553189785; 72.6489362514; 74.0297875912; 68.52553185; 69.127659818; 69.2234042553; 68.8553197333; 75.3255318987; 67.904255238; 74.7361698556; 2.52912797044
2017-12-13 14:18:23 ; 30.3063825242; 30.1872343104; 29.9425530941; 29.6978726894; 29.5702130338; 29.8085102325; 29.448936016; 29.2787230877; 28.9106380787; 72.0106386225; 73.1808510638; 67.6765957284; 68.2531913595; 68.185106318; 67.5957445997; 73.519149131; 66.4851066102; 72.4191483843; 5.42153805596
2017-12-13 14:23:33 ; 29.144897928; 29.0755100639; 28.899999891; 28.7387756036; 28.7510205872; 29.0632653528; 28.7367348574; 28.6632655397; 28.4346936284; 78.1591842029; 78.9020413769; 72.5224491042; 72.2612248635; 71.3326534349; 70.7632651816; 77.2979589968; 69.3469393983; 75.7918371084; 0
2017-12-13 14:28:40 ; 29.1854164998; 29.0270832777; 28.7166666985; 28.4229168097; 28.3770834208; 28.6041668256; 28.0979166428; 27.8729165792; 27.6645835241; 72.3583333492; 73.6125001113; 68.7250000636; 70.466666619; 70.4104165236; 70.6437501113; 78.189583381; 70.8479160468; 78.6125001113; 6.35920389817
2017-12-13 14:34:17 ; 30.8857143169; 30.4755101496; 29.8734692943; 29.130612315; 28.8489795996; 28.8836734538; 28.291836758; 27.9265305655; 27.6122447423; 67.8122452716; 70.077550927; 66.2795919302; 69.165306247; 69.4897960741; 70.0122450225; 78.1775512695; 71.3102035522; 78.6551016983; 6.35920389817
2017-12-13 14:39:54 ; 31.0459999847; 30.7140002823; 30.2440002441; 29.6300004959; 29.3499994278; 29.3279993439; 28.6160002899; 28.1680003357; 27.8319993591; 72.1999995422; 74.2379998779; 69.5680003357; 72.1999998474; 72.7839997864; 74.0959997559; 83.3980000305; 76.3599992371; 84.9139994812; 6.35920389817
2017-12-13 14:44:57 ; 30.6645835638; 30.4229163726; 30.0791669687; 29.6666673024; 29.4749999046; 29.4562498331; 28.7916660309; 28.3708328406; 27.9708332221; 70.5812509855; 72.28125; 67.34375; 68.8645836512; 69.0687500636; 69.7104167938; 78.1895837784; 71.8666664759; 79.8437506358; 6.35920389817
2017-12-13 14:50:17 ; 30.3106380625; 30.1042556357; 29.8042552218; 29.4914893292; 29.3638292678; 29.3957442831; 28.7872334744; 28.382978277; 27.9872339939; 70.8127655679; 72.3489357157; 67.2191494881; 68.3765969784; 68.3468095495; 68.7170210493; 76.8957451354; 70.7595745655; 78.2872332309; 9.89857577958
2017-12-13 14:55:41 ; 29.9425529723; 29.734042959; 29.3914889478; 29.0510638623; 28.9638296087; 28.9978722511; 28.3489356345; 27.9255315902; 27.5851065859; 76.0297872665; 77.6787234367; 72.2085103786; 73.3085108006; 72.9234042878; 74.0744675981; 83.4297871691; 76.1744681825; 84.691489037; 6.35920389817
2017-12-13 15:01:08 ; 30.1086960668; 29.8586951131; 29.513043528; 29.1586962575; 29.03260882; 29.0630437188; 28.46739118; 28.0434784267; 27.673913624; 71.6652176898; 73.3608688686; 68.2782607701; 69.5086958512; 69.3999998673; 69.9130433124; 78.3195658145; 71.8891301362; 79.623913143; 6.35920389817
2017-12-13 15:06:26 ; 30.110204502; 29.8999996185; 29.5714288439; 29.2040823333; 29.1000003815; 29.1734700495; 28.5897962609; 28.1918374665; 27.7959176667; 70.6571429506; 72.3714285091; 67.3571431685; 68.5367349119; 68.4795918367; 68.8040819752; 76.9632644653; 70.7632656487; 78.2448981149; 6.35920389817
2017-12-13 15:11:39 ; 30.0446810215; 29.8234040281; 29.4617019816; 29.1021280492; 29.0021276677; 29.0510640246; 28.4234044501; 27.9978723323; 27.6446805913; 73.8148940066; 75.5765953876; 70.4595747603; 71.9234033138; 71.8787226575; 72.7787240211; 81.9425535811; 75.0063833683; 83.3744680526; 7.28984982102
2017-12-13 15:16:45 ; 30.2553190272; 29.9702126523; 29.5851067076; 29.172340596; 29.0106383385; 29.02765968; 28.3999997403; 27.97234032; 27.6148940553; 71.5106381355; 73.3276599316; 68.4319139846; 69.868085009; 69.80212727; 70.5106382979; 79.1744681825; 72.6085104435; 80.4659573169; 6.04877228568
2017-12-13 15:21:56 ; 30.2914894185; 30.0255320123; 29.6404260676; 29.2170212522; 29.0851067076; 29.0957450055; 28.4340423827; 27.9744679877; 27.619148782; 73.5085106708; 75.4127661522; 70.3957448107; 72.3127660548; 72.4659573169; 73.6489360079; 82.9425530941; 76.1489360079; 84.6829786909; 6.04877228568
2017-12-13 15:26:54 ; 30.3282602974; 30.0521741121; 29.6673919429; 29.2565216811; 29.0826090108; 29.0891307748; 28.4456519666; 28.0086956853; 27.6347831229; 71.4000003649; 73.2043476934; 68.2326086293; 69.7434785262; 69.7847829072; 70.4804345836; 79.2326084635; 72.7282610354; 80.745652572; 6.04877228568
2017-12-13 15:32:36 ; 30.2229166826; 29.9833332698; 29.5979170402; 29.2187499205; 29.0916670163; 29.0875003338; 28.4270833731; 27.9749999046; 27.6208331585; 73.3166675568; 75.1666665077; 70.1645828883; 71.9458332062; 71.9479168256; 73.0291662216; 82.2666667302; 75.477083683; 84.2041664124; 7.28984982102
2017-12-13 15:38:00 ; 30.2521738799; 29.9717390226; 29.6000003815; 29.2152176318; 29.0608697974; 29.0652176401; 28.4239127532; 27.9978260787; 27.6000003815; 70.5239131762; 72.2999995688; 67.4152173581; 68.9304345172; 68.936955991; 69.584782476; 78.226086658; 71.917391238; 79.8173909395; 7.99113796304
2017-12-13 15:43:07 ; 30.1479171912; 29.8937495947; 29.5020833413; 29.0854169528; 28.947916468; 28.9458331267; 28.2687500318; 27.8166663249; 27.4499998093; 74.2083334923; 76.0937501589; 71.0479162534; 72.7812496821; 72.6604166031; 73.9437499046; 83.3395833969; 76.3270831108; 85.0458337466; 6.35920389817
2017-12-13 15:48:12 ; 30.2891298377; 30.006521764; 29.6565223362; 29.2369566378; 29.0695654828; 29.0869568535; 28.4565215733; 28.0304348987; 27.6347831229; 70.7173921336; 72.5021738799; 67.6956521739; 69.1608694325; 69.1695647862; 69.7826080322; 78.3217393626; 72.0500000663; 80.0326091932; 6.35920389817
2017-12-13 15:53:20 ; 30.1740003586; 29.9179996872; 29.5600002289; 29.1859997559; 29.0520001984; 29.092000351; 28.4580000687; 28.0060000229; 27.6280000305; 73.083999939; 74.9080006409; 69.8800003052; 71.7599995422; 71.6219999695; 72.7500001526; 81.7739993286; 74.9659997559; 83.5219999695; 6.35920389817
2017-12-13 15:58:28 ; 30.23; 29.9519998169; 29.570000267; 29.1540004349; 29.0140000534; 29.0280001068; 28.3799995422; 27.9399997711; 27.5620002365; 71.5359997559; 73.4099996948; 68.5019995117; 69.9940000916; 69.8760005188; 70.6020001221; 79.33; 72.8880000305; 81.0479997253; 6.35920389817
2017-12-13 16:03:41 ; 30.2369563061; 29.9891303933; 29.6217395948; 29.2173910556; 29.0608697974; 29.1021743028; 28.4717391056; 28.0173913707; 27.6304349899; 72.3956517759; 74.2869572847; 69.4521736477; 71.4108694325; 71.3891307997; 72.3478262528; 81.3021732828; 74.7195651842; 83.3021737804; 6.35920389817
2017-12-13 16:08:50 ; 30.2041670481; 29.9291663965; 29.5500001907; 29.1458338896; 28.9833332698; 28.9937499762; 28.3541661501; 27.9083329837; 27.5458335082; 71.7687501907; 73.5854166349; 68.6250001589; 70.1145838102; 69.9958338737; 70.7645832698; 79.5874996185; 73.1270840963; 81.3520835241; 6.35920389817
2017-12-13 16:13:50 ; 30.2212764253; 29.9531913108; 29.5914897107; 29.1936171106; 29.02765968; 29.0361703507; 28.395744689; 27.9446808429; 27.5702130338; 72.6170214389; 74.5404260514; 69.6999998701; 71.6425523149; 71.572339971; 72.6553190515; 81.8127655679; 75.1234043203; 83.7446810134; 6.35920389817
2017-12-13 16:18:57 ; 30.2510203537; 29.9755101107; 29.5959187332; 29.1571433787; 28.9979591759; 28.9979591759; 28.3346935973; 27.8795914163; 27.5142857688; 71.9816327776; 73.8755103909; 68.9428570806; 70.4285714286; 70.3857140055; 71.2918366413; 80.2571429817; 73.693877551; 81.9591832064; 6.35920389817
2017-12-13 16:24:05 ; 30.2374997139; 29.985416611; 29.6229171356; 29.229166309; 29.0645835797; 29.0916670163; 28.4708333015; 28.0104167461; 27.6083337466; 72.0791664124; 73.9979166985; 69.1708331108; 71.0708330472; 71.0020829837; 71.9750002225; 81.0458335876; 74.4770833651; 83.0729171435; 6.35920389817
2017-12-13 16:29:20 ; 30.1425537353; 29.8617016001; 29.4829786585; 29.1021280492; 28.9531913108; 28.9553189785; 28.2957444698; 27.855318597; 27.4680849846; 71.5553187918; 73.4148939417; 68.512765925; 69.8723405879; 69.7276598342; 70.5191489686; 79.3255314928; 72.9404256293; 81.0404255644; 6.35920389817
2017-12-13 16:34:31 ; 30.1560005951; 29.8719995117; 29.4939999771; 29.0660002518; 28.9339997482; 28.929999733; 28.2400003052; 27.7860002899; 27.3979996109; 73.056000061; 75.0399998474; 70.1239997864; 72.246000061; 72.1720001221; 73.3520001221; 82.8280000305; 75.9519996643; 84.9480004883; 6.35920389817
2017-12-13 16:39:36 ; 30.2708330154; 29.9770832459; 29.5791669687; 29.168750604; 29.0250000954; 29.0270834366; 28.3999996185; 27.9354164203; 27.5395834843; 70.4458330472; 72.3000000318; 67.535416762; 69.0208331744; 69.0020839373; 69.6229168574; 78.1687502861; 72.0458337466; 80.1749998728; 10.0545104502
2017-12-13 16:44:48 ; 29.8041668733; 29.5875000954; 29.2604169051; 28.9958332777; 28.8729161819; 28.9604165157; 28.4312497377; 28.0937500795; 27.7583334446; 76.1229163806; 78.0854167938; 72.6062499682; 72.9708329837; 72.3208330472; 72.9833329519; 81.3020834923; 73.5354164441; 80.7854164441; 6.35920389817
2017-12-13 16:49:52 ; 29.9319146339; 29.7212767905; 29.4468083077; 29.2446808105; 29.1595748333; 29.2999998458; 28.851063708; 28.5957449243; 28.3595744194; 73.3042555464; 74.9893615398; 69.3297867471; 69.5787235017; 69.2255323694; 69.3106381031; 76.842553646; 70.072340458; 76.4234044501; 5.42153805596
2017-12-13 16:56:06 ; 29.7428572129; 29.5938778702; 29.3591836813; 29.210204105; 29.1877550787; 29.389795498; 28.9653059901; 28.7510203926; 28.5632655475; 76.1551021654; 77.7367341956; 71.8877552577; 71.5938772085; 70.8836736874; 70.861223649; 78.2755102041; 70.8530612868; 76.8938766791; 5.42153805596
2017-12-13 17:01:12 ; 29.727659753; 29.5744683692; 29.3510632616; 29.1829792997; 29.1744687506; 29.3744676062; 28.9765956554; 28.7574466949; 28.5680853661; 74.2723400035; 75.7276595095; 69.8170204974; 69.7659577715; 69.2276598342; 69.0106384602; 76.210638655; 69.3787234692; 75.2148935846; 5.42153805596
2017-12-13 17:07:51 ; 29.4437496662; 29.383333683; 29.1562497616; 29.0458331108; 29.0541663567; 29.279166619; 28.8937501907; 28.6687497298; 28.5145837069; 71.4520834287; 72.2958337466; 66.5499994755; 66.5270826817; 66.0916657448; 65.4708340963; 71.8166676362; 65.5250009696; 70.8250002861; 9.89857577958
2017-12-13 17:12:47 ; 27.4772723805; 27.6272727359; 27.5772725886; 27.5613634803; 27.6477273161; 27.9340907877; 27.6431819309; 27.5522726666; 27.5204544501; 76.3409092643; 76.2136363983; 69.6568175229; 69.0545455759; 68.0454546322; 67.4318176616; 73.9090912559; 66.7477274808; 72.1431818875; 14.3737807906
2017-12-13 17:17:59 ; 27.4255316308; 27.5148936738; 27.3765952739; 27.2829787072; 27.257446776; 27.5106381355; 27.1914892805; 27.1021275216; 27.031914853; 75.342553159; 75.5468081211; 68.7042551244; 68.4851061233; 67.8319150235; 67.6042551893; 74.5234045475; 67.540425889; 73.7914896214; 13.6505584502
2017-12-13 17:23:03 ; 27.7041668097; 27.5875003338; 27.20208323; 26.8416668177; 26.6624999444; 26.7791667382; 26.3229167064; 26.0812499921; 26.0020833015; 68.9645838737; 69.2479166985; 64.0687501431; 65.1375000477; 65.1208337148; 65.0208335718; 72.1354166667; 65.8520834446; 71.1729167302; 14.0507123795
2017-12-13 17:28:09 ; 27.4829786585; 27.1255319879; 26.6000000568; 26.1191489443; 25.895744689; 26.0340425613; 25.5531915705; 25.2808512018; 25.1957448188; 68.585106383; 70.4170215688; 66.236170018; 67.4851069349; 67.3255321422; 67.3276599316; 74.9659574793; 68.3425528344; 74.8106377784; 18.142609647
2017-12-13 17:33:15 ; 27.799999942; 27.5065217225; 27.1000000083; 26.7282609525; 26.5108694408; 26.6043478095; 26.1760870063; 25.9999999585; 25.9239130849; 77.1239128113; 79.0282606042; 73.7869567871; 74.1978263855; 73.9108692667; 75.1239129771; 83.8608701955; 75.0826080986; 81.9108694325; 11.7827752892
2017-12-13 17:38:28 ; 29.2955554962; 29.0466666328; 28.7488887787; 28.4488891178; 28.2444444021; 28.3133334266; 27.9555555132; 27.8022223579; 27.7022222307; 73.4800006443; 75.1533338759; 69.6422220866; 70.1955556234; 70.1222217136; 70.7822221544; 78.2977778117; 70.9600001017; 77.0511118571; 11.7827752892
2017-12-13 17:43:32 ; 29.3511110094; 29.248889033; 29.0022222307; 28.7622221205; 28.6466672262; 28.7533332825; 28.4244441562; 28.2755551656; 28.1577783797; 77.4444442749; 78.5977774726; 72.5555560642; 72.5577782525; 72.1844445123; 72.9688883464; 80.7133332994; 72.7244444105; 78.9066662259; 11.7827752892
2017-12-13 17:48:32 ; 29.5162791319; 29.3976740726; 29.1720934136; 28.9674417363; 28.862790396; 28.9744185071; 28.6279074647; 28.4488370141; 28.2976741347; 74.7558135986; 75.8883721995; 69.9395349192; 70.1302323452; 69.797674667; 70.2023251556; 77.4883717382; 70.4255811115; 76.474418995; 12.7184077963
2017-12-13 17:53:37 ; 29.447916468; 29.3583327929; 29.1520837545; 28.9624998569; 28.8708328406; 28.9916666349; 28.6520839135; 28.4645831982; 28.3583327929; 79.2916668256; 80.2791665395; 73.902083079; 73.6145833333; 73.0791667302; 73.9625002543; 81.8374997775; 73.6208333969; 79.9625000954; 11.7827752892
2017-12-13 17:58:43 ; 29.6500005722; 29.5437501669; 29.3437495232; 29.1354171832; 29.0604168971; 29.1750005484; 28.8333328962; 28.6375005245; 28.4833332698; 74.995833238; 76.0854166349; 70.027083238; 70.1500002543; 69.785416762; 70.1479166349; 77.4333337148; 70.4083329837; 76.4187499682; 11.7827752892
2017-12-13 18:04:03 ; 29.5229167541; 29.4541664918; 29.2687502305; 29.0770836274; 29.0125000477; 29.1604170005; 28.7958333492; 28.6375005245; 28.5208334128; 78.8916670481; 79.8458336194; 73.4562498728; 73.1187497775; 72.5937503179; 73.3020828565; 80.9812494914; 73.012500604; 79.2291663488; 10.8430761119
2017-12-13 18:09:10 ; 29.5673915614; 29.4717390226; 29.2847821194; 29.0978264601; 29.0543480334; 29.1717397856; 28.8434776638; 28.6500005722; 28.5239131347; 76.2195650184; 77.1999997678; 70.9782607037; 70.9717388982; 70.539130667; 70.9282609691; 78.2999997346; 71.0521731169; 77.1347827082; 10.8430761119
2017-12-13 18:14:19 ; 29.6000003815; 29.5122449447; 29.3142850058; 29.146939336; 29.1000003815; 29.2000007629; 28.8979587944; 28.6714292254; 28.5142857688; 74.7591840783; 75.742857174; 69.7061222621; 69.7693875371; 69.3571433242; 69.6204071045; 76.8612247389; 69.9285715843; 75.9693877551; 0 
2017-12-13 18:19:19 ; 29.53260882; 29.4304345172; 29.2760865585; 29.1000003815; 29.0347827414; 29.1434788082; 28.8217384504; 28.6630441002; 28.5; 74.4847828409; 75.5608688023; 69.3739149674; 69.4434791233; 69.067390276; 69.3760883497; 76.2869567871; 69.4608698306; 75.2869562895; 0 
2017-12-13 18:24:27 ; 29.3874999285; 29.2708329757; 29.1625006199; 29.052083532; 28.9416664441; 28.9416664441; 28.7770829201; 28.6687506437; 28.5; 77.2562497457; 78.4708331426; 71.7437515259; 71.5000012716; 71.1666661898; 72.214583238; 78.9541659355; 71.2166659037; 77.0249997775; 0 
2017-12-13 18:29:30 ; 29.3042552623; 29.1638302093; 29.1042557169; 28.97234032; 28.8404249232; 28.7957442263; 28.7021279436; 28.6297877291; 28.52765968; 79.1723403931; 80.4234042878; 73.3212762386; 72.8872341399; 72.5765958745; 73.9468085106; 80.5553189541; 72.4106380381; 78.4702128958; 0 
2017-12-13 18:34:37 ; 29.3999996185; 29.2918360963; 29.2000007629; 29.1000003815; 28.8999996185; 28.8999996185; 28.7999992371; 28.7000007629; 28.6000003815; 76.0979586231; 77.3979591837; 70.4979587477; 70.461224303; 70.2795923973; 71.4163268732; 77.5571433865; 70.0877548529; 75.88979651; 0 
2017-12-13 18:39:44 ; 29.3425529561; 29.1893620998; 29.1553197414; 29.0319150154; 28.8680847655; 28.821276198; 28.7638294139; 28.6680857476; 28.5212766769; 75.8212765633; 76.9744676631; 70.3106392394; 70.1617025822; 70.0531903531; 71.1361702452; 77.2212763036; 69.6553198632; 75.2276583732; 0 
2017-12-13 18:45:00 ; 29.1063829787; 28.9574466462; 28.9148934141; 28.7808511206; 28.6340426993; 28.5829790399; 28.4978723323; 28.4212762954; 28.3276589576; 79.6702129283; 80.9340425857; 73.7936177355; 73.2531915218; 72.9319147962; 74.5553192788; 81.1063824917; 72.710638655; 78.2744681176; 0 
2017-12-13 18:50:08 ; 29.3727270473; 29.236363541; 29.1681824597; 29.0363637751; 28.8659087094; 28.7818176963; 28.6840916113; 28.579545758; 28.4681816968; 77.3454546495; 78.7704545801; 71.8181814714; 71.6113640178; 71.4204543721; 72.8454549963; 79.2886366411; 71.3113630468; 76.7818178697; 0 
2017-12-13 18:55:09 ; 29.1891307002; 29.0543480334; 29.0021739213; 28.8586951131; 28.7260873214; 28.6543484149; 28.5717394041; 28.486956472; 28.3695647198; 79.5434784267; 80.8565219382; 73.6630434783; 73.1673910721; 72.9000000332; 74.4956522403; 81.1021733491; 72.7978260206; 78.6239129771; 0 
2017-12-13 19:00:14 ; 29.3382972555; 29.1914900922; 29.1000003815; 28.9957446646; 28.7999992371; 28.7574466949; 28.6765964183; 28.5382980184; 28.3999996185; 75.8893619294; 77.1872342698; 70.2851069024; 70.2595750525; 70.1319148287; 71.3042553841; 77.5510641869; 70.0361698232; 75.5957448432; 0 
2017-12-13 19:05:25 ; 28.993478236; 28.8782611515; 28.8152175572; 28.6891302855; 28.5521734486; 28.5173912463; 28.4326089361; 28.3717392217; 28.2717391719; 78.0086960171; 79.0369564554; 72.0543488212; 71.5978250918; 71.3739123137; 72.6717385002; 78.9717395617; 71.0434784267; 77.041304381; 0 
2017-12-13 19:10:33 ; 29.358695818; 29.1521738301; 29.0956521242; 28.9347827331; 28.7478260372; 28.7391303933; 28.7652173664; 28.8347826833; 28.6499998673; 77.4869563891; 78.9608699964; 72.0173908731; 71.7760872219; 71.5847826419; 72.7521740457; 78.6695652837; 70.5369567871; 76.8239129108; 0 
2017-12-13 19:15:39 ; 29.7244899516; 29.5530614269; 29.4755101107; 29.3040808853; 29.1734700495; 29.1918374665; 29.1959191147; 29.2408162331; 28.9918367036; 74.1163261569; 75.5244903564; 68.8775521103; 68.9571444453; 68.9040815392; 69.5387760085; 74.9693886893; 67.7693875371; 73.8510209687; 0 
2017-12-13 19:20:47 ; 29.5319150154; 29.3680846032; 29.321275914; 29.1510644061; 29.0404256861; 29.0510640246; 29.0446810215; 29.02765968; 28.8297865847; 74.3510648038; 75.6148918639; 68.9638303391; 68.9276606783; 68.7851075517; 69.4191501699; 74.9446813705; 67.8680864699; 74.0106382979; 0 
2017-12-13 19:26:03 ; 28.4425531347; 28.4212764578; 28.3617020465; 28.2531912378; 28.1382979535; 28.1744682231; 28.1617022169; 28.1765958502; 28.0851065453; 78.3021280005; 78.6404258241; 71.8255318987; 71.1468091924; 70.7127659574; 71.7361702615; 77.2808511612; 69.3872340588; 75.2744680364; 0 
2017-12-13 19:31:09 ; 29.144680916; 28.9148935359; 28.8106382654; 28.5851064641; 28.3425530373; 28.3170211062; 28.3489361215; 28.5063829625; 28.4808509502; 79.4404257916; 80.9872339127; 74.0510640246; 73.776595907; 73.6680851388; 75.2765955824; 81.263829982; 72.2042552867; 78.0595743707; 0 
2017-12-13 19:36:15 ; 29.9812499285; 29.7520831029; 29.6354171832; 29.4083331426; 29.2020832698; 29.2062497934; 29.2770831585; 29.3812496265; 29.2624996503; 74.7375008265; 76.2187492053; 69.6895829837; 69.8895839055; 69.981250445; 70.7604166667; 76.0687502225; 68.2937510808; 73.8874999682; 0 
2017-12-13 19:41:23 ; 29.813333257; 29.6311116113; 29.5511113061; 29.388888465; 29.2444444444; 29.2622220357; 29.2755552928; 29.3022220188; 29.1111114078; 74.3822223239; 75.6266667684; 69.0400004069; 69.1377765232; 69.084443495; 69.6911095513; 75.0111112807; 67.8111111111; 73.4933341132; 0 
2017-12-13 19:46:23 ; 29.5148936738; 29.3765953551; 29.3063827271; 29.165957877; 29.0446810215; 29.0574470277; 29.0531916923; 29.0148936738; 28.8255316552; 75.1787237614; 76.3723407502; 69.6489355209; 69.5425525422; 69.3659591675; 70.0595737214; 75.6297865523; 68.3659586805; 74.2404260838; 0 
2017-12-13 19:51:32 ; 29.2704545368; 29.1500005722; 29.1159095331; 28.9749999046; 28.8363630121; 28.8454539559; 28.84318122; 28.8090903109; 28.6159095331; 75.7204549963; 76.8818180778; 69.9704549963; 69.8863648501; 69.6522710974; 70.4000004855; 76.0568173148; 68.7227280357; 74.6522724845; 0 
2017-12-13 19:56:40 ; 29.2000007629; 29.1000003815; 29.0020833413; 28.9020829598; 28.7895827293; 28.7999992371; 28.7999992371; 28.7208337784; 28.5812503099; 76.022916317; 77.252084891; 70.2500006358; 70.1541649501; 69.9416675568; 70.7250006994; 76.414583683; 68.9395836194; 74.9770832062; 0 
2017-12-13 20:01:41 ; 29.2000007629; 29.1000003815; 29.0479168495; 28.9041663011; 28.795832634; 28.7999992371; 28.7999992371; 28.7999992371; 28.6000003815; 76.0312495232; 77.2958361308; 70.3187521299; 70.1874987284; 69.954167366; 70.7520834605; 76.4041678111; 68.9520840645; 74.8520832062; 0 
2017-12-13 20:07:00 ; 29.2229170799; 29.1000003815; 29.0979170402; 28.933333079; 28.7999992371; 28.8020825783; 28.8041659196; 28.7999992371; 28.6291671594; 76.4375; 77.629166921; 70.7270832062; 70.5062500636; 70.2687501907; 71.0854167938; 76.7624994914; 69.1958328883; 75.2999997139; 0 
2017-12-13 20:12:11 ; 29.2276599154; 29.1000003815; 29.1000003815; 28.938297637; 28.7999992371; 28.7999992371; 28.8021269048; 28.7999992371; 28.6404260676; 76.7468083158; 77.9255330512; 70.9723408476; 70.723403606; 70.4765961018; 71.3404276422; 77.019148644; 69.4042567801; 75.5106384602; 0 
2017-12-13 20:17:15 ; 29.2020840645; 29.1000003815; 29.1000003815; 28.9187496901; 28.7999992371; 28.7999992371; 28.7999992371; 28.7999992371; 28.6020837228; 76.2604166667; 77.4604172707; 70.5208341281; 70.3020831744; 70.0729169846; 70.8583334287; 76.5062499046; 69.0187508265; 74.9437503815; 0 
2017-12-13 20:22:51 ; 29.2000007629; 29.1000003815; 29.1000003815; 28.9187496901; 28.7999992371; 28.7999992371; 28.7999992371; 28.7999992371; 28.6000003815; 75.8145836194; 77.0645825068; 70.0874994596; 69.9895834923; 69.7812501589; 70.522916317; 76.1312494278; 68.7208336194; 74.6291661263; 0 
2017-12-13 20:27:56 ; 29.2042560172; 29.1000003815; 29.0957450461; 28.9297869662; 28.7999992371; 28.8021269048; 28.7999992371; 28.7999992371; 28.6000003815; 75.6127642368; 76.8404279668; 69.9000015259; 69.8425555939; 69.6319128808; 70.3425554316; 75.9425540681; 68.5808498301; 74.4170220558; 0 
2017-12-13 20:33:08 ; 29.2086962824; 29.1000003815; 29.0978264601; 28.9434780453; 28.7999992371; 28.8043470797; 28.7999992371; 28.7999992371; 28.6000003815; 75.5304343182; 76.710869333; 69.9000015259; 69.7565221372; 69.5195649188; 70.2413048122; 75.7717392963; 68.4586962824; 74.3521743443; 0 
2017-12-13 20:38:17 ; 29.2000007629; 29.1000003815; 29.0829790399; 28.9127656247; 28.7999992371; 28.7999992371; 28.7999992371; 28.7999992371; 28.6000003815; 75.217020887; 76.421277797; 69.7255315578; 69.4787237289; 69.2744679552; 69.961702712; 75.4851066102; 68.2361703426; 74.0765952252; 0 
2017-12-13 20:43:28 ; 29.2065224026; 29.1000003815; 29.1000003815; 28.9347823599; 28.7999992371; 28.7999992371; 28.7999992371; 28.7999992371; 28.6000003815; 74.9173925649; 76.1260851984; 69.4260880843; 69.2782620969; 69.0391298377; 69.7130413885; 75.2260868238; 68.017391039; 73.7608690676; 0 
2017-12-13 20:54:19 ; 29.1812506119; 29.0604168971; 29.0229167541; 28.9041663011; 28.7624998093; 28.7645831108; 28.7666664124; 28.7645831108; 28.5895836751; 77.5895829201; 78.7020835876; 71.6312502225; 71.2479168574; 70.9875001907; 71.9625002543; 77.7083336512; 69.7854162852; 75.6062498093; 0 
2017-12-13 21:01:18 ; 29.225531923; 29.0744683692; 29.0234043446; 28.910637957; 28.7659573656; 28.7617020303; 28.7808509177; 28.7872338802; 28.6234047261; 77.9851064479; 79.1553193762; 72.0510638623; 71.6574471656; 71.4063827839; 72.480850869; 78.2872345295; 70.2638296574; 76.0021271401; 0 
2017-12-13 21:06:39 ; 29.3914889478; 29.2000007629; 29.178724086; 29.0; 28.8978719508; 28.8999996185; 28.8999996185; 28.8999996185; 28.7000007629; 75.1893614099; 76.3276592823; 69.5872338478; 69.4127661522; 69.2978716911; 70.0042550919; 75.4382980022; 68.0808514534; 73.5617011862; 0 
2017-12-13 21:11:52 ; 29.1914900516; 29.0595746953; 29.0234043446; 28.9191486277; 28.7957440234; 28.8021269048; 28.8021269048; 28.795744064; 28.6063833845; 80.1234043203; 81.2531915218; 73.9297868445; 73.2999999675; 72.9404248177; 74.204254962; 80.2340425532; 71.8468084132; 77.9106382005; 0 
2017-12-13 21:17:03 ; 29.2979584519; 29.1734700495; 29.1000003815; 29.0; 28.8510198399; 28.8612239604; 28.8693872569; 28.8448973675; 28.6632659289; 76.151020595; 77.3142859011; 70.3530612868; 70.1755104843; 69.9612247701; 70.806122449; 76.4163265618; 68.8571425457; 74.4367348807; 0 
2017-12-13 21:22:07 ; 29.2999992371; 29.1413048869; 29.1000003815; 28.9978260787; 28.8304341358; 28.8456515851; 28.8347819784; 28.8043470797; 28.6369570442; 75.2065212416; 76.3195646535; 69.5739137401; 69.3956519417; 69.1760867575; 69.8934773984; 75.3999992039; 68.1195658808; 73.8217393626; 0 
2017-12-13 21:27:21 ; 29.29787161; 29.117021723; 29.1000003815; 29.0; 28.8063822401; 28.7999992371; 28.8085099078; 28.8042545724; 28.6127663876; 75.6404246878; 76.7340433648; 69.8893630657; 69.7531929828; 69.5106379732; 70.257447263; 75.8510644791; 68.4829788208; 74.3234046774; 0 
2017-12-13 21:32:27 ; 29.2979159355; 29.1208337943; 29.1000003815; 29.0; 28.8020825783; 28.8041659196; 28.8041659196; 28.7999992371; 28.604167064; 74.9958333969; 76.104165554; 69.3458347321; 69.2208323479; 68.9916667938; 69.6708312035; 75.1562490463; 67.9395839373; 73.6062494914; 0 
2017-12-13 21:37:32 ; 29.1617022981; 29.0382980184; 29.0212766769; 28.8978719508; 28.7468085593; 28.7531914407; 28.7574466949; 28.7531914812; 28.5765960369; 79.7744677929; 80.8808510963; 73.6531912621; 72.9957445835; 72.5914897513; 73.7468086405; 79.7382981321; 71.4468083483; 77.4106385251; 0 
2017-12-13 21:42:41 ; 29.2416667541; 29.0833336512; 29.0583335559; 28.9395831029; 28.7833328247; 28.7833328247; 28.7895827293; 28.7854161263; 28.6000003815; 76.4124997457; 77.5291670163; 70.5791667302; 70.3583335876; 70.1083332698; 70.9479168256; 76.558333079; 68.9833332698; 74.5374992688; 0 
2017-12-13 21:47:43 ; 29.2652169932; 29.1173917522; 29.0804350894; 28.980434708; 28.8217384504; 28.8130427651; 28.8434776638; 28.8021731584; 28.6326092015; 77.2717391304; 78.4000003649; 71.3782609027; 71.0565213742; 70.7630439427; 71.6717389977; 77.4260874209; 69.5782603388; 75.2999999005; 0 
2017-12-13 21:52:49 ; 29.1708338261; 29.0416668256; 29.0250000954; 28.9062496424; 28.7562499046; 28.7562499046; 28.7749996185; 28.7541666031; 28.6062504053; 78.6541671753; 79.8208332062; 72.5833334923; 72.1395827929; 71.8062499364; 72.918750604; 78.7937499682; 70.7000001272; 76.6541663806; 0 
2017-12-13 21:57:54 ; 29.2804342353; 29.1500005722; 29.0913046961; 28.9913043147; 28.8304342187; 28.8391298211; 28.8543472705; 28.8326080571; 28.6695658642; 76.8782609027; 78.0195655823; 70.9847828409; 70.7130438763; 70.4434776306; 71.3152175572; 76.9956524061; 69.1543477929; 74.5913042815; 0 
2017-12-13 22:02:59 ; 29.1456527295; 29.0304348987; 29.0152174494; 28.8956517759; 28.7521738799; 28.7717387987; 28.7934775974; 28.7934775974; 28.6000003815; 78.4956524061; 79.5695649852; 72.3608698638; 71.8913046795; 71.5478261865; 72.6304346168; 78.4586961166; 70.417391238; 76.0913039498; 0 
2017-12-13 22:08:06 ; 29.2693873036; 29.1183677985; 29.0857146127; 28.9795917589; 28.8061217483; 28.8040808853; 28.8265299505; 28.8020400612; 28.6510209843; 76.9795919924; 78.1469388689; 71.0938778313; 70.7775514564; 70.493877333; 71.3632649013; 77.0102040816; 69.2836733448; 74.7489789067; 0 
2017-12-13 22:13:11 ; 29.155556149; 29.0355556912; 29.0088889228; 28.8999996185; 28.7511110942; 28.7577776591; 28.7755551656; 28.7488889058; 28.5955559201; 78.1711110433; 79.2866667006; 72.1222225613; 71.6933332655; 71.3444441054; 72.3911107381; 78.144444614; 70.2155553182; 75.7911110772; 0 
2017-12-13 22:18:18 ; 29.1913043312; 29.0586958761; 29.0413045054; 28.9326084386; 28.7586955195; 28.7652171591; 28.7826082395; 28.7739126786; 28.5956525388; 78.9717393958; 80.0304344841; 72.8413044473; 72.3565217723; 71.9652174245; 73.0521739462; 78.8913043478; 70.7782607701; 76.2782609359; 0 
2017-12-13 22:23:21 ; 29.2319151696; 29.0936173784; 29.0574470277; 28.9319146339; 28.7872334744; 28.7893611015; 28.7957439828; 28.7936163557; 28.6000003815; 76.5829784312; 77.6808507392; 70.6808510638; 70.4723406853; 70.2574464514; 71.0531908401; 76.6297876886; 68.9659573169; 74.2936167616; 0 
2017-12-13 22:28:23 ; 29.1574474091; 29.0297873477; 29.0148936738; 28.8808506093; 28.7361704238; 28.7382980509; 28.7510638136; 28.7468085593; 28.589362043; 78.9978720482; 80.1191487414; 72.855319084; 72.3638297548; 71.9957449081; 73.1446807537; 79.0170213415; 70.8127658925; 76.4319149585; 0 
2017-12-13 22:33:29 ; 29.2124998967; 29.0770836274; 29.0541668733; 28.9416664441; 28.7687497139; 28.7708330154; 28.7791662216; 28.7770829201; 28.6020837228; 78.7333331108; 79.7937498093; 72.6541666985; 72.1562503179; 71.797917366; 72.8979164759; 78.71875; 70.5374997457; 76.143749396; 0 
2017-12-13 22:38:35 ; 29.2166670561; 29.0791669687; 29.0458335082; 28.9229163726; 28.772916317; 28.772916317; 28.7749996185; 28.7749996185; 28.5979170402; 76.8604167302; 77.9312499364; 70.910416921; 70.6541671753; 70.4062498411; 71.2895833651; 76.9270831744; 69.1291666031; 74.4437499046; 0 
2017-12-13 22:43:37 ; 29.1391309655; 29.019565292; 28.9782607866; 28.8543472705; 28.7130440422; 28.7065224026; 28.7195656818; 28.7260873214; 28.5652176401; 78.7565218055; 79.847826087; 72.5978264187; 72.1152174576; 71.7869567871; 72.8934780618; 78.6934786258; 70.5739130766; 76.0543474944; 0 
2017-12-13 22:48:47 ; 29.2152177147; 29.0565219547; 29.0413045054; 28.9260866746; 28.7586955195; 28.7586955195; 28.784782078; 28.7956514773; 28.6000003815; 78.8630432461; 79.9413042483; 72.7130435446; 72.2413044805; 71.9108694325; 73.0173908731; 78.8173916029; 70.6000001327; 76.0282611018; 0 
2017-12-13 22:53:50 ; 29.259574322; 29.1212770584; 29.0808513723; 28.9510636431; 28.7936163557; 28.7978716505; 28.8021269048; 28.8042545724; 28.6297877291; 76.7468086405; 77.8404250449; 70.8574471981; 70.5765958745; 70.361701803; 71.2191490011; 76.8382975802; 69.0851062207; 74.4425526071; 0 
2017-12-13 22:58:54 ; 29.1565222947; 29.0347827414; 29.0152174494; 28.8869560905; 28.732608961; 28.7347828409; 28.7521738799; 28.7652171591; 28.5913046961; 77.9326083971; 79.0065218055; 71.8869569198; 71.4695650184; 71.165217524; 72.1999999337; 77.8630435778; 69.9673909726; 75.4282604715; 0 
2017-12-13 23:04:03 ; 29.1645836433; 29.0354168018; 29.0229167541; 28.8895829121; 28.7291669846; 28.7395834923; 28.7583332062; 28.7624998093; 28.6000003815; 79.0062500636; 80.0645836194; 72.8562494914; 72.2874995867; 71.9333333969; 72.9812499682; 78.7437502543; 70.5500000318; 75.8333334923; 0 
2017-12-13 23:09:04 ; 29.1645837625; 29.052083532; 29.0250000954; 28.8770828644; 28.7375001907; 28.7375001907; 28.75; 28.7624998093; 28.5895836751; 78.7708331744; 79.856250445; 72.6645835241; 72.1729164124; 71.8729166985; 72.9937504133; 78.7958335876; 70.5479172071; 75.6583334605; 0 
2017-12-13 23:14:06 ; 29.2369566793; 29.0913046961; 29.0565219547; 28.9304345172; 28.7695649188; 28.7739126786; 28.7804343182; 28.7913038005; 28.6086960668; 77.2869567871; 78.3173912712; 71.3021742779; 71.0086960171; 70.7478259543; 71.6804346831; 77.400000199; 69.4239125459; 74.6739130435; 0 
2017-12-13 23:19:13 ; 29.1959186865; 29.055102251; 29.0346940099; 28.9040812668; 28.7469388222; 28.7408164667; 28.7612243185; 28.7795913852; 28.6040820297; 77.8530611311; 78.9448978658; 71.8326528121; 71.4653058733; 71.1775508024; 72.2061225735; 77.9163264061; 69.9265301763; 75.4510205327; 0 
2017-12-13 23:24:23 ; 29.2179999924; 29.1000003815; 29.0480001831; 28.9439997864; 28.7599999237; 28.7719996643; 28.777999649; 28.7739997101; 28.6300004959; 78.82; 79.9119999695; 72.7119999695; 72.2439996338; 71.8799996948; 73.0019998169; 78.9219998169; 70.6180004883; 76.2200003052; 0 
2017-12-13 23:29:25 ; 29.2543477597; 29.0978264601; 29.0673915614; 28.9434780453; 28.7869559578; 28.7891298377; 28.791303759; 28.7891298377; 28.6304352802; 76.1195648857; 77.1913047459; 70.2521740457; 70.0760871224; 69.8499996351; 70.6956523398; 76.2347825092; 68.6543479588; 74.1239134747; 0
2017-12-13 23:34:27 ; 29.1673916526; 29.0391305841; 29.0173913707; 28.9065213825; 28.7413044805; 28.7391306006; 28.7565217225; 28.7543477597; 28.6086960668; 80.2434781945; 81.2956523066; 73.9804342519; 73.3108694657; 72.9326083971; 74.2065214074; 80.1369564222; 71.6456521076; 77.506521142; 0 
2017-12-13 23:39:33 ; 29.2812496026; 29.1479172309; 29.0895836751; 28.9687498808; 28.7999992371; 28.7999992371; 28.8041659196; 28.8020825783; 28.6458338896; 76.2416667938; 77.3104163806; 70.379166762; 70.1791667938; 69.9749999046; 70.7916661898; 76.3312503497; 68.6729164124; 74.1124998728; 0 
2017-12-13 23:44:40 ; 29.1510209843; 29.0265307135; 29.0040816482; 28.8857138497; 28.7367348963; 28.7367348963; 28.7428572518; 28.7408164667; 28.5877554368; 79.5285711483; 80.5897959495; 73.2979591525; 72.7469389001; 72.3857143169; 73.6102039571; 79.4693882222; 71.1816328399; 76.9387755102; 0 
2017-12-13 23:49:45 ; 29.2260868238; 29.0891307748; 29.0586958761; 28.9391302026; 28.7739126786; 28.7804343182; 28.7869559578; 28.7891298377; 28.6108699882; 78.0695653169; 79.1347827082; 72.0239131762; 71.5913041156; 71.2760868902; 72.3260866248; 78.056521706; 70.0326083639; 75.5239130103; 0 
2017-12-13 23:54:46 ; 29.1958336035; 29.0604168971; 29.0416668256; 28.8999996185; 28.7562499046; 28.7541666031; 28.7624998093; 28.7645831108; 28.5895836751; 76.7145835559; 77.7687500318; 70.7729166349; 70.504166762; 70.2395833333; 71.129166762; 76.7041667302; 69.0187498728; 74.3187499046; 0
2017-12-13 23:59:52 ; 29.1510208675; 29.0285715376; 29.0040816482; 28.8734689051; 28.7204086148; 28.7204086148; 28.7326533259; 28.7428572518; 28.5795921404; 79.6081630162; 80.6469387132; 73.3632653684; 72.7632651816; 72.3877552577; 73.5632654307; 79.365306465; 71.0448978969; 76.5183675338; 0 
