2017-12-20 00:00:37 ; 28.2608693994; 28.0760872468; 28.0434784267; 27.9695651013; 27.8217384919; 27.8521733491; 27.806521084; 27.8304341358; 27.7999992371; 82.9586952873; 81.9304346831; 77.2826083639; 75.2978263523; 74.330435048; 77.0739130766; 82.7652176567; 75.7999995688; 81.2021734818; 0 
2017-12-20 00:05:41 ; 28.0020833413; 27.8937495947; 27.8624996344; 27.7833335002; 27.6750001907; 27.7041669289; 27.6833335161; 27.691666921; 27.7083337307; 87.9000000954; 87.3416666985; 82.1895837784; 80.0208334923; 78.6833333969; 81.4895833333; 87.7291669846; 79.9812502861; 85.6208337148; 0 
2017-12-20 00:10:48 ; 28.2478260372; 28.0608697974; 28.0282609774; 27.9456519666; 27.7978256889; 27.8260865833; 27.7934778048; 27.845651751; 27.7891298377; 82.958695619; 81.9847825092; 77.3413041156; 75.3434784931; 74.4108699301; 77.1304351143; 82.8217391968; 75.8021737804; 81.1282610686; 0
2017-12-20 00:15:49 ; 28.0688890245; 27.9488886939; 27.911110772; 27.8311108059; 27.7088892619; 27.7400003221; 27.7133336385; 27.73333363; 27.735555776; 87.8488889906; 87.3200000339; 82.1866670397; 80.0222223918; 78.8133329603; 81.631111145; 87.9088892619; 80.1488888211; 85.7644443088; 0 
2017-12-20 00:20:57 ; 28.2708329757; 28.0875003338; 28.0687502623; 27.9812499285; 27.8520827691; 27.8687494993; 27.847916166; 27.8708328406; 27.8583327929; 83.2437505722; 82.2562497457; 77.6354168256; 75.668750445; 74.7041665713; 77.379166762; 83.1520827611; 76.0062505404; 81.1750003497; 0
2017-12-20 00:26:04 ; 28.1085107276; 27.97234032; 27.94468064; 27.8553186376; 27.7425533457; 27.7510638541; 27.740425678; 27.7702126604; 27.7702125387; 87.4638298522; 86.9659576416; 81.8489365273; 79.6021272375; 78.3617014783; 81.2893619943; 87.5063833683; 79.7319149261; 85.3702127984; 0 
2017-12-20 00:31:06 ; 28.2266663445; 28.0977781508; 28.0511113061; 27.9577776167; 27.8511108822; 27.8622219086; 27.8622218662; 27.8711106618; 27.8688883887; 85.4688890245; 84.7488888211; 80.0088889228; 77.8822224935; 76.8111112807; 79.5266669379; 85.4022223579; 78.0200000339; 83.4244444105; 0 
2017-12-20 00:36:12 ; 28.2291665077; 28.0604168971; 28.0229167541; 27.9312497377; 27.8166664044; 27.8270830313; 27.8083331188; 27.833332936; 27.8395827611; 84.7583335241; 83.987499555; 79.0666666031; 76.9666666985; 75.9166668256; 78.7270833651; 84.6979168256; 77.2791668574; 82.7125000954; 0 
2017-12-20 00:41:18 ; 28.148936292; 28.0297873477; 28.0085106708; 27.9063826216; 27.7936169645; 27.8255316958; 27.8042551406; 27.8446803397; 27.8361695878; 87.6021277245; 87.0382977749; 82.0553194411; 79.8446806238; 78.6234041579; 81.4829789831; 87.6085107682; 79.8957446484; 85.414893617; 0 
2017-12-20 00:46:22 ; 28.3510199566; 28.1632659289; 28.1346943914; 28.036734834; 27.8836730256; 27.926530332; 27.9020404426; 27.9469385731; 27.8979587944; 83.1285714909; 82.2163263438; 77.5183675338; 75.5081634521; 74.5693877862; 77.3224488862; 83.0040817261; 75.9469386509; 81.2020408475; 0
2017-12-20 00:51:25 ; 28.1319151128; 28.0212766769; 27.9978723323; 27.9148932924; 27.793616721; 27.8297865847; 27.7957444292; 27.8234037846; 27.8297865847; 88.0446804939; 87.4978718859; 82.3170211467; 80.1106385576; 78.8000002922; 81.7361698556; 87.9595745979; 80.1659576741; 85.8319150235; 0 
2017-12-20 00:56:28 ; 28.2914889315; 28.1489367384; 28.1127663876; 28.0042553354; 27.8808506093; 27.9170209601; 27.8978719508; 27.8999996185; 27.8893612801; 84.4595747603; 83.6191489037; 78.9553195061; 76.8914895565; 75.9021273674; 78.5851062207; 84.3234040281; 77.1680851388; 82.3382974178; 0 
2017-12-20 01:01:46 ; 28.1959182584; 28.036734834; 28.0122449447; 27.9244895079; 27.802040684; 27.8163262192; 27.7979590358; 27.8306120658; 27.8428565434; 85.6061225424; 84.855102072; 79.7959186788; 77.6326533726; 76.5183670667; 79.359183798; 85.4346937841; 77.936734725; 83.3204079453; 0 
2017-12-20 01:06:50 ; 28.180000178; 28.066666921; 28.0355556912; 27.9399997711; 27.8022220188; 27.8577773624; 27.8177775065; 27.866666158; 27.8466660817; 87.4800003052; 86.9288886176; 81.9111109416; 79.6733334012; 78.5711107042; 81.4444447835; 87.524444241; 79.7799999661; 85.2222220527; 0 
2017-12-20 01:11:55 ; 28.3276592011; 28.1617027445; 28.1297877291; 28.0361703507; 27.8808506093; 27.9212762954; 27.9042549539; 27.9425529723; 27.8999996185; 84.4829788208; 83.6787231121; 79.0148933898; 76.9234041255; 75.9425532564; 78.6893618969; 84.4680852687; 77.2276595095; 82.2872337179; 0 
2017-12-20 01:17:00 ; 28.1755102119; 28.0469389546; 28.018367417; 27.9367344525; 27.8081629228; 27.8306115987; 27.7918365245; 27.83673411; 27.8387748952; 85.9959178068; 85.3142859011; 80.253061567; 78.0795920236; 76.9408162954; 79.8428570494; 85.9285711172; 78.37346945; 83.7102044553; 0 
2017-12-20 01:22:03 ; 28.1488888635; 28.0377779219; 28.0022222307; 27.8955551571; 27.791111162; 27.8; 27.795555581; 27.8266663022; 27.8355549282; 87.1866663615; 86.668888855; 81.6422220866; 79.4488891602; 78.3044440375; 81.1133338081; 87.2088887533; 79.5488886515; 84.9399997287; 0 
2017-12-20 01:27:08 ; 28.3212762386; 28.1510644061; 28.1255323938; 28.0212766769; 27.8808506093; 27.9042549539; 27.882978277; 27.9276592985; 27.8914889478; 83.8808512586; 83.0340420337; 78.3234043527; 76.2872345295; 75.3829785611; 78.1212763685; 83.8829787234; 76.6468088678; 81.66382956; 0 
2017-12-20 01:32:12 ; 28.1565217557; 28.0152174494; 27.9956521573; 27.9065213825; 27.7891302109; 27.8173908151; 27.786956331; 27.817390898; 27.8369558998; 86.8021737804; 86.1956525056; 81.1152172918; 78.8847823765; 77.7000000995; 80.6413043478; 86.7717391304; 79.1369567539; 84.5456519749; 0 
2017-12-20 01:37:21 ; 28.2085105003; 28.0808513723; 28.0404256861; 27.9404253047; 27.8276594852; 27.8446805832; 27.8425529155; 27.857446427; 27.8595739324; 86.3319150235; 85.6617024198; 80.7659572845; 78.597872308; 77.4872337504; 80.2808506742; 86.2404251099; 78.7085105409; 84.0361701478; 0 
2017-12-20 01:42:21 ; 28.2957444698; 28.117021723; 28.0808513723; 27.9893616615; 27.8617016407; 27.8808506093; 27.8574463459; 27.8872336124; 27.8744676062; 83.7872342049; 82.9212766607; 78.1531915868; 76.0680850415; 75.0893617995; 77.8872339776; 83.7106383303; 76.4574468085; 81.625532272; 0
2017-12-20 01:47:29 ; 28.1270835002; 28.014583389; 27.9916666349; 27.9062496424; 27.7729166349; 27.8145828247; 27.8104162614; 27.8374994198; 27.8249993324; 87.8729165395; 87.3312498728; 82.2291669846; 79.9291666349; 78.6916666031; 81.5375002225; 87.6770834923; 79.9583336512; 85.3749998411; 0 
2017-12-20 01:52:33 ; 28.1978258465; 28.0760872468; 28.0391305841; 27.9369562812; 27.8304345919; 27.8478257967; 27.8434779955; 27.8630429973; 27.8543473119; 86.3565214406; 85.6586952209; 80.7717386329; 78.5673916029; 77.4695653501; 80.2369563891; 86.1543479588; 78.7108694989; 84.0891304016; 0 
2017-12-20 01:57:34 ; 28.2799998389; 28.111111535; 28.0733336131; 27.9822221544; 27.8444440206; 27.8599994659; 27.8488884396; 27.888888465; 27.8644439273; 84.3200002035; 83.4822221544; 78.6600002713; 76.6311114841; 75.6355555216; 78.3822223239; 84.286666531; 76.8888887193; 81.9422224257; 0 
2017-12-20 02:02:45 ; 28.2270832856; 28.0791669687; 28.0583335559; 27.9645831982; 27.835416158; 27.8583327929; 27.8479161263; 27.8770828644; 27.8791662057; 86.2645832698; 85.6416665713; 80.6541671753; 78.4499999682; 77.3020831744; 80.2208334605; 86.2124997775; 78.589583079; 83.9812499682; 0 
2017-12-20 02:07:50 ; 28.236170302; 28.1042557169; 28.0872343753; 28.0021276677; 27.8744676062; 27.8957442831; 27.9021272862; 27.9276592985; 27.9297869662; 87.2234039307; 86.6638305339; 81.5574470682; 79.3510641544; 78.2255323694; 81.0553191165; 87.1212766931; 79.4021278544; 84.6404254994; 0 
2017-12-20 02:12:55 ; 28.2586954366; 28.1413048869; 28.1239135162; 28.0282609774; 27.8956517759; 27.9260866746; 27.9195649106; 27.9456519666; 27.9565215733; 86.128260571; 85.4413042483; 80.7282610354; 78.4108691008; 77.3521740126; 80.1999997678; 86.0282609359; 78.526087056; 83.7152177562; 0 
2017-12-20 02:17:59 ; 28.2826085713; 28.1239135162; 28.1021743028; 28.0043478427; 27.8630429558; 27.8934778545; 27.8739125625; 27.9086953039; 27.8913039332; 84.5999999668; 83.7260871555; 78.849999801; 76.7239136074; 75.7695655823; 78.6065217723; 84.4826086293; 77.0673912712; 82.1326089942; 0
2017-12-20 02:23:07 ; 28.1829788127; 28.0680853661; 28.0319150154; 27.9531913108; 27.8255313305; 27.8361695878; 27.823403744; 27.8489355939; 27.8617016001; 86.9829789831; 86.4127655029; 81.3893614424; 79.1106388823; 77.9127659899; 80.8872339776; 86.8978724378; 79.2617023549; 84.6042556763; 0 
2017-12-20 02:28:12 ; 28.2340426749; 28.1042557169; 28.089362043; 27.9914893292; 27.855318597; 27.8893612801; 27.8723399385; 27.8999996185; 27.8957442831; 87.2489365923; 86.670212766; 81.625531785; 79.4042549945; 78.2446810134; 81.1085106058; 87.1978720807; 79.4553191814; 84.7851060908; 0 
2017-12-20 02:33:17 ; 28.2652172006; 28.1347831229; 28.1217395948; 28.0173913707; 27.8804343265; 27.9130431465; 27.9086953039; 27.9391302026; 27.9282605959; 86.3282610023; 85.6652178557; 80.8260872882; 78.6717391636; 77.4760874873; 80.2804348158; 86.1695654496; 78.536955792; 83.7434783604; 0 
2017-12-20 02:38:26 ; 28.2760868073; 28.1304352802; 28.1108699882; 28.0173913707; 27.8695647198; 27.9043474612; 27.8869560905; 27.9391302026; 27.9021735399; 85.5456523066; 84.8173911053; 80.0630431797; 77.9108691008; 76.8304347163; 79.6326086625; 85.417391238; 78.0217387987; 82.9891306006; 0 
2017-12-20 02:43:28 ; 28.2282608281; 28.0826090108; 28.0630437188; 27.96739118; 27.8347820614; 27.8543472705; 27.8347820199; 27.8608690345; 27.8630429558; 85.4108697642; 84.6456519417; 79.6913040825; 77.4934778628; 76.4304345172; 79.3130436773; 85.3021739462; 77.7543482573; 82.8260869565; 0
2017-12-20 02:48:35 ; 28.2142857532; 28.0816329645; 28.0571430751; 27.9591835178; 27.838775012; 27.8551014881; 27.8408157193; 27.8795913774; 27.889795498; 87.1693878174; 86.5877550086; 81.542856956; 79.2734694189; 78.0918368904; 80.9816323105; 87.0224492599; 79.3571430128; 84.58775532; 0 
2017-12-20 02:53:37 ; 28.225000078; 28.0954549096; 28.077273022; 27.9818181125; 27.8477266919; 27.879544995; 27.8590903716; 27.8954541466; 27.879544995; 87.1454547535; 86.5295451771; 81.5886362249; 79.3204545108; 78.1477270993; 81.0204545801; 87.0159088482; 79.3590906317; 84.5931816101; 0 
2017-12-20 02:58:46 ; 28.2244442834; 28.111111535; 28.0822225359; 27.9933333079; 27.5466661241; 27.8866662343; 27.8644439273; 27.9022218492; 27.8711106194; 86.5866661919; 85.9000001695; 81.03777771; 78.8022223579; 77.4155560811; 80.4955554538; 86.4777779473; 78.8422229343; 84.0444451226; 0 
2017-12-20 03:03:48 ; 28.2911109077; 28.1377783034; 28.1155559964; 28.0177778456; 27.8755550808; 27.8999996185; 27.8866662343; 27.9377775404; 27.9133330027; 85.6466664632; 84.879999627; 80.2222220527; 78.0799997965; 77.0022225274; 79.7688886854; 85.5177775065; 78.0644443088; 83.2266665988; 0 
2017-12-20 03:08:54 ; 28.282978626; 28.1106387199; 28.0957450461; 28.0; 27.8638293489; 27.8872336124; 27.8787229416; 27.9234039631; 27.9191486277; 85.1808515508; 84.4000003896; 79.4723406853; 77.3234046774; 76.2404254345; 79.0914892643; 84.9702130581; 77.4893615398; 82.6425534512; 0
2017-12-20 03:14:01 ; 28.2244444953; 28.0955559201; 28.0733336131; 27.9666665395; 27.8444438934; 27.8577772352; 27.8533327738; 27.8644439273; 27.8822217729; 87.3711112128; 86.7688893636; 81.7777776082; 79.5511111789; 78.3555555556; 81.2444449531; 87.3377782186; 79.5888888889; 84.8911114163; 0 
2017-12-20 03:19:07 ; 28.2333335082; 28.1062504053; 28.0875003338; 27.9916666349; 27.8499994278; 27.881249547; 27.8624994755; 27.8916662534; 27.8687494993; 87.0729166667; 86.504166762; 81.5416666667; 79.2979167302; 78.1312499046; 80.991666158; 87.0270833969; 79.4333333969; 84.674999396; 0 
2017-12-20 03:24:10 ; 28.2227269953; 28.1022731174; 28.0750002861; 27.9795453765; 27.8477269519; 27.8772722591; 27.8590904583; 27.8863632029; 27.8659085794; 86.4727273421; 85.7818183899; 80.9613635323; 78.7136363983; 77.6340909438; 80.4295453158; 86.4045453505; 78.8613638444; 84.0681814714; 0 
2017-12-20 03:29:17 ; 28.236956472; 28.1021743028; 28.0760872468; 27.973912944; 27.8456516681; 27.8543472705; 27.8456516266; 27.8695647198; 27.8608690345; 85.7695650847; 85.017391039; 80.2369562232; 78.0652175572; 77.0630438431; 79.8173916029; 85.6760865916; 78.2543477597; 83.3152173913; 0 
2017-12-20 03:34:19 ; 28.2739130103; 28.1130439095; 28.0913046961; 27.993478236; 27.8543473534; 27.8760864838; 27.8652168771; 27.8999996185; 27.9043474612; 85.3065215401; 84.5304348158; 79.5999999668; 77.4978259543; 76.4347826087; 79.2739130103; 85.1739132093; 77.6086953205; 82.8130433456; 0
2017-12-20 03:39:26 ; 28.2229166826; 28.0937503576; 28.0687502623; 27.9770832459; 27.8499994278; 27.8770828644; 27.8729161819; 27.9249997139; 27.9104163249; 87.0499998728; 86.4375003179; 81.5187500318; 79.2333334287; 78.0645834605; 80.9020837148; 86.7854166031; 79.1854166985; 84.547917525; 0 
2017-12-20 03:44:32 ; 28.226530659; 28.0979595574; 28.0816329645; 27.9836734071; 27.8591831752; 27.8775505533; 27.8612239604; 27.8795913774; 27.8959179703; 87.3673466274; 86.8367343825; 81.8510206573; 79.6142855274; 78.5040817261; 81.3693880354; 87.4244897025; 79.6571427949; 84.9979593705; 0 
2017-12-20 03:49:34 ; 28.2553191895; 28.1212770178; 28.0978727138; 28.0021276677; 27.8617016001; 27.8893612801; 27.8680846032; 27.8957442831; 27.9127656247; 86.8212765633; 86.248935943; 81.3404256942; 79.0446814679; 77.9617023874; 80.9574466462; 86.8659573819; 79.2319155754; 84.3999999026; 0 
2017-12-20 03:54:41 ; 28.2866664886; 28.1511116876; 28.1355560727; 28.0311112298; 27.8866662343; 27.9244441562; 27.8999996185; 27.9377775404; 27.9377775404; 86.3088884142; 85.6733337402; 80.9244440715; 78.6533331977; 77.6088887533; 80.4244447496; 86.2888890584; 78.8155553182; 83.975555759; 0 
2017-12-20 03:59:44 ; 28.3355553521; 28.155556149; 28.1400005341; 28.0488890754; 27.9044440799; 27.9311108483; 27.911110772; 27.9422220018; 27.9422220018; 84.9555557251; 84.0933336046; 79.2400000678; 77.1977783203; 76.1111109416; 78.9288889567; 84.8199998644; 77.3733332316; 82.4755552504; 0 
2017-12-20 04:04:52 ; 28.2723404093; 28.1340429428; 28.1021280492; 28.0212766769; 27.8893612801; 27.9276592985; 27.9085102893; 27.9425529723; 27.9276592985; 86.2340425532; 85.5680847168; 80.6617020952; 78.3893617671; 77.2723403281; 80.1531914244; 86.0085101838; 78.5404255644; 83.9085110603; 0
2017-12-20 04:09:52 ; 28.2468085188; 28.1425536541; 28.1063833845; 28.0297873477; 27.8851059447; 27.9255316308; 27.8957442831; 27.938297637; 27.9191486277; 87.685106318; 87.0404257267; 82.0361701478; 79.7680850739; 78.5425531915; 81.5042554165; 87.4702124088; 79.7319147638; 85.0553191165; 0 
2017-12-20 04:14:58 ; 28.2571429428; 28.1285717633; 28.1040820297; 28.0122449447; 27.8877546739; 27.9040812668; 27.8999996185; 27.9224486838; 27.9224486838; 87.12653055; 86.4693875994; 81.5285714597; 79.3142862125; 78.1673470322; 81.0224487927; 86.9897957627; 79.2367348184; 84.4408164511; 0 
2017-12-20 04:20:02 ; 28.2772727013; 28.1500004855; 28.1250004768; 28.0272728313; 27.8863632029; 27.9181815061; 27.9022723545; 27.9340906577; 27.9068178264; 86.6045447263; 86.0454541987; 81.1795456626; 78.9045453505; 77.7522732128; 80.6386368491; 86.4909090562; 79.0022725192; 84.2250002081; 0 
2017-12-20 04:25:06 ; 28.2913040907; 28.1543483734; 28.1347831229; 28.0413045054; 27.9065213825; 27.9260866746; 27.9130431465; 27.9413041239; 27.8869560905; 86.1391301362; 85.4608690013; 80.6891305343; 78.4304346831; 77.3521738467; 80.1217392631; 85.8652172918; 78.432608563; 83.693478294; 0 
2017-12-20 04:30:15 ; 28.2936169239; 28.1382983593; 28.1191493907; 28.0234043446; 27.8893612801; 27.910637957; 27.8893612801; 27.9276592985; 27.8680846032; 85.559574533; 84.789361832; 79.968085431; 77.7851065778; 76.7765957447; 79.5531911647; 85.4148934547; 77.8978721132; 83.1319146664; 0 
2017-12-20 04:35:16 ; 28.2604165872; 28.1125003894; 28.0895836751; 27.9937499762; 27.8583327929; 27.8874995708; 27.8624994755; 27.9104163249; 27.8749995232; 85.5145834287; 84.7104169528; 79.8354164759; 77.6395831108; 76.5333329837; 79.4145825704; 85.2624996503; 77.7562500636; 83.0979173978; 0
2017-12-20 04:40:24 ; 28.221739147; 28.0978264601; 28.0717394041; 27.9826086293; 27.8521733491; 27.8652168771; 27.8478255065; 27.8913039332; 27.8652168771; 87.4630435446; 86.8565217723; 81.8673915034; 79.5565220377; 78.3326085961; 81.2499996683; 87.1782608032; 79.5326088615; 84.9630440422; 0 
2017-12-20 04:45:30 ; 28.2510638136; 28.1234047261; 28.1085110522; 28.0191490092; 27.882978277; 27.9148932924; 27.8957442831; 27.9340423016; 27.8787229416; 87.276595907; 86.6468083808; 81.7148942339; 79.4340430726; 78.2829789507; 81.1553188892; 87.0744682474; 79.4319151209; 84.8489360404; 0 
2017-12-20 04:50:35 ; 28.2790698118; 28.1534889132; 28.1279074647; 28.0418606248; 27.8930228477; 27.9348834725; 27.9232555212; 27.9418602433; 27.9279067017; 86.7511626842; 86.088372164; 81.1999999645; 79.0813953488; 77.9162794601; 80.7488373158; 86.6465118763; 79.1534883366; 84.4906976389; 0 
2017-12-20 04:55:38 ; 28.3232555389; 28.1720935467; 28.1465121868; 28.0511629859; 27.9069763893; 27.9441858336; 27.9255811115; 27.9534881947; 27.930232292; 85.9441858336; 85.2837208593; 80.5534879108; 78.3767439376; 77.2395351321; 80.055813989; 85.9325577492; 78.4441863659; 83.6232558849; 0 
2017-12-20 05:00:41 ; 28.2888887193; 28.1377783034; 28.1155559964; 28.0200000763; 27.8799995422; 27.9088885413; 27.8911106957; 27.9244441562; 27.8999996185; 85.3844446818; 84.5644438002; 79.6600001017; 77.6000001695; 76.455555386; 79.2599999322; 85.2044443766; 77.7200002035; 82.7399998983; 0 
2017-12-20 05:05:51 ; 28.2304347494; 28.0913046961; 28.0717394041; 27.980434708; 27.8543472705; 27.8760864838; 27.8586951131; 27.8717386412; 27.8586951131; 86.1586958844; 85.4304345172; 80.5282607701; 78.3021736145; 77.147826485; 80.0804348821; 85.9586959507; 78.4934786921; 83.7434780287; 0 
2017-12-20 05:10:54 ; 28.2348838185; 28.1093027425; 28.0906980204; 27.9953488195; 27.8511622229; 27.8720925353; 27.8511622673; 27.8860460769; 27.8767437159; 86.93488365; 86.3116275876; 81.4232559204; 79.2186046866; 78.0093020062; 80.9232559204; 86.8372091249; 79.2627905912; 84.4348831177; 0 
2017-12-20 05:15:57 ; 28.2279070477; 28.1093026982; 28.0813956593; 27.9837208681; 27.8558134035; 27.8767437159; 27.8627901743; 27.8976740283; 27.9069763893; 87.5697672644; 86.9720927394; 82.1232562398; 79.8627908396; 78.6279067993; 81.5325578202; 87.5488375287; 79.8325582105; 84.9209309068; 0 
2017-12-20 05:21:04 ; 28.2382979292; 28.1085110117; 28.0936173784; 27.9957446646; 27.8510632616; 27.8808506093; 27.8595739324; 27.8957442831; 27.8574462647; 87.0617018355; 86.4127661522; 81.5744684098; 79.3212767256; 78.16382956; 81.0446806563; 86.8999997403; 79.3063831735; 84.4617019004; 0 
2017-12-20 05:26:07 ; 28.2638297385; 28.1361706916; 28.1085110522; 28.0234043446; 27.8723399385; 27.8999996185; 27.8787229416; 27.910637957; 27.8659569355; 86.8787236315; 86.2808511612; 81.4063831086; 79.1680849765; 78.091489102; 80.9191490336; 86.8148933573; 79.2617026796; 84.5489365598; 0 
2017-12-20 05:31:12 ; 28.3152172254; 28.173913541; 28.1500005722; 28.0586958761; 27.9173909892; 27.9413041239; 27.9195649106; 27.9499998093; 27.8999996185; 86.3869565881; 85.767391039; 81.0000003317; 78.7847827414; 77.7152174245; 80.5326088615; 86.3021739462; 78.813044009; 84.1195650515; 0 
2017-12-20 05:36:19 ; 28.3249998093; 28.168750604; 28.1458338896; 28.0479168495; 27.9062496424; 27.9395831029; 27.9166663488; 27.9583331744; 27.9187496901; 85.6729167302; 84.9458333651; 80.022916158; 77.8083333969; 76.8208333651; 79.5958328247; 85.3937501907; 77.9145830472; 83.2104169528; 0 
2017-12-20 05:41:26 ; 28.2499999171; 28.1108699467; 28.0847829321; 28.0; 27.8608690345; 27.8891300118; 27.8695647198; 27.9108692252; 27.8608690345; 85.8804344509; 85.0999999668; 80.1956525056; 78.0; 76.8478255894; 79.7130432129; 85.5543479919; 78.0956522071; 83.5239126786; 0
2017-12-20 05:46:27 ; 28.2136364417; 28.0931821736; 28.0681820783; 27.9749999046; 27.8386357914; 27.8568176356; 27.84318122; 27.8659085794; 27.8454539559; 87.1500001387; 86.511363463; 81.6386365024; 79.2909095071; 78.1477277929; 81.0431818529; 86.9340908744; 79.3454541293; 84.7931815061; 0
2017-12-20 05:51:35 ; 28.1829787721; 28.0744683692; 28.0659576984; 27.9702126523; 27.8276589982; 27.855318597; 27.8382972555; 27.8744676062; 27.8319142524; 87.4042556438; 86.7744682799; 81.8234038657; 79.5744685721; 78.4297874938; 81.2617023549; 87.091489589; 79.4212769853; 84.8829788857; 0 
2017-12-20 05:56:41 ; 28.1977778965; 28.0866669973; 28.0711113824; 27.9844443851; 27.8444438934; 27.8622216966; 27.8488883124; 27.8999996185; 27.8377771589; 87.5333324856; 86.9933334351; 82.0555557251; 79.7311109755; 78.5066667345; 81.3466671414; 87.191110399; 79.537778049; 85.1022223579; 0 
2017-12-20 06:01:44 ; 28.2295455066; 28.1000003815; 28.0840912299; 27.9818181125; 27.8477266919; 27.8659085794; 27.8545448997; 27.8954541466; 27.8386357481; 87.2522730394; 86.5136365024; 81.6159090562; 79.3227272034; 78.2136360515; 81.056817835; 86.931817835; 79.2840910825; 84.8386365717; 0 
2017-12-20 06:06:53 ; 28.2787233312; 28.1489367384; 28.1106387199; 28.0170213415; 27.8680846032; 27.9276592985; 27.8872336124; 27.9319146339; 27.8361695878; 86.8319151858; 86.1808505768; 81.3723409125; 79.1170216013; 78.012766412; 80.7510635701; 86.572340458; 79.0872340101; 84.6893615723; 13.6505584502
2017-12-20 06:11:58 ; 28.3727271774; 28.2909090736; 28.1750003641; 28.0750002861; 27.961363489; 28.1159095331; 27.9636362249; 27.9568180171; 27.8772722591; 86.5590908744; 85.6363632896; 81.1818181818; 79.065909299; 77.7954547188; 80.0659087788; 86.4318183552; 79.0522731434; 84.627272866; 13.6505584502
2017-12-20 06:16:59 ; 28.4562498331; 28.3958329757; 28.2395834128; 28.118750453; 27.7625002066; 28.3041663567; 28.0354168018; 27.985416611; 27.8854162296; 86.1666669846; 85.0749996503; 80.8541661898; 78.6875003179; 76.5020831426; 79.2708333333; 86.0229166349; 78.8833335241; 84.5208330154; 13.6505584502
2017-12-20 06:22:00 ; 28.4755554623; 28.4244441562; 28.2533333249; 28.1444449107; 28.1044448429; 28.3577772352; 28.0622224596; 27.9911110772; 27.8933329264; 85.8000001695; 84.5711107042; 80.3688890245; 78.3222225613; 76.8444442749; 78.6911110772; 85.6088884142; 78.5288889567; 84.1888890584; 13.6505584502
2017-12-20 06:27:08 ; 28.4744679877; 28.4297869662; 28.261702152; 28.1382982376; 28.1085110522; 28.3680846032; 28.0531916923; 27.9617019816; 27.8702122709; 85.348935878; 84.0170215039; 79.8851063505; 77.7404257592; 76.3085111253; 78.1872337828; 85.1914893617; 78.1553190515; 83.8042544101; 13.6505584502
2017-12-20 06:32:14 ; 28.43541646; 28.3937495947; 28.2354168495; 28.1083337069; 28.0854169925; 28.3458327452; 28.0375001431; 27.9395831029; 27.8583327929; 85.6541666985; 84.410416762; 80.2416671117; 78.1125001907; 76.6208335559; 78.4354168574; 85.4583334923; 78.5229166349; 84.1687499682; 16.4304326721
2017-12-20 06:37:18 ; 28.4346936284; 28.3979587944; 28.2387756815; 28.1061228538; 28.0795921404; 28.3469381916; 28.0306123617; 27.9346936284; 27.8387748952; 86.5673468454; 85.4163265618; 81.1653057799; 79.0081632964; 77.4653058733; 79.3040819752; 86.4816326219; 79.4102042062; 85.2612245521; 15.5062178143
2017-12-20 06:42:23 ; 28.4425529723; 28.4085102893; 28.2425534269; 28.1234045637; 28.0957450461; 28.3638292678; 28.0361703507; 27.9404253047; 27.8446802586; 86.7659576091; 85.6659576741; 81.4085102487; 79.2723406528; 77.6617022575; 79.4957447458; 86.7212764659; 79.6553193762; 85.4851064479; 14.579699642
2017-12-20 06:47:23 ; 28.4636362249; 28.4340906577; 28.2590910738; 28.1454547535; 28.1090913252; 28.3704540513; 28.0454547188; 27.9454543374; 27.8522721637; 86.6636361209; 85.5522727966; 81.3295449344; 79.2227266485; 77.6090911518; 79.4772725539; 86.6500001387; 79.5454545455; 85.2159089175; 14.579699642
2017-12-20 06:52:32 ; 28.4428570027; 28.4244895079; 28.2530611778; 28.1244901151; 28.1061228538; 28.3673464327; 28.0408164822; 27.9387752767; 27.8510198788; 86.3020410343; 85.1102042685; 80.8857141612; 78.7836733448; 77.2204083812; 79.0551019785; 86.179591899; 79.1734698549; 84.9163264061; 14.579699642
2017-12-20 06:57:35 ; 28.4229167302; 28.4041663408; 28.220833381; 28.1145837704; 28.0770836274; 28.335416317; 28.0062500238; 27.9020829598; 27.7958327134; 85.8187503815; 84.6104165713; 80.5145831108; 78.4020835559; 76.8854168256; 78.6354169846; 85.7208331426; 78.8229168256; 84.535416762; 14.3737807906
2017-12-20 07:02:44 ; 28.4425529723; 28.3957442831; 28.2191490823; 28.1042557169; 28.0808513723; 28.3382974178; 28.0127660061; 27.9148932924; 27.8170208221; 85.5042552542; 84.3468087379; 80.270212701; 78.1425529642; 76.5617023225; 78.3765955174; 85.4191491959; 78.5723402957; 84.3255321422; 14.3737807906
2017-12-20 07:07:49 ; 28.4617020221; 28.4042549539; 28.2191490011; 28.1106387199; 28.0936173784; 28.3510632616; 28.0170213415; 27.9276592985; 27.8382972555; 84.9744684747; 83.6063828164; 79.5212772451; 77.4361700504; 75.9574464839; 77.7404259215; 84.8702123114; 77.9574466462; 83.6531917491; 15.9822759261
2017-12-20 07:12:55 ; 28.4387752767; 28.389795498; 28.2285716388; 28.0938778702; 28.0775513162; 28.3408157193; 28.0142857688; 27.9183670355; 27.8387748952; 85.8489797164; 84.640816202; 80.5081632964; 78.3734697614; 76.8122449602; 78.7244896402; 85.8081630785; 78.8653063093; 84.7102041439; 15.9822759261
2017-12-20 07:17:55 ; 28.4191486277; 28.3893612801; 28.2340428373; 28.1085110117; 28.0851067076; 28.3595739324; 28.02765968; 27.9361699693; 27.8574462647; 86.7787235341; 85.6085102812; 81.3531916192; 79.2276595095; 77.5765957122; 79.4148937793; 86.6744680202; 79.5872341724; 85.4510639272; 15.3209934849
2017-12-20 07:23:00 ; 28.3978257801; 28.3826082478; 28.1956523812; 28.0869568535; 28.0739133254; 28.3434776638; 28.0021739213; 27.9086953039; 27.8391298211; 86.8195656486; 85.6869561569; 81.4891304348; 79.2586958512; 77.6978262196; 79.4978261201; 86.7499998341; 79.6369562564; 85.3673910058; 15.3209934849
2017-12-20 07:28:07 ; 28.4333331585; 28.4041663011; 28.2229165634; 28.1104170879; 28.0791669687; 28.3291664521; 28.0041666826; 27.9104163249; 27.8458327452; 86.1854162216; 84.9791663488; 80.8354166349; 78.7749999364; 77.1812499364; 78.9833332698; 86.1875; 79.2062500318; 84.9041666985; 16.2646141679
2017-12-20 07:33:09 ; 28.4765956554; 28.4234039631; 28.2489361459; 28.1276600615; 28.089362043; 28.3510632616; 28.0148936738; 27.9319146339; 27.8489355939; 85.0425530292; 83.7489364299; 79.7787235341; 77.7531916842; 76.2723406528; 78.0297872665; 85.0446808186; 78.229787299; 83.927660029; 15.3209934849
2017-12-20 07:38:14 ; 28.4765956554; 28.4042549539; 28.2212766282; 28.1085110522; 28.0787237046; 28.3319145365; 27.9936169969; 27.9148932924; 27.8319142524; 84.4808507067; 83.0872338478; 79.0489363975; 77.0148938767; 75.572340458; 77.4170215688; 84.47446815; 77.6659576741; 83.5106379732; 19.0776116945
2017-12-20 07:43:20 ; 28.3586954449; 28.3499994278; 28.1695656984; 28.0500001907; 28.0434784267; 28.3065212499; 27.9652172586; 27.8717386412; 27.8108688437; 87.6717388319; 86.6413043478; 82.3065218718; 80.1043477266; 78.4304346831; 80.2282607037; 87.6130432461; 80.376086857; 86.3891307997; 14.3737807906
2017-12-20 07:48:26 ; 28.4760871555; 28.4391303684; 28.2543474695; 28.1478266509; 28.1217395948; 28.3695648857; 28.0434784267; 27.9391302026; 27.8173907736; 84.7760868902; 83.4891302689; 79.6608694325; 77.6260871887; 76.0630435114; 77.7369565549; 84.6760872551; 78.0673911053; 83.8369565217; 15.3209934849
2017-12-20 07:53:36 ; 28.3659573819; 28.2999998864; 28.1340430645; 28.0170213415; 28.0; 28.2617020708; 27.9361699693; 27.8276590388; 27.7361704238; 85.7914892968; 84.5170215039; 80.3191487738; 78.1893615723; 76.5617023225; 78.4191490336; 85.7659572845; 78.8170216337; 84.9042553191; 16.9413947703
2017-12-20 07:58:47 ; 28.3958332936; 28.3479163647; 28.1625005404; 28.0562502543; 28.0541668733; 28.3374997377; 27.9708333015; 27.8520830472; 27.7499995629; 80.7812498411; 78.7499995232; 75.227083683; 73.410416921; 72.2229164441; 73.8979167938; 80.3125001589; 74.1812504133; 79.6145834923; 25.7415202179
2017-12-20 08:03:49 ; 27.9586957434; 27.965217383; 27.8043480749; 27.7108697062; 27.7000000995; 27.9586954531; 27.6586957185; 27.5847823931; 27.5478258133; 88.3043478261; 87.276087056; 82.9739134415; 80.7260871555; 78.9173910721; 80.8000000663; 88.121739429; 80.9043479588; 86.9543483568; 31.8783797714
2017-12-20 08:08:53 ; 28.0043478841; 28.0673912297; 27.8717392631; 27.7630436939; 27.741304522; 28.043478095; 27.7586958927; 27.7630436109; 27.7521740043; 85.5239130103; 83.8304348821; 80.0434777633; 77.7847822438; 76.3391304016; 77.8152175572; 84.4891304348; 77.5543479919; 82.8282606705; 15.3209934849
2017-12-20 08:13:55 ; 29.0102041595; 28.7979591525; 28.5387755024; 28.4428573531; 28.3591837202; 28.6163264683; 28.3857144336; 28.4224491898; 28.4571430829; 83.1428569872; 82.1387755725; 78.5367347562; 76.4142859323; 75.1306125874; 76.8897958872; 83.6142859945; 76.5265303631; 81.3346940644; 16.2646141679
2017-12-20 08:19:06 ; 28.9163262114; 28.9061220909; 28.681632801; 28.573469668; 28.5408164822; 28.834693753; 28.5857146127; 28.5285715376; 28.5265307135; 85.9836730957; 84.7612239293; 80.5979590903; 78.5244898893; 76.9428575477; 78.5673466897; 85.599999564; 78.5020410966; 83.6102038014; 15.3209934849
2017-12-20 08:24:08 ; 28.8458327452; 28.7999992371; 28.6000003815; 28.4833332698; 28.4687498808; 28.7229170799; 28.4520831505; 28.3416660627; 28.3020828565; 81.2749999364; 79.5124994914; 75.9979166985; 74.1645832062; 72.8520830472; 74.2958334287; 80.8604164124; 74.7749999364; 79.539583683; 17.2050402647
2017-12-20 08:29:13 ; 28.4851062856; 28.4872339939; 28.3255313711; 28.2191493663; 28.2042557331; 28.4936169969; 28.1574470845; 28.0553193194; 28.0404256861; 86.5425530292; 85.1404253371; 80.8787237938; 78.7063832384; 77.0340428454; 78.7914891344; 86.0957443562; 79.1574465163; 84.5808514534; 16.9413947703
2017-12-20 08:34:16 ; 28.4829786585; 28.4574466462; 28.2574466949; 28.1574474091; 28.1617027445; 28.4319146339; 28.0936173784; 27.9787233231; 27.9595743139; 81.6000000974; 79.7510637324; 76.1191489037; 74.2553193113; 72.8510641544; 74.3702127984; 81.059574533; 74.9999996753; 79.9680852687; 18.8484840044
2017-12-20 08:39:21 ; 28.2319149667; 28.221277034; 28.05531936; 27.9425529723; 27.9340423016; 28.2276599154; 27.8851059447; 27.7723402876; 27.7659572845; 86.3191487738; 84.9829791455; 80.663830047; 78.5085108331; 76.7446810134; 78.5085109954; 85.8510639921; 78.9297876561; 84.3000002922; 15.9822759261
2017-12-20 08:44:23 ; 28.3697673886; 28.3162788125; 28.1488377771; 28.0186047221; 28.0279070832; 28.2813948698; 27.9767440973; 27.8697670338; 27.8744181256; 83.7372092314; 82.246511415; 78.3790701933; 76.3441857626; 74.8604649389; 76.3488370319; 83.2883717737; 76.8255815728; 81.8697674773; 16.9413947703
2017-12-20 08:49:33 ; 28.3459999847; 28.2740000153; 28.0940003586; 27.9819999313; 27.9699998856; 28.256000061; 27.9239997101; 27.8319998169; 27.851999588; 84.1360002136; 82.6780001831; 78.7440000916; 76.6400001526; 75.0680001831; 76.7680000305; 83.773999939; 77.1420002747; 82.2600006104; 16.9413947703
2017-12-20 08:54:35 ; 28.4130434783; 28.3565214821; 28.1760876282; 28.0717394041; 28.0652176401; 28.3695648442; 28.0543480334; 27.9434780453; 27.9326084386; 83.5500000663; 81.9891304348; 78.1717393295; 76.1695651179; 74.6630436441; 76.1913042483; 83.080435048; 76.6608697642; 81.8152178889; 16.9413947703
2017-12-20 08:59:40 ; 28.3595743788; 28.2851063749; 28.1127663876; 28.0063830031; 27.9978723323; 28.2744680364; 27.9531913108; 27.8723399791; 27.8744676062; 84.1765956473; 82.7276596719; 78.7531916842; 76.6340429428; 75.0361703102; 76.7382976451; 83.7702128634; 77.1446805913; 82.3276596069; 15.9822759261
2017-12-20 09:04:42 ; 28.3391305675; 28.2978261865; 28.1304352802; 28.0152174494; 28.013043528; 28.3043478261; 28.0086956853; 27.9130431465; 27.9347823599; 85.8739124796; 84.5434779292; 80.4086957185; 78.228260372; 76.5869563559; 78.2891303353; 85.4434786258; 78.5217391304; 83.6934781282; 15.9822759261
2017-12-20 09:09:50 ; 28.5106383385; 28.4212762954; 28.22127675; 28.1255323938; 28.1085110522; 28.3851059853; 28.0787237046; 28.0042553354; 28.0063830031; 82.7872338802; 81.3127657302; 77.5212767581; 75.5510633753; 74.0829789182; 75.6659575117; 82.5276596394; 75.9723408476; 80.8510638298; 15.9822759261
2017-12-20 09:14:56 ; 28.4265304098; 28.371428081; 28.1959187644; 28.0795921404; 28.0775513162; 28.3469381916; 28.0428573063; 27.9591835178; 27.9836734071; 85.7081630473; 84.4040818506; 80.2693881599; 78.1163267797; 76.4510202213; 78.2122447734; 85.3673466274; 78.4428570806; 83.7755105155; 15.9822759261
2017-12-20 09:20:00 ; 28.4933333079; 28.4422220018; 28.2644441817; 28.1533339183; 28.1600006104; 28.4577776167; 28.1377783034; 28.0377779219; 28.0355556912; 84.6466668023; 83.2733334012; 79.242221917; 77.26222229; 75.611110772; 77.2044443766; 84.2377773709; 77.66222229; 82.9422225952; 15.9822759261
2017-12-20 09:25:00 ; 28.4812499285; 28.4104163249; 28.2229168812; 28.1229171356; 28.1312505007; 28.3916662534; 28.0625002384; 27.9687498808; 27.9687498808; 83.4312500954; 81.9208335876; 78.0375000636; 75.9833334287; 74.4500001272; 76.0916666985; 82.9791669846; 76.5312498411; 81.5833333333; 15.9822759261
2017-12-20 09:30:07 ; 28.4044441223; 28.3777773115; 28.2000001695; 28.0777780745; 28.0844447666; 28.3755550808; 28.0488890754; 27.9377775404; 27.9533331553; 86.2111109416; 84.882222663; 80.6399998983; 78.5400000678; 76.888889228; 78.5777779473; 85.7955552843; 78.9533335368; 84.2622221205; 15.9822759261
2017-12-20 09:35:17 ; 28.5425533538; 28.4659573169; 28.2617019491; 28.1659580799; 28.1638304122; 28.4255316308; 28.1000003815; 28.0106383385; 28.0170213415; 82.6148934872; 80.9893610528; 77.3021279193; 75.3340426506; 73.895744973; 75.5042555789; 82.2638298197; 75.921276336; 80.8340423259; 16.9413947703
2017-12-20 09:40:20 ; 28.3847825009; 28.3499994278; 28.1717396197; 28.0695654828; 28.0695654828; 28.3413037425; 28.0282609774; 27.9260866746; 27.9391302026; 85.2369563891; 83.8239129108; 79.7130438763; 77.5347827414; 75.8869562564; 77.6434780618; 84.7913038834; 78.0282606042; 83.1717394953; 16.5904232145
2017-12-20 09:45:30 ; 28.4191486277; 28.3851059447; 28.2319151696; 28.1000003815; 28.1148940553; 28.3808506093; 28.0489363569; 27.94468064; 27.9468083077; 85.9595747603; 84.5893616372; 80.4361702128; 78.2191490011; 76.6340426181; 78.2829787883; 85.5574465813; 78.7021278219; 83.9297870068; 17.2050402647
2017-12-20 09:50:32 ; 28.5021739213; 28.4456519666; 28.2586955195; 28.1717397856; 28.1543484149; 28.4369562812; 28.1108699882; 28.019565292; 28.0217392134; 84.3326085961; 82.8717390973; 78.9391302026; 76.9369568203; 75.3847828741; 77.0086955195; 84.0239130103; 77.4456526715; 82.3347823102; 15.3209934849
2017-12-20 09:55:39 ; 28.4936169969; 28.4191486277; 28.2489361864; 28.1361707322; 28.1468090707; 28.4021272862; 28.061702363; 27.9765956554; 27.9808509908; 83.5085105084; 81.9361706997; 78.0659574143; 75.9723401983; 74.4808510314; 76.1808512262; 83.1319148287; 76.6085106058; 81.5914889397; 17.8966730353
2017-12-20 10:00:39 ; 28.3978719508; 28.3723399385; 28.2255322882; 28.0936173784; 28.1234047261; 28.3765952739; 28.0574470277; 27.9531913108; 27.9510636431; 86.7276598342; 85.4212764983; 81.1659575117; 78.9446802342; 77.2170212117; 78.9382975152; 86.3234040281; 79.3765956797; 84.7617017056; 16.5904232145
2017-12-20 10:05:47 ; 28.493478236; 28.4456519666; 28.2565215982; 28.1456527295; 28.1413048869; 28.4239127532; 28.0826090108; 27.9826086293; 27.9826086293; 84.0760871224; 82.5760867907; 78.6913040825; 76.6586953868; 75.0760874541; 76.7195651842; 83.7543475939; 77.2000000995; 82.2586956853; 17.5633904743
2017-12-20 10:10:53 ; 28.4714285014; 28.3979587944; 28.2142859089; 28.1142861503; 28.1122453261; 28.3795913774; 28.0510206028; 27.9571426937; 27.9612243419; 83.9408162954; 82.4346939398; 78.5061225113; 76.4061224801; 74.8510203459; 76.5551018228; 83.5673471568; 77.0040817261; 82.1714284469; 16.5904232145
2017-12-20 10:15:56 ; 28.4170210006; 28.3808506093; 28.2276597936; 28.1042557169; 28.1255323938; 28.3936166155; 28.0680853661; 27.9680849846; 27.9531913108; 86.1127656977; 84.7382979697; 80.5212767581; 78.4021275297; 76.6851064804; 78.361701803; 85.6680851388; 78.8340431376; 84.1680849765; 17.8966730353
2017-12-20 10:20:58 ; 28.526087056; 28.4543476519; 28.2630432792; 28.1673919429; 28.1652180216; 28.4413041239; 28.0934786175; 27.986956472; 27.9978260787; 83.3152172254; 81.7586958512; 77.9239130435; 75.9173915697; 74.4173907404; 75.9717397275; 82.847826087; 76.4500000995; 81.4282606374; 18.5320616217
2017-12-20 10:26:07 ; 28.3979999542; 28.3579995728; 28.1800003815; 28.0720002747; 28.0580002213; 28.337999382; 28.0180000687; 27.9259997177; 27.9419997787; 84.9579997253; 83.4960003662; 79.453999939; 77.3100001526; 75.6720001221; 77.3980000305; 84.4999996948; 77.78; 82.9519996643; 17.5633904743
2017-12-20 10:31:08 ; 28.4386361296; 28.4022723545; 28.2431819222; 28.1136367538; 28.1340914206; 28.4068178264; 28.0727275502; 27.9659089609; 27.959090753; 85.7931820263; 84.4159088135; 80.252272866; 78.0840910131; 76.4659087441; 78.1659088135; 85.3568181125; 78.5999996879; 83.7045456279; 16.9413947703
2017-12-20 10:36:14 ; 28.5531916923; 28.4595743139; 28.2680848304; 28.1744687506; 28.1659580799; 28.44468064; 28.0851067076; 27.9872339939; 27.9872339939; 82.0723406203; 80.4063827839; 76.7510635701; 74.7787238588; 73.3659573819; 74.9659573169; 81.6446807537; 75.4489361377; 80.4702125712; 19.7971515592
2017-12-20 10:41:25 ; 28.3624997934; 28.343749404; 28.1729171673; 28.0583335559; 28.0625002384; 28.3458327452; 28.0208334128; 27.9041663011; 27.9145830075; 86.6666665077; 85.3333331744; 81.0333334605; 78.8208333651; 77.1000000636; 78.8562499682; 86.1937500636; 79.2395833333; 84.6666668256; 16.9413947703
2017-12-20 10:46:25 ; 28.4108697228; 28.3760868155; 27.8956524393; 28.1108699882; 28.1043482241; 28.3717386412; 28.0500001907; 27.9456519666; 27.9630433373; 84.8847823765; 83.4369563227; 79.1347823765; 77.3217393626; 75.7260869897; 77.3586951546; 84.4652177562; 77.8956524393; 83.2021741452; 17.8966730353
2017-12-20 10:51:32 ; 28.4680849846; 28.3893614018; 28.2021279031; 28.1063833845; 28.1000003815; 28.3617016001; 28.0297873477; 27.9340423016; 27.9595743139; 83.2829792753; 81.7404254345; 77.9000000649; 75.8595746629; 74.336169953; 76.0085101838; 82.8680846843; 76.4425529318; 81.5787238263; 19.4968229206
2017-12-20 10:56:35 ; 28.3913039332; 28.3630429558; 28.2065221123; 28.0804350894; 28.0782611681; 28.3630429558; 28.0347827414; 27.9347823599; 27.9369562812; 86.6195650515; 85.3456520412; 81.0565220377; 78.8717387656; 77.180434849; 78.8869567539; 86.2521733823; 79.2673913707; 84.6543481246; 18.5320616217
2017-12-20 11:01:42 ; 28.5347827414; 28.46739118; 28.2695649188; 28.1739137069; 28.1695658642; 28.4499998093; 28.0956525388; 28.0021739213; 28.0021739213; 82.6565210094; 81.0217392963; 77.2869562895; 75.3282606705; 73.8456520412; 75.3826084966; 82.1630431465; 75.9173915697; 81.0108693994; 17.5633904743
2017-12-20 11:06:42 ; 28.3893615236; 28.3531909293; 28.1851069268; 28.0702130338; 28.0765960369; 28.3489355939; 28.0255320123; 27.9297869662; 27.9361699693; 85.3297873964; 83.9574468085; 79.8042553841; 77.6404256618; 75.9723406853; 77.670212766; 84.8106382654; 78.125531785; 83.4425534187; 17.8966730353
2017-12-20 11:11:51 ; 28.4187497695; 28.3895829121; 28.220833381; 28.104167064; 28.1125004292; 28.395832936; 28.0645835797; 27.9520831505; 27.9583331744; 85.8687502543; 84.5020834605; 80.3854166667; 78.1624999046; 76.5208331744; 78.2020834287; 85.4375; 78.6729167302; 84.0083328883; 17.8966730353
2017-12-20 11:16:58 ; 28.5478262694; 28.4608694159; 28.267391039; 28.1760875868; 28.1695658642; 28.4521737306; 28.1021743028; 28.0; 28.019565292; 82.4043479588; 80.7434783604; 77.0717385334; 75.0456521407; 73.6891305343; 75.2521740457; 82.0108698969; 75.7391304348; 80.7434785262; 17.2050402647
2017-12-20 11:21:59 ; 28.3829783582; 28.3489355939; 28.1936176787; 28.089362043; 28.0702130338; 28.3468079263; 28.02765968; 27.9319146339; 27.9510636431; 87.0297867795; 85.8212765633; 81.5382979373; 79.3042555464; 77.5382977749; 79.3574468734; 86.7297871366; 79.6957447782; 85.2446806887; 15.3209934849
2017-12-20 11:27:05 ; 28.5897962609; 28.5; 28.2999992371; 28.2061231185; 28.2000007629; 28.4918367036; 28.1387760396; 28.0040816482; 28.0081632964; 81.3346943758; 79.5693877862; 76.0510204082; 74.1591838915; 72.7428570183; 74.3081635456; 80.879592117; 74.8612250503; 79.9755101107; 15.3209934849
2017-12-20 11:32:09 ; 28.3250001127; 28.3272728053; 28.1727274114; 28.0681820783; 28.0636366064; 28.3636358868; 27.9954545281; 27.8749995232; 27.8681813153; 86.6113640178; 85.2545455586; 81.0159086748; 78.943182165; 77.1909089522; 78.8068183552; 86.238636537; 79.4022721377; 85.1363632896; 15.3209934849
2017-12-20 11:37:17 ; 28.4583331744; 28.3749995232; 28.1958340406; 28.0875003338; 28.0895836751; 28.3687494993; 28.0312501192; 27.9291663965; 27.9020829598; 83.2041664124; 81.6645835241; 77.8750001589; 75.8375000954; 74.308333079; 75.9604169528; 82.8583329519; 76.5312498411; 81.8541668256; 14.3737807906
2017-12-20 11:42:18 ; 28.4541664918; 28.3874995708; 28.2000007629; 28.0833336512; 28.0958336989; 28.3874995708; 28.0395834843; 27.8999996185; 27.8749995232; 80.8812500636; 78.9833337466; 75.5437507629; 73.693748951; 72.2895819346; 73.7541654905; 80.2749996185; 74.4729181925; 79.6937492688; 14.3737807906
2017-12-20 11:47:23 ; 28.321275914; 28.2553190678; 28.1127663876; 27.9829786585; 27.9914893292; 28.2659572033; 27.9255316308; 27.7765953389; 27.7446809322; 80.9255327265; 78.9829789831; 75.5659564404; 73.7276595095; 72.2851067401; 73.7021276596; 80.2489367546; 74.5319144066; 79.7914902707; 14.3737807906
2017-12-20 11:52:30 ; 28.267391039; 28.2000007629; 28.0021739213; 27.8999996185; 27.9021735399; 28.2000007629; 27.8543472705; 27.7000007629; 27.7000007629; 80.6891305343; 78.7608695652; 75.3652172918; 73.5565210425; 72.0956515437; 73.4978257884; 80.036955792; 74.3108696316; 79.5999996351; 15.3209934849
2017-12-20 11:57:35 ; 28.1404256618; 28.117021723; 27.938297637; 27.8340420824; 27.8531909293; 28.1085110522; 27.7765954606; 27.6574472468; 27.6425537353; 86.6106382329; 85.3170213091; 81.0787235017; 78.8446807861; 77.0851062207; 78.7021278219; 86.0999996104; 79.2787233718; 84.2914889721; 16.2646141679
2017-12-20 12:02:38 ; 28.3976743388; 28.3232554502; 28.1534889576; 28.0441862151; 28.0372094443; 28.3093018643; 27.9813952779; 27.8837204867; 27.8720925353; 84.28604676; 82.9139533819; 79.0651161726; 76.9325588138; 75.3837209302; 76.8883720221; 83.9162789278; 77.3069770281; 82.4093021127; 16.2646141679
2017-12-20 12:07:45 ; 28.4531914731; 28.3595742976; 28.1851066833; 28.089362043; 28.0787237046; 28.3425527532; 28.0170213415; 27.9212762954; 27.910637957; 83.729787299; 82.255318662; 78.4021278544; 76.2851064154; 74.7191491634; 76.3680853336; 83.308510476; 76.7595747278; 81.6659573494; 15.6127171923
2017-12-20 12:12:49 ; 28.4187496901; 28.3895829121; 28.2291669846; 27.8187504212; 27.2458337943; 28.395832936; 28.0604168971; 27.9520831505; 27.9458331267; 86.6333332062; 85.3874999682; 81.1541663806; 78.1708339055; 76.9937499364; 78.9270828565; 86.3104163806; 79.379166762; 84.870833079; 15.0188836076
2017-12-20 12:17:54 ; 28.6297877291; 28.5489363569; 28.3468080074; 28.2638295762; 28.2340427155; 28.4978723323; 28.1702134153; 28.0702130338; 28.0723407015; 82.0787233393; 80.4617020627; 76.874467728; 74.9042556438; 73.4680852687; 75.0468081211; 81.7638296574; 75.5851062207; 80.7936169239; 15.9822759261
2017-12-20 12:22:57 ; 28.4291664362; 28.4249997139; 28.2687501907; 28.1437500318; 28.1520835559; 28.4062496424; 28.0916670163; 27.9687498808; 27.9624998569; 86.4645837148; 85.1354171435; 80.9416664441; 78.8000000318; 77.0874999364; 78.777083079; 86.1208335559; 79.3458331426; 84.9625000954; 15.9822759261
2017-12-20 12:27:59 ; 28.5244898893; 28.463265166; 28.2632651037; 28.1693884013; 28.1551026325; 28.4224486838; 28.0714288439; 27.9693876383; 27.9714284624; 83.1510207507; 81.6285713352; 77.8653059979; 75.8469390869; 74.3306121826; 75.9795915253; 82.8775508647; 76.5489797787; 81.9244897025; 16.2646141679
2017-12-20 12:33:08 ; 28.4021740789; 28.3978260704; 28.2282607037; 28.1086960668; 28.1195656735; 28.3934779374; 28.0543480334; 27.9347823599; 27.9021735399; 84.6065219382; 83.1217387656; 79.1652173581; 77.1586958844; 75.5086961829; 77.0108698969; 84.1108693662; 77.7478257884; 83.2347828409; 15.3209934849
2017-12-20 12:38:13 ; 28.4040814614; 28.3265303398; 28.1612250659; 28.0489797787; 28.0489797787; 28.3163261803; 27.981632583; 27.8795914163; 27.8693872569; 83.9306117467; 82.4183673469; 78.548979623; 76.4612244587; 74.869387724; 76.5142854963; 83.5244898893; 77.1020408163; 82.4061221687; 16.2646141679
2017-12-20 12:43:16 ; 28.3936173053; 28.3808511775; 28.2042553678; 28.1000003815; 28.1042557169; 28.357446427; 28.0404256861; 27.9276592985; 27.9191486277; 85.3787234692; 83.9680849441; 79.934042261; 77.795744551; 76.0893616372; 77.6468083808; 84.8106382654; 78.2808513236; 83.717021374; 15.0188836076
2017-12-20 12:48:18 ; 28.4340423016; 28.3574465082; 28.1744686695; 28.0702130338; 28.0787237046; 28.3489355939; 28.0127660061; 27.9127656247; 27.9085102893; 83.4319149585; 81.8893616047; 78.0744679228; 76.0021279518; 74.4617022251; 76.0808509664; 82.9829786585; 76.6276595745; 81.9021278544; 15.0188836076
2017-12-20 12:53:26 ; 28.3583332698; 28.3479166031; 28.1770835718; 28.0770836274; 28.0812503099; 28.3499994675; 28.0125000477; 27.8979162772; 27.8979162772; 85.8625000318; 84.5229167938; 80.3666666349; 78.2208336194; 76.5145834287; 78.1729160945; 85.397916317; 78.7562497457; 84.2166666985; 15.3209934849
2017-12-20 12:58:28 ; 28.5043478427; 28.4217388319; 28.2391305592; 28.1434788082; 28.1369570442; 28.3804343265; 28.0586958761; 27.9565215733; 27.9499998093; 82.545651809; 80.9804349153; 77.2913045469; 75.2847827414; 73.7826081981; 75.3847823765; 82.1739132093; 75.9478260538; 81.1978262196; 30.3464500355
2017-12-20 13:03:36 ; 27.5704545975; 27.7795454372; 27.6386361556; 27.4977274808; 27.5181820176; 27.8022727099; 27.4613637924; 27.3477273854; 27.4409092123; 84.9204543721; 82.9181818529; 79.4840909784; 77.3931817141; 75.7977271514; 77.0340912559; 83.7068178003; 77.404545784; 81.865909403; 16.2646141679
2017-12-20 13:08:37 ; 28.5395833254; 28.3562500079; 28.1145834128; 28.01458323; 27.9458332459; 28.1958334446; 27.9166665872; 27.9083332618; 27.8874999285; 86.6666661898; 86.0250000954; 81.972916762; 79.7604163488; 78.1208329201; 79.9854168892; 87.4166666667; 79.9812502861; 85.7312501272; 14.3737807906
2017-12-20 13:13:42 ; 29.1916673978; 29.0625002384; 28.7812494834; 28.6770840089; 28.6395838658; 28.9291664362; 28.6500005722; 28.5833336512; 28.4770832459; 82.6770833333; 81.4479169846; 77.945833683; 75.985417366; 74.620833079; 76.1791659991; 82.8083326022; 76.3958336512; 82.0749993324; 15.3209934849
2017-12-20 13:18:47 ; 29.0440001678; 28.983999939; 28.7599998474; 28.6520005798; 28.624000473; 28.9219997025; 28.6180004501; 28.4699998856; 28.3559994507; 81.6860002136; 80.0179995728; 76.6200007629; 74.8099995422; 73.3719998169; 74.8239994812; 81.3679992676; 75.4520010376; 81.0240008545; 15.3209934849
2017-12-20 13:23:51 ; 28.8374994596; 28.8083329598; 28.5854169925; 28.4708332221; 28.4708332221; 28.75; 28.4395831029; 28.2687498728; 28.1625005404; 81.2479163806; 79.4375009537; 76.0791656176; 74.2854170799; 72.8666677475; 74.2395828565; 80.7937499682; 75.0666656494; 80.5354161263; 15.3209934849
2017-12-20 13:28:58 ; 28.6640005875; 28.6220004654; 28.4199996948; 28.3039994049; 28.3179994583; 28.5900003433; 28.2559999084; 28.0940003586; 28.0060000229; 81.1619975281; 79.2780012512; 75.942000885; 74.1439978027; 72.7039974976; 74.0859986877; 80.5779988098; 74.9260011292; 80.3780012512; 14.3737807906
2017-12-20 13:34:05 ; 28.5170213415; 28.4510636431; 28.2553190678; 28.1574473685; 28.1617027445; 28.4531913108; 28.1063833845; 27.9468083077; 27.8574462647; 81.0212762711; 79.1021261012; 75.7510638947; 73.9680855934; 72.5127657627; 73.902129153; 80.3851078115; 74.7553196359; 80.1744663969; 14.3737807906
2017-12-20 13:39:07 ; 28.3708328406; 28.3104160229; 28.1416672071; 28.014583389; 28.0250000954; 28.3104160229; 27.9687498808; 27.8041659991; 27.7312502861; 81.1562476158; 79.2770843506; 75.9416675568; 74.1104149818; 72.6541643143; 74.022916317; 80.5416660309; 74.8562521935; 80.3479181925; 14.3737807906
2017-12-20 13:44:11 ; 28.2511110518; 28.1955563015; 28.0155556149; 27.9022218492; 27.9088885413; 28.1755561829; 27.8511105431; 27.6933338589; 27.6155559964; 81.442221917; 79.5466668023; 76.2111114502; 74.4044447157; 72.9622221205; 74.2711115519; 80.7933329264; 74.9866660224; 80.3644441393; 18.142609647
2017-12-20 13:49:19 ; 27.8688883887; 27.888888465; 27.6977783203; 27.5911114163; 27.5800002204; 27.866666158; 27.5488890754; 27.4222219255; 27.4199996948; 88.4311109755; 87.3400004069; 83.0777776082; 80.844444614; 78.9044443766; 80.7177778456; 88.0844446818; 81.0266665988; 86.8911109077; 14.3737807906
2017-12-20 13:54:21 ; 28.0; 27.9163262114; 27.7061231185; 27.6000003815; 27.6000003815; 27.8999996185; 27.5979595574; 27.4061220909; 27.3877546739; 83.8061227604; 82.2469385887; 78.4816326219; 76.4387756659; 74.8530611311; 76.4918368593; 83.4530614736; 77.0571430751; 82.7306118401; 14.3737807906
2017-12-20 13:59:24 ; 28.0062500238; 27.9499998093; 27.7375001907; 27.6270838181; 27.6229171356; 27.8999996185; 27.6000003815; 27.4270830552; 27.3854162296; 82.4958333969; 80.8520828883; 77.2875000636; 75.3145829837; 73.808333238; 75.3416663806; 82.0833338102; 75.9749994278; 81.5750007629; 15.3209934849
2017-12-20 14:04:30 ; 28.111111535; 28.022222307; 27.8244437748; 27.7088895162; 27.7177782694; 27.9933333079; 27.6533339183; 27.5311112298; 27.4488886939; 81.5911117554; 79.9022211711; 76.4644441393; 74.6155566745; 73.1044445462; 74.5666673448; 81.1177785238; 75.2133331299; 80.6666664971; 15.3209934849
2017-12-20 14:09:37 ; 28.1222226885; 28.0644446903; 27.8644441817; 27.7511107975; 27.7577773624; 27.9977777693; 27.6933339013; 27.5755558438; 27.5; 84.142221917; 82.7244447496; 79.1066667345; 77.2333326552; 75.5777764214; 77.0177776761; 83.7999994914; 77.4800003052; 82.897776964; 15.3209934849
2017-12-20 14:14:42 ; 28.2680850739; 28.1702127254; 27.9702127741; 27.8531914975; 27.842553159; 28.097872308; 27.793617005; 27.7297872178; 27.7085107438; 85.8340423259; 84.7553188243; 80.7404257592; 78.5765960369; 76.8936170213; 78.5957448432; 85.8234041904; 78.8404256942; 84.6212763685; 15.3209934849
2017-12-20 14:19:49 ; 28.5488890754; 28.4844443851; 28.2599998474; 28.1444449955; 28.1222226885; 28.3999996185; 28.1000003815; 28.0044444614; 27.9044440799; 81.748888482; 80.1822221544; 76.7288882785; 74.8022218492; 73.3666664971; 74.8333331638; 81.351111518; 75.3066670736; 80.7844445123; 17.2050402647
2017-12-20 14:24:48 ; 28.248936227; 28.2510640976; 28.0638300307; 27.9361699693; 27.9340423016; 28.1914897269; 27.8851059447; 27.7808509583; 27.7680849522; 88.4446810459; 87.4638295275; 83.2446811757; 81.1404254994; 79.2893615073; 80.9978722106; 88.3531916192; 81.2085107032; 86.9936171187; 15.3209934849
2017-12-20 14:29:55 ; 28.538000145; 28.4499998093; 28.2479999924; 28.1300004959; 28.0980003738; 28.3719995117; 28.0620002365; 27.9699998856; 27.8839995575; 83.2580000305; 81.796000061; 78.1500003052; 76.1420004272; 74.6500004578; 76.2440000916; 83.0820002747; 76.7459999084; 82.3620002747; 14.3737807906
2017-12-20 14:34:57 ; 28.5; 28.4391302026; 28.2391306006; 28.1326092015; 28.1217395948; 28.3999996185; 28.0760872468; 27.9260866746; 27.8369558998; 81.6043477266; 79.8152173913; 76.3869569198; 74.5326078664; 73.084782476; 74.5413042151; 81.0913039498; 75.2000002654; 80.7086961166; 14.3737807906
2017-12-20 14:40:06 ; 28.1911112044; 28.2066668616; 28.0200000763; 27.8933330112; 27.8911107381; 28.135555564; 27.8355554369; 27.7111113654; 27.6800003899; 87.5088887533; 86.3511106703; 82.2511113485; 80.1533331977; 78.491110399; 80.0466666328; 87.23777771; 80.3511108398; 86.179999627; 14.3737807906
2017-12-20 14:45:09 ; 28.4583331744; 28.3666663965; 28.1645839612; 28.0458335082; 28.0333334605; 28.3083331585; 28.0; 27.8979163567; 27.8270830313; 84.160416762; 82.8229166667; 79.0229164759; 76.9624997775; 75.4208331108; 77.0645831426; 84.0145831108; 77.4979166985; 83.2416671117; 14.3737807906
2017-12-20 14:50:10 ; 28.4977777693; 28.4311108483; 28.2088895162; 28.1133337657; 28.1044448429; 28.3999996185; 28.0733336131; 27.9311108483; 27.8511105431; 81.8399995592; 80.0977776421; 76.6311119927; 74.7844448513; 73.3155554877; 74.8288891262; 81.3933336046; 75.4133329603; 80.9288882785; 14.3737807906
2017-12-20 14:55:20 ; 28.1021275216; 28.1574465975; 27.9936174839; 27.8680852119; 27.8787235504; 28.13616988; 27.8276595664; 27.6808507392; 27.6361700017; 83.7978729897; 81.9957445835; 78.5191479947; 76.5297877535; 75.0063831248; 76.4382989762; 82.7659580961; 76.4914890046; 81.7659569598; 14.3737807906
2017-12-20 15:00:26 ; 28.257777871; 28.1666664971; 27.9688889821; 27.8511112637; 27.8; 28.046666548; 27.7377778371; 27.6599998898; 27.6111110263; 87.2955559625; 86.331111145; 82.0955557929; 79.9288892958; 78.2311113146; 80.0511108398; 87.5488893297; 80.3044443766; 86.1955557929; 15.5062178143
2017-12-20 15:05:31 ; 28.7000007224; 28.6276600615; 28.3851059447; 28.2851058473; 28.2489360241; 28.4872339939; 28.1595750768; 28.0659576984; 27.938297637; 83.0574467436; 81.6468085431; 78.053191327; 76.1191487414; 74.7404255968; 76.3319150235; 83.217021374; 76.8638299171; 82.5404254021; 14.3737807906
2017-12-20 15:10:33 ; 28.6382983999; 28.589362043; 28.3872336124; 28.278722966; 28.2489361864; 28.5021276677; 28.1574474091; 27.9893616615; 27.8851059447; 81.8978726001; 80.1531919114; 76.6999997078; 74.902127692; 73.4638300145; 74.9553193437; 81.6468085431; 75.7382976451; 81.2723406528; 14.3737807906
2017-12-20 15:15:37 ; 28.5102041206; 28.4653059901; 28.2632651037; 28.1551026325; 28.1408168637; 28.4122445632; 28.0408164822; 27.8775505533; 27.7795913852; 81.4612250815; 79.5836731268; 76.1632645276; 74.4061238814; 72.9836737185; 74.4428580148; 81.0999998754; 75.3142866796; 80.8469389312; 14.3737807906
2017-12-20 15:20:42 ; 28.3936166155; 28.3404249232; 28.178724086; 28.0340426831; 28.0255320123; 28.3063822807; 27.9404253047; 27.778722966; 27.6765964183; 81.2085097293; 79.2702123764; 75.9170225428; 74.1361692713; 72.7085095669; 74.1404242008; 80.7297869743; 75.0765945759; 80.5085105084; 18.142609647
2017-12-20 15:25:48 ; 28.0297871853; 28.0744682474; 27.8872336124; 27.7659577309; 27.7638300632; 28.0446809809; 27.682978975; 27.5510640246; 27.5234043446; 88.9361700504; 87.8404253696; 83.5382976126; 81.3510636675; 79.572340458; 81.2063830761; 88.5510633753; 81.3957444861; 87.314893682; 14.3737807906
2017-12-20 15:30:50 ; 28.1957454276; 28.1744687506; 27.9765956554; 27.8361695878; 27.8361695878; 28.0659576984; 27.7000007629; 27.5851067076; 27.5; 84.6255316227; 83.1702126036; 79.3106389147; 77.2702128634; 75.7063834008; 77.3276592823; 84.4617019004; 77.993617281; 83.7638298197; 14.3737807906
2017-12-20 15:35:56 ; 28.1979174217; 28.1625006199; 27.9749999046; 27.8208326499; 27.8187493086; 28.0916670163; 27.7104172707; 27.5812503099; 27.4937499762; 83.0645834605; 81.375; 77.7708328565; 75.7791663806; 74.2958327929; 75.8416666985; 82.7145838737; 76.6500004133; 82.308333238; 15.5062178143
2017-12-20 15:40:58 ; 28.1914900922; 28.1000003815; 27.8999996185; 27.7999992371; 27.7999992371; 28.0085106708; 27.7000007629; 27.5255320123; 27.4276592985; 82.3765961667; 80.5702133179; 77.0638299496; 75.1553185646; 73.7063830761; 75.1680854635; 81.9787232419; 76.0319150559; 81.5595743707; 14.3737807906
2017-12-20 15:46:05 ; 28.1959191147; 28.1122453261; 27.9204078596; 27.8040808853; 27.8020400612; 28.0571430751; 27.7000007629; 27.5469389546; 27.4877550553; 81.8081627671; 79.9959190524; 76.5795918679; 74.7510196919; 73.2489789067; 74.6877547284; 81.3571422343; 75.5081634521; 81.0428564889; 15.3209934849
2017-12-20 15:51:10 ; 28.2000007629; 28.2000007629; 27.9978723323; 27.8702122709; 27.8680846032; 28.1000003815; 27.7489361864; 27.6000003815; 27.5; 81.3170209844; 79.4914893292; 76.1574466786; 74.3255324668; 72.8957452977; 74.2531918465; 80.8468085756; 75.1063820048; 80.5659570897; 14.3737807906
2017-12-20 15:56:16 ; 28.044444614; 28.0488890754; 27.8555552165; 27.7266667684; 27.7311111874; 27.9955555386; 27.6600003137; 27.5466668447; 27.5066666921; 88.3155551487; 87.279999627; 83.1533333672; 81.0466662937; 79.1599997626; 80.7577770657; 88.1333335029; 80.9711108738; 86.8488889906; 14.579699642
2017-12-20 16:01:17 ; 28.4458331664; 28.339583079; 28.1500005722; 28.0250000954; 27.9916666349; 28.2458331188; 27.9083330631; 27.8166664441; 27.7333333095; 83.9083337784; 82.5500001907; 78.8270835876; 76.8062502543; 75.285416762; 76.9145832062; 83.9104164441; 77.4354166985; 83.1187502543; 14.579699642
2017-12-20 16:06:25 ; 28.4680850658; 28.3914889883; 28.1936177599; 28.0872343753; 28.0851067076; 28.3638293489; 27.9914893292; 27.859573973; 27.7553190678; 82.9319146339; 81.2617021926; 77.6595741434; 75.8297870717; 74.4361706997; 75.9319152832; 82.5574472306; 76.3765956797; 81.8234041904; 14.579699642
2017-12-20 16:11:31 ; 28.2244898348; 28.2102042996; 28.0306123617; 27.9040812668; 27.889795498; 28.1469392193; 27.8081628449; 27.7081635923; 27.6408168637; 87.6428574543; 86.5061225113; 82.3183671601; 80.1244897648; 78.3489795607; 80.0734692009; 87.4693875994; 80.5122447111; 86.3959183985; 14.579699642
2017-12-20 16:16:33 ; 28.4956521573; 28.3999996185; 28.2000007629; 28.0978264601; 28.0717394041; 28.3304341358; 27.9847825506; 27.8434776638; 27.7413044805; 82.7326082976; 81.099999801; 77.5043480915; 75.6130439095; 74.1630433124; 75.7108696647; 82.521738467; 76.3739128113; 82.0217391304; 14.579699642
2017-12-20 16:21:39 ; 28.2708333333; 28.2812499603; 28.0916670163; 27.9791665872; 27.9624998569; 28.2208331426; 27.8999998569; 27.7437498569; 27.6625006199; 86.3687502543; 85.0125002861; 81.1375002861; 79.0645836194; 77.4562497139; 78.9583333333; 85.8874999682; 79.2333331108; 84.9291664759; 14.579699642
2017-12-20 16:26:46 ; 28.3386362249; 28.2863635583; 28.1068185893; 27.9659089609; 27.9454543374; 28.2000001127; 27.8522723371; 27.7363636277; 27.6613642519; 85.188636433; 83.8227272034; 79.8681817488; 77.7886361209; 76.1886362596; 77.8659090562; 85.004545732; 78.3727269606; 84.1749999306; 14.579699642
2017-12-20 16:31:47 ; 28.455555386; 28.3999996185; 28.2000007629; 28.0955559201; 28.066666921; 28.3022214678; 27.9933333079; 27.8111103906; 27.7000007629; 82.331111145; 80.6199998644; 77.0688885159; 75.2177778456; 73.7444447835; 75.2688890245; 82.048888482; 76.0111100939; 81.6111119588; 14.579699642
2017-12-20 16:36:56 ; 28.3734689051; 28.31632583; 28.1591842807; 28.0081632964; 28.0; 28.2775506; 27.908162915; 27.7408164667; 27.6489801601; 81.5999992526; 79.7306115287; 76.3061222933; 74.4612253929; 73.0326527187; 74.489795607; 81.102040972; 75.3469378413; 80.8877547906; 14.579699642
2017-12-20 16:41:59 ; 28.2808505931; 28.2106388985; 28.0489363569; 27.9276592985; 27.910637957; 28.1744687506; 27.8148929109; 27.6468090707; 27.5468086892; 81.3553213566; 79.4063844072; 76.0553183048; 74.2510635701; 72.7978744507; 74.1999984092; 80.782979113; 75.1340405079; 80.5595735591; 14.579699642
2017-12-20 16:47:01 ; 28.1152178308; 28.1326092015; 27.9456520081; 27.8369563144; 27.8326084303; 28.0652176401; 27.7347825506; 27.5760872468; 27.4956521573; 84.9282596422; 83.4369569861; 79.7608703945; 77.7434771994; 76.1999987727; 77.5739122474; 84.3565206113; 78.0326088615; 83.6456529369; 13.6505584502
2017-12-20 16:52:06 ; 28.2340424314; 28.1553191733; 27.9851063262; 27.8595744194; 27.8340424883; 28.0829788776; 27.7489361459; 27.6489362514; 27.5829790399; 86.3744678903; 85.1595744681; 81.0446813056; 78.889362254; 77.1893618969; 78.8872338153; 86.2361703426; 79.3425533214; 85.2872335556; 13.6505584502
2017-12-20 16:57:11 ; 28.5; 28.4021735399; 28.2000007629; 28.0978264601; 28.0760872468; 28.3608690345; 27.993478236; 27.8804343265; 27.7826081981; 82.569565151; 80.9565215733; 77.3999998673; 75.4891304348; 74.0391298377; 75.5739127449; 82.3369560242; 76.2391304348; 81.9152170264; 13.6505584502
2017-12-20 17:02:15 ; 28.4217388319; 28.3652168771; 28.1978268416; 28.0478262694; 28.0391305841; 28.3108688437; 27.9586954946; 27.7956515602; 27.6978268001; 81.5565220377; 79.693478294; 76.2999999005; 74.4434776306; 73.0152183201; 74.465217922; 81.0826090937; 75.3021734486; 80.8478267504; 14.579699642
2017-12-20 17:07:23 ; 28.1599996355; 28.1733330621; 27.9911110772; 27.8800000932; 27.8666667514; 28.1377778795; 27.7933332655; 27.6377782186; 27.5644446903; 86.3133336385; 84.9444452922; 81.0800001356; 78.9199991862; 77.3288894653; 78.8133327908; 85.7666666667; 79.1844438341; 84.8977779812; 14.579699642
2017-12-20 17:12:26 ; 28.3041665157; 28.2354166508; 28.0708336035; 27.9291664362; 27.9062496821; 28.1541668574; 27.8041665554; 27.691666762; 27.6125004292; 85.460416317; 84.1791666349; 80.2020837466; 78.0395835241; 76.4437503815; 78.1270834605; 85.3583332698; 78.6937499046; 84.5666666031; 13.6505584502
2017-12-20 17:17:38 ; 28.4489359754; 28.3999996185; 28.2000007629; 28.0829790399; 28.061702363; 28.2999992371; 27.9765956554; 27.8063822401; 27.7000007629; 82.5276589901; 80.8893616047; 77.314893682; 75.4127661522; 73.9659569923; 75.4829783338; 82.2723404905; 76.2063829138; 81.8446811108; 13.6505584502
2017-12-20 17:22:34 ; 28.3799995422; 28.3088881599; 28.1644450718; 28.0022222307; 28.0; 28.2799995422; 27.9066663106; 27.7466667175; 27.6600006104; 81.6400002374; 79.7688881768; 76.3644436306; 74.5133336385; 73.0555558946; 74.5044443766; 81.1444447835; 75.3711103651; 80.9377782186; 13.6505584502
2017-12-20 17:27:46 ; 28.2711105347; 28.215555954; 28.066666921; 27.9288886176; 27.9066663106; 28.1800006866; 27.8177772098; 27.6666673024; 27.5800003052; 82.5222218831; 80.6599997626; 77.2577777439; 75.4088880751; 73.9688881768; 75.3066657172; 82.0222213745; 76.0511111789; 81.5222222222; 13.6505584502
2017-12-20 17:32:49 ; 28.1479165157; 28.1125001113; 27.9249997139; 27.8104167779; 27.8000000715; 28.0604168971; 27.7000001669; 27.6000002623; 27.5604168971; 87.7437499364; 86.6875; 82.4354168574; 80.2374998728; 78.4312499364; 80.1687501272; 87.6312495867; 80.625; 86.7041667302; 13.6505584502
2017-12-20 17:37:56 ; 28.4913043147; 28.3978256972; 28.2000007629; 28.0826090108; 28.0652176401; 28.3369559412; 27.9826086293; 27.8695647198; 27.767391039; 82.8934785594; 81.3413047791; 77.7456527378; 75.8195656486; 74.3695652174; 75.9217389977; 82.7304345836; 76.5413045469; 82.2326079659; 13.6505584502
2017-12-20 17:42:59 ; 28.3976743388; 28.3697671668; 28.1767448603; 28.0674421177; 28.0627909372; 28.3162786794; 27.9674417363; 27.7999995032; 27.7116283594; 83.6627910525; 82.0046509144; 78.4976737444; 76.5744192434; 75.106977241; 76.5093023611; 83.2209302326; 77.0162784665; 82.6348837919; 13.6505584502
2017-12-20 17:48:03 ; 28.2133332994; 28.1888890584; 28.0177778456; 27.888888465; 27.8844440036; 28.1244448344; 27.7866664886; 27.6822224935; 27.633333842; 87.46222229; 86.2844440036; 82.0777776082; 79.8755550808; 78.0955552843; 79.8422224257; 87.2466666328; 80.2777784559; 86.2555555556; 13.6505584502
2017-12-20 17:53:07 ; 28.4866666158; 28.3999996185; 28.2000007629; 28.0977781508; 28.0733336131; 28.3177770827; 27.9844443851; 27.8377771589; 27.7400001526; 82.8799997965; 81.2688890245; 77.6711113824; 75.7666670058; 74.3044443766; 75.855555386; 82.7044442071; 76.506666904; 82.1733332316; 13.6505584502
2017-12-20 17:58:11 ; 28.4255316308; 28.3851059447; 28.2000007629; 28.0702130338; 28.0510640246; 28.3021269048; 27.9617019816; 27.8021269048; 27.7000007629; 81.7446805264; 79.9276593797; 76.4851062856; 74.6425541005; 73.1872342698; 74.6425536135; 81.2957443887; 75.4702120842; 81.059574533; 13.6505584502
2017-12-20 18:03:18 ; 28.1955552843; 28.1888885922; 28.0177778456; 27.891111162; 27.8888889313; 28.1644442664; 27.8022221883; 27.651111518; 27.5866669973; 86.0644446479; 84.6955564711; 80.8999998305; 78.7044431898; 77.1111109416; 78.6777769301; 85.5888897366; 79.0911110772; 84.7688890245; 0 
2017-12-20 18:08:23 ; 28.2260867824; 28.1521744935; 28.013043528; 27.8913041405; 27.8521734735; 28.006521764; 27.7434781945; 27.6434788082; 27.5826090108; 86.3391304016; 85.2717391304; 80.9369568203; 78.7847825755; 77.1456526051; 79.1326088283; 86.2130435446; 79.3217393626; 85.3021746096; 0 
2017-12-20 18:13:37 ; 28.2734690296; 28.1551026325; 28.0959187332; 28.0; 27.8999996185; 27.9755101107; 27.8102033576; 27.7653058889; 27.6816333459; 83.7591840783; 82.5693870077; 78.3285712417; 76.1734695435; 74.8755100795; 77.1897962921; 83.2816325596; 76.8551025391; 82.5897956381; 0 
2017-12-20 18:18:42 ; 28.1404260676; 28.0234043446; 27.9787233231; 27.9063826216; 27.812765365; 27.8361695878; 27.7382980509; 27.6787240454; 27.5936173784; 83.1276582758; 81.8574481721; 77.5744669488; 75.4212774723; 74.2872353412; 76.702126361; 82.4574474578; 76.0829779442; 81.7255325317; 0 
2017-12-20 18:23:50 ; 28.0723407015; 27.9021272862; 27.9021272862; 27.8042545724; 27.7042560172; 27.7148941527; 27.6382983999; 27.6021280492; 27.5021276677; 82.8489362027; 81.5468077964; 77.2829789507; 75.1212750699; 74.038297288; 76.4340430726; 82.0638297872; 75.7468096145; 81.3340426506; 0 
2017-12-20 18:28:51 ; 28.0020408241; 27.8999996185; 27.8265299505; 27.7897953111; 27.6877558183; 27.7000007629; 27.6040820297; 27.6000003815; 27.5; 82.4877552889; 81.2510209375; 76.9367353478; 74.9938776444; 73.802042747; 76.1775484669; 81.7040813212; 75.4428580148; 80.9734696369; 0 
2017-12-20 18:33:58 ; 28.0163265929; 27.8999996185; 27.8510198399; 27.7959176667; 27.68367417; 27.7000007629; 27.610204502; 27.6000003815; 27.5020408241; 82.128570868; 80.8775508647; 76.6755095501; 74.64285652; 73.5244894222; 75.9163276517; 81.3367346939; 75.0979583117; 80.522448637; 0 
2017-12-20 18:38:59 ; 27.8511111365; 27.7644443936; 27.7444444021; 27.6955553691; 27.5777780745; 27.6044448429; 27.5600002289; 27.5511113061; 27.5; 87.3711113824; 86.5999991523; 82.2377782186; 79.8555557251; 78.4400002374; 81.0244439019; 86.7311109755; 79.644444614; 85.2866673787; 0 
2017-12-20 18:44:04 ; 28.1413043478; 27.9478260538; 27.9152173167; 27.8499999668; 27.7108694989; 27.7086956605; 27.6826087703; 27.7021739379; 27.647826485; 86.1369567539; 85.4739131098; 80.6565223362; 78.3260866248; 77.0630436773; 79.7847824097; 85.7804346499; 78.523913342; 84.3652171259; 0 
2017-12-20 18:49:11 ; 28.2304343348; 28.0739133254; 28.0673915614; 27.9717390641; 27.8673910058; 27.8739127284; 27.8108690925; 26.8826082064; 27.7086959507; 82.2152174245; 80.8673916692; 76.5934783272; 74.41304381; 73.5086958512; 75.9847828409; 81.2326086293; 74.5391303353; 80.1956520081; 4.47416825883
2017-12-20 18:54:15 ; 26.9048783372; 27.1195120928; 27.1341462484; 27.065853398; 26.9536584994; 26.98048787; 26.9439025042; 26.9707315957; 27.0780487061; 87.8268289333; 85.8634144853; 80.7999995162; 78.431707987; 77.1268288217; 79.7853657792; 85.5853654815; 77.8609758703; 82.1999995534; 0 
2017-12-20 18:59:22 ; 27.9367346082; 27.6693877395; 27.6061224256; 27.5510203692; 27.3959183596; 27.4265307212; 27.4714285403; 27.6306121982; 27.7653062003; 89.4693874437; 89.5734690452; 84.9204079764; 82.3326528121; 80.9163264061; 83.936734725; 89.8367346939; 81.7795916188; 87.2693878485; 0 
2017-12-20 19:04:28 ; 28.9854169687; 28.7416665951; 28.6604167223; 28.5854169925; 28.45208323; 28.5479168495; 28.6291668018; 28.7333331903; 28.7166665792; 85.7104167938; 85.393749396; 81.1250001589; 78.8312501907; 77.6979165077; 80.1583337784; 85.4520829519; 78.0166664124; 83.0666666031; 0 
2017-12-20 19:09:29 ; 28.708163242; 28.5673471957; 28.5020408241; 28.4244895079; 28.3142855508; 28.3755097292; 28.3816322015; 28.4489793972; 28.5; 88.799999782; 88.4979592148; 83.5632649636; 81.1653065584; 79.7653059667; 82.5673466897; 88.616326624; 80.8346935973; 86.6020403492; 0 
2017-12-20 19:14:36 ; 28.8612239604; 28.7000007629; 28.6591842807; 28.5877554368; 28.4857142312; 28.5081632964; 28.5040816482; 28.536734834; 28.481632583; 85.3612242718; 84.6469390246; 79.9959188967; 77.7632653373; 76.5836739054; 79.1551016983; 84.8959182428; 77.8183676272; 83.4448988; 0 
2017-12-20 19:19:43 ; 28.7000003068; 28.5543480334; 28.5304348987; 28.4499998093; 28.3608690345; 28.4239127532; 28.3847821692; 28.3565211918; 28.3152169352; 84.3369575169; 83.3608710248; 78.8391312309; 76.6434777301; 75.465217922; 78.0065219713; 83.6108685369; 76.9369574837; 82.5413037176; 0 
2017-12-20 19:24:47 ; 28.5195122696; 28.3658531468; 28.3487799109; 28.2878044408; 28.2000004373; 28.2487805064; 28.229268516; 28.1707322656; 28.1414639543; 84.0780475896; 83.0048781604; 78.5292678461; 76.326830422; 75.1170725008; 77.6317071682; 83.2170724636; 76.6439013597; 82.2414628936; 0 
2017-12-20 19:29:52 ; 28.3604161342; 28.2125005722; 28.1937506596; 28.1250004768; 28.0375001431; 28.0750002861; 28.0625002384; 28.0291667779; 27.985416611; 83.8708351453; 82.7729177475; 78.2875022888; 76.1166648865; 74.8916683197; 77.3833351135; 82.9291677475; 76.4250011444; 81.9625005722; 0 
2017-12-20 19:34:59 ; 28.222000351; 28.070000267; 28.0580002213; 27.9879999542; 27.9039996338; 27.9679998779; 27.9359997559; 27.8899995804; 27.8659994888; 83.8060014343; 82.6779983521; 78.2520010376; 76.0459991455; 74.8120021057; 77.3160003662; 82.8040013123; 76.3000015259; 81.822000885; 0 
2017-12-20 19:39:59 ; 28.1148940553; 27.9489359754; 27.9361699693; 27.8680846032; 27.8042547754; 27.8510632616; 27.8170205786; 27.7787230066; 27.7553190678; 83.5127657627; 82.3914910174; 78.0042552542; 75.797873639; 74.5829774572; 77.0361696609; 82.4723408476; 76.0106381355; 81.519148644; 0 
2017-12-20 19:45:05 ; 28.0; 27.8416660627; 27.8249993324; 27.7583332062; 27.6937507391; 27.7416667938; 27.7083339691; 27.683333993; 27.656250596; 83.6499978701; 82.5833320618; 78.1291646957; 75.9520840645; 74.708331426; 77.168747584; 82.5979151726; 76.1270813942; 81.689581871; 0 
2017-12-20 19:50:09 ; 27.908162915; 27.744898037; 27.7265309704; 27.6816333459; 27.5959187332; 27.646939336; 27.6224494467; 27.6020412056; 27.5775513162; 83.4224501629; 82.3163262192; 77.9081646666; 75.7408168559; 74.4836737185; 76.9204093777; 82.3510212801; 75.8979607407; 81.3897975999; 0 
2017-12-20 19:55:14 ; 27.8208326499; 27.656250596; 27.6354171832; 27.5937503576; 27.5020833413; 27.5625002384; 27.5625002384; 27.5062500238; 27.5; 83.2166652679; 82.09583203; 77.7145816485; 75.5291662216; 74.2937521935; 76.6999980609; 82.1270817121; 75.6645812988; 81.1333312988; 0 
2017-12-20 20:00:15 ; 27.7458333969; 27.6000003815; 27.5604168971; 27.5083333651; 27.4104163249; 27.4979166587; 27.4979166587; 27.4291663965; 27.4020829598; 83.2916690509; 82.1791655223; 77.7979189555; 75.6104149818; 74.3520854314; 76.7854178747; 82.2104159991; 75.7124978701; 81.1916661263; 0 
2017-12-20 20:05:21 ; 27.704167366; 27.5645835797; 27.5020833413; 27.4833332698; 27.3999996185; 27.4708332221; 27.4499998093; 27.4020829598; 27.3999996185; 83.2208337784; 82.1562492053; 77.7541670799; 75.5999991099; 74.3375002543; 76.7729167938; 82.1791666349; 75.7000001272; 81.1770838102; 0 
2017-12-20 20:10:25 ; 27.8062492609; 27.6062504053; 27.5687502623; 27.5333334605; 27.4291663965; 27.5083333651; 27.5229167541; 27.485416611; 27.4624998569; 82.8208340009; 81.741666158; 77.4729170799; 75.2937513987; 74.0645823479; 76.4645838737; 81.797917525; 75.3375016848; 80.7229162852; 0 
2017-12-20 20:15:31 ; 27.9059996414; 27.6920007324; 27.6720006561; 27.6220004654; 27.5360001373; 27.592000351; 27.6040003967; 27.5960003662; 27.5840003204; 82.4940000916; 81.4339994812; 77.2120001221; 75.0679989624; 73.8380004883; 76.1740003967; 81.4279997253; 75.0320001221; 80.3859997559; 0 
2017-12-20 20:20:37 ; 27.9979166587; 27.795832634; 27.7562499046; 27.7000007629; 27.6000003815; 27.6937507391; 27.6833340327; 27.685417374; 27.6583339373; 82.0624993642; 80.9604172707; 76.7666660945; 74.7041657766; 73.4687504768; 75.7916676203; 80.9604172707; 74.6916650136; 79.9979166985; 0 
2017-12-20 20:25:44 ; 28.0; 27.8020400612; 27.7999992371; 27.7020415481; 27.6510209843; 27.7000007629; 27.7000007629; 27.7000007629; 27.6918374665; 81.9102051404; 80.7367341956; 76.6040800445; 74.4959184296; 73.3040819752; 75.6163252227; 80.7571429817; 74.5408157037; 79.8714289763; 0 
2017-12-20 20:30:46 ; 28.0159091516; 27.8272720684; 27.7977265445; 27.7522726926; 27.6931825551; 27.7295457667; 27.7159095677; 27.7113641826; 27.7000007629; 81.6772705425; 80.5113639832; 76.3613655784; 74.2750023929; 73.263634595; 75.4522734555; 80.5090907704; 74.2704559673; 79.4113625613; 0
2017-12-20 20:35:51 ; 27.748936227; 27.6361702858; 27.6191489849; 27.5595744113; 27.4680849846; 27.5276595988; 27.5404255238; 27.5787233393; 27.6553192139; 89.7106384927; 89.368085496; 84.5893619619; 81.9936166317; 80.4148934547; 83.1851066427; 89.2170212117; 81.4595744356; 87.0851062207; 0 
2017-12-20 20:40:56 ; 28.4404253047; 28.2021277813; 28.144681403; 28.0914897107; 27.9787233231; 28.0255320123; 28.0808513723; 28.1425537353; 28.1531920737; 84.8531914569; 84.27659542; 79.6808510638; 77.3446807861; 76.1468083808; 78.704254962; 84.2212764659; 77.0553187918; 82.5234042229; 0 
2017-12-20 20:46:00 ; 28.4312497377; 28.2520833015; 28.2000007629; 28.1625006199; 28.0583335559; 28.1000003815; 28.1229171356; 28.1208337943; 28.0833336512; 83.0374999046; 81.9791665077; 77.6125001907; 75.4729172389; 74.3333331744; 76.745833238; 82.0645842552; 75.5208341281; 80.9229167302; 0 
2017-12-20 20:51:01 ; 28.2734691464; 28.146939336; 28.128571919; 28.0346940099; 27.9346936284; 27.9959183518; 27.9693876383; 27.9489793972; 27.9244895079; 82.5306119335; 81.344898146; 77.0265305188; 74.9530620964; 73.7816316254; 76.218366039; 81.5102040816; 75.1591826458; 80.5081631407; 0 
2017-12-20 20:56:06 ; 28.1479172309; 27.9916666349; 27.9729165634; 27.9145830075; 27.8333326976; 27.866666158; 27.8312493563; 27.7937494914; 27.7708330154; 82.3875017166; 81.1083319982; 76.831252416; 74.7750005722; 73.6208316485; 76.0291662216; 81.3145853678; 75.0124998093; 80.3895850182; 0 
2017-12-20 21:01:17 ; 28.0170213415; 27.8574462647; 27.8404249232; 27.7765953389; 27.6978728923; 27.7319151696; 27.704255936; 27.6765963778; 27.6595750768; 82.3425555939; 81.0851050844; 76.7808526222; 74.7446808511; 73.5680840675; 75.9361711867; 81.2361693687; 74.9638303391; 80.3510661024; 0 
2017-12-20 21:06:18 ; 27.9155552334; 27.7733329773; 27.7444445292; 27.7000007629; 27.6022226122; 27.6444449955; 27.6088893043; 27.6000003815; 27.5977781508; 82.3088894314; 81.071110026; 76.7933344523; 74.7755569458; 73.5377772013; 75.9488896688; 81.2333333333; 74.9355565389; 80.3000008477; 0 
2017-12-20 21:11:20 ; 27.9408161008; 27.7877545259; 27.7224494; 27.7000007629; 27.6000003815; 27.628571919; 27.6224494467; 27.6061228538; 27.5979595574; 81.971428696; 80.7632659601; 76.5204078519; 74.4918368593; 73.2918372641; 75.6448973052; 80.8632652127; 74.5938768971; 79.8897960429; 0 
2017-12-20 21:16:30 ; 27.9499999337; 27.7826081152; 27.7456521159; 27.6847833136; 27.5847829321; 27.6500005722; 27.6108699882; 27.6065221455; 27.6021743028; 83.5608684706; 82.4500002654; 78.2217385665; 76.1652161971; 74.9000000332; 77.269565914; 82.6130444071; 76.0391305011; 81.2804348158; 0 
2017-12-20 21:21:32 ; 27.9085107763; 27.7361702615; 27.7191490011; 27.6489362514; 27.5468086486; 27.5978725515; 27.6021278868; 27.6340426181; 27.6936171106; 87.6085107682; 87.1468083808; 82.1617022575; 79.7191486764; 78.2531911972; 81.0297874288; 87.0234042229; 79.4489359754; 85.1276594121; 0 
2017-12-20 21:26:35 ; 28.2000007629; 28.0; 27.986956472; 27.8999996185; 27.8086949639; 27.8717386412; 27.8782604052; 27.8978256972; 27.8978256972; 83.602173515; 82.6934786258; 78.2891309987; 75.9804347494; 74.8456522071; 77.3695648857; 82.7173914702; 75.9391310319; 81.3173917687; 0 
2017-12-20 21:31:43 ; 28.1428576878; 27.9979591759; 27.9693876383; 27.8979587944; 27.8020400612; 27.8448973675; 27.8142850058; 27.8081625335; 27.7979585297; 82.3163266863; 81.12653055; 76.8734689829; 74.775509737; 73.6183677206; 76.0346938153; 81.2285716777; 74.8755094567; 80.1897958249; 0 
2017-12-20 21:36:46 ; 28.013636459; 27.8613634543; 27.8545452465; 27.4749996879; 27.6863639138; 27.434090571; 27.7363634109; 27.7068182772; 27.6909096891; 85.0909085707; 84.1340912906; 79.8477271687; 77.3045456626; 76.3022719297; 77.9749996012; 84.3499995145; 77.618182269; 82.9499995492; 0 
2017-12-20 21:41:49 ; 28.0255320123; 27.8468084944; 27.8191488956; 27.7553191895; 27.6510640002; 27.6851064398; 27.6851064398; 27.6936170294; 27.7489361459; 86.9510637649; 86.3702123114; 81.4191491959; 79.0212762711; 77.6446810783; 80.4042556438; 86.3851061882; 78.9212764983; 84.5361704725; 0 
2017-12-20 21:46:54 ; 28.2250003815; 28.0895836751; 28.014583389; 27.985416611; 27.8729161819; 27.8999996185; 27.9020829598; 27.8999996185; 27.8979162772; 83.2749999364; 82.3250002861; 77.9145833651; 75.7187504768; 74.5687500636; 77.0749999682; 82.4124994278; 75.7291661898; 81.0812503497; 0 
2017-12-20 21:52:04 ; 28.1551026325; 27.9959183518; 27.9795917589; 27.8979587944; 27.8142850448; 27.8571423122; 27.834693247; 27.8183667319; 27.7979586465; 82.2551023522; 80.9959181182; 76.7816327153; 74.6693870389; 73.542856956; 75.9571428883; 81.1714284469; 74.8102044865; 80.1306110304; 0 
2017-12-20 21:57:12 ; 28.0851067076; 27.8999996185; 27.8999996185; 27.8063822401; 27.7255322882; 27.7829782202; 27.7191494069; 27.7042560172; 27.6978730952; 81.8765966537; 80.5489354235; 76.3978738988; 74.3106398887; 73.1723394191; 75.610636772; 80.7787228848; 74.4914894916; 79.8042561957; 0 
2017-12-20 22:02:16 ; 27.8295454545; 27.7204548229; 27.7045457146; 27.6522730047; 27.5545456626; 27.5795457146; 27.5954549096; 27.5818184939; 27.6386368925; 88.5659089522; 88.0386364677; 83.199999896; 80.8659088828; 79.2977270647; 82.0727275502; 88.061363567; 80.6090911518; 86.2068179737; 0 
2017-12-20 22:07:19 ; 28.1468090707; 27.9425529723; 27.9127656247; 27.8404251667; 27.7404253939; 27.7808508772; 27.7723401658; 27.8148933167; 27.8382974178; 84.9340424233; 84.1765953226; 79.5574470682; 77.242553224; 76.0021276271; 78.6468087054; 84.2148934222; 77.1702129283; 82.6276600615; 0 
2017-12-20 22:12:26 ; 28.1833340327; 28.0; 27.9937499762; 27.8999996185; 27.7999992371; 27.866666158; 27.8374993801; 27.8333326976; 27.8270826737; 82.6541668574; 81.4875000318; 77.2166668574; 75.0541656812; 73.9000000954; 76.3770834605; 81.6187496185; 75.1375001272; 80.4479163488; 0 
2017-12-20 22:17:27 ; 27.9272727966; 27.8340910565; 27.8068182685; 27.7340908484; 27.6545453072; 27.684090701; 27.6749999306; 27.6659089869; 27.6818185286; 86.9318185286; 86.2227271687; 81.6659098538; 79.4113637751; 77.9863628041; 80.6181812286; 86.3749996532; 79.188636433; 84.5931816101; 0 
2017-12-20 22:22:33 ; 28.0957450461; 27.9021274891; 27.8787232257; 27.8127658114; 27.7021277002; 27.7446808511; 27.7276595907; 27.7617020303; 27.8021274729; 85.4127658276; 84.6744680202; 79.9531918789; 77.6191489037; 76.3489362027; 79.0425530292; 84.7382979697; 77.5446809809; 82.9319146339; 0 
2017-12-20 22:27:37 ; 28.1088892195; 28.017777888; 27.9533331553; 27.9199999915; 27.8088886261; 27.8444442325; 27.8355553521; 27.8399998135; 27.8511107975; 85.1177778456; 84.2599997626; 80.1044448853; 77.7333340115; 76.5111114502; 79.0555555556; 84.5111112807; 77.5844443427; 82.8444442749; 0 
2017-12-20 22:32:44 ; 28.0644446479; 27.9066665226; 27.8777776082; 27.8133333418; 27.7111111111; 27.7377777523; 27.7288888719; 27.7577777439; 27.811110984; 86.411110772; 85.7511106703; 80.868888855; 78.4977776421; 77.1688891941; 79.8999998305; 85.7355556912; 78.3533337063; 83.7488891602; 0 
2017-12-20 22:37:52 ; 28.1697669362; 28.0255814929; 28.0139535416; 27.9255813332; 27.8348836233; 27.8813952956; 27.8441858957; 27.8581393929; 27.8744181256; 85.6744184272; 84.879069661; 80.5302328065; 78.3441861175; 76.9837211786; 79.5790696255; 85.1372095152; 78.0860460858; 83.437208841; 0 
2017-12-20 22:42:53 ; 28.1234045232; 27.9574466462; 27.9255316308; 27.85744663; 27.7595743626; 27.7914892562; 27.763829698; 27.7999998458; 27.8510632616; 86.1276594121; 85.4212764983; 80.5872343347; 78.2021278219; 76.921276336; 79.6617019329; 85.4446810459; 78.1276597368; 83.5042550919; 0 
2017-12-20 22:48:01 ; 28.1608692667; 28.03260882; 28.0239131347; 27.9347826087; 27.8326085132; 27.8521737223; 27.8369563559; 27.8413041986; 27.8565213991; 85.4434779623; 84.5978262528; 80.3021736145; 78.0217394621; 76.7413041488; 79.3304343846; 84.8695648857; 77.8826088283; 83.0999999668; 0 
2017-12-20 22:53:07 ; 28.0872343347; 27.9404253047; 27.9042549539; 27.8404254102; 27.7234042147; 27.7595744437; 27.7425531428; 27.7744680364; 27.8234040281; 86.2893615073; 85.5489359105; 80.7170212117; 78.3531914569; 77.0510636999; 79.8021274323; 85.6425531266; 78.2744681176; 83.6340424558; 0 
2017-12-20 22:58:10 ; 28.164999485; 28.0225000858; 28.0250000954; 27.9274999619; 27.8274998665; 27.8549998283; 27.8399998665; 27.8499998569; 27.8599996567; 85.5600000381; 84.7375; 80.6224994659; 78.0925006866; 76.9274995804; 79.6200000763; 85.1199996948; 78.0600008011; 83.3625001907; 0 
2017-12-20 23:03:18 ; 28.0765960369; 27.9127656247; 27.8978719508; 27.8170210656; 27.7191490417; 27.7468085593; 27.7191490011; 27.7510638136; 27.7723401658; 86.185106318; 85.4638293652; 80.6404258241; 78.242553224; 76.9617023874; 79.6936169888; 85.5212769204; 78.1808509015; 83.5680853661; 0 
2017-12-20 23:08:22 ; 28.1302330549; 28.0023255903; 27.9674417363; 27.9023254306; 26.8372089031; 27.8558136696; 27.8232555389; 27.8302323097; 27.8069764071; 84.8046511273; 83.8883718446; 79.5627909816; 77.3581395704; 75.8790699271; 78.7697674064; 84.3186047576; 77.4139533819; 82.5348831886; 0 
2017-12-20 23:13:31 ; 28.0346940099; 27.8653060368; 27.851020307; 27.7795918523; 27.6734696213; 27.6877552344; 27.6775511917; 27.6959184141; 27.7632653373; 86.781632871; 86.120407883; 81.2469392115; 78.8530611311; 77.5244897336; 80.3306121826; 86.2836736562; 78.8530611311; 84.2469387444; 0 
2017-12-20 23:18:32 ; 28.1609755725; 28.0341464717; 28.0024390337; 27.9341463229; 27.8219510055; 27.853658304; 27.8390241949; 27.8439022157; 27.860975219; 85.434146602; 84.7097556882; 80.4341462298; 78.2243903556; 76.8951216907; 79.5731703595; 84.9682926085; 78.0536584622; 83.2487798551; 0 
2017-12-20 23:23:36 ; 28.0708336035; 27.9124996662; 27.8916662534; 27.8062498569; 27.7104167938; 27.7312500079; 27.7270834446; 27.7416666746; 27.7749997775; 86.5500000318; 85.8604170481; 81.0; 78.6083332698; 77.3125001589; 80.066666762; 85.9291669528; 78.5437502861; 83.9312504133; 0 
2017-12-20 23:28:45 ; 28.1409096284; 27.9977272641; 27.9772726406; 27.9159089002; 27.8090905276; 27.8659087961; 27.820454164; 27.8386360515; 27.793181376; 84.5749997226; 83.5727275502; 79.3386362249; 77.1340911172; 75.9090914293; 78.5659094724; 83.9227268913; 77.1000000347; 82.2272730741; 0 
2017-12-20 23:33:53 ; 28.013043528; 27.8608692833; 27.8391302358; 27.776087056; 27.6478263192; 27.6782610935; 27.663043727; 27.686956613; 27.7478262031; 87.3282610023; 86.7260868238; 81.8021739462; 79.389130468; 78.0434782609; 80.8804346168; 86.8478264187; 79.3369565217; 84.8413042815; 0 
2017-12-20 23:39:09 ; 28.2225001812; 28.0850003242; 28.0250000954; 27.9849999428; 27.8524994373; 27.8924995899; 27.8799995422; 27.8899995804; 27.8824995518; 83.6774997711; 82.6250001907; 78.2424999237; 76.0600002289; 74.9975000381; 77.425; 82.907500267; 76.0750003815; 81.2200000763; 0 
2017-12-20 23:44:16 ; 27.9687498808; 27.8520827691; 27.8374994198; 27.7562501033; 27.6562504371; 27.6812503735; 27.6625004609; 27.6750003099; 27.7375001907; 88.2791665395; 87.75; 82.8750001589; 80.4020833969; 78.9541664124; 81.7895830472; 87.7083333333; 80.2083330154; 85.8437501589; 0 
2017-12-20 23:49:19 ; 28.1978730952; 28.0106383385; 28.0; 27.9170209601; 27.8255312494; 27.8744676062; 27.8404249232; 27.8531909293; 27.8319142524; 83.091489589; 81.9978730222; 77.6851066427; 75.4617017381; 74.3574467111; 76.9297873314; 82.229786812; 75.5638297872; 80.7702128634; 0 
2017-12-20 23:54:27 ; 27.9318179217; 27.8159089088; 27.8022725799; 27.7318184593; 27.6363639398; 27.6590912559; 27.6500003121; 27.6522730914; 27.7227276889; 88.809090701; 88.2659090216; 83.5750000694; 81.1272726926; 79.6090911518; 82.4409091256; 88.4113636017; 80.8250005895; 86.2659091949; 0 
2017-12-20 23:59:30 ; 28.1872347162; 28.0212766769; 27.9765956554; 27.9234039631; 27.7999996023; 27.838297499; 27.8234039063; 27.8553186782; 27.8702122709; 83.6340424558; 82.6957444536; 78.2425535486; 76.0085106708; 74.8702126361; 77.4936166317; 82.8957444861; 76.0446808186; 81.2787233718; 0 
