2017-12-21 00:04:33 ; 27.9441858336; 27.8465113085; 27.820929993; 27.7651165807; 27.6581397833; 27.6837212319; 27.6627910082; 27.6790700957; 27.7279074026; 88.9488365706; 88.476744186; 83.802325404; 81.3465118408; 79.7558141309; 82.7116276941; 88.6023256169; 80.9813952779; 86.5581398897; 0 
2017-12-21 00:09:39 ; 28.184445148; 28.022222307; 27.9755554623; 27.9155552334; 27.8066662682; 27.8355551402; 27.8177773794; 27.8511106279; 27.8599994659; 84.2222220527; 83.3733330621; 78.8333329942; 76.5800003052; 75.4200000339; 78.0644443088; 83.5311114841; 76.5911110772; 81.8911114163; 0 
2017-12-21 00:14:43 ; 28.0068182078; 27.9181815061; 27.8909086748; 27.8227275068; 27.7136363983; 27.7454546148; 27.7227272987; 27.7227273421; 27.7545456019; 87.6090911518; 86.9409094724; 82.2659086748; 79.9840909784; 78.6477276195; 81.3272725886; 87.2113635323; 79.8863636364; 85.288637508; 0 
2017-12-21 00:19:51 ; 28.1854168971; 28.0041666826; 27.9687498808; 27.9041663806; 27.7979164918; 27.8145831823; 27.7958331505; 27.8249998093; 27.8479162852; 84.5625001589; 83.7166670163; 79.1437497139; 76.8625001907; 75.7020835876; 78.3729163806; 83.9312502543; 76.8625001907; 82.120833079; 0 
2017-12-21 00:24:52 ; 28.0333331426; 27.9119044258; 27.8952376956; 27.8119049526; 27.7071429207; 27.7333334968; 27.7119049345; 27.7261906578; 27.7714287894; 88.0547616141; 87.4119050162; 82.7047618684; 80.3928571429; 78.9095239185; 81.6642853873; 87.5857137044; 80.1571426392; 85.5119047619; 0 
2017-12-21 00:29:59 ; 28.1608701789; 27.973912944; 27.9586954946; 27.8739125625; 27.758695478; 27.7804344426; 27.7652171591; 27.782608281; 27.7934775974; 84.0521742779; 83.084782476; 78.6152172918; 76.3304345504; 75.1913042483; 77.8434783272; 83.3239129108; 76.4086955527; 81.6043478924; 0 
2017-12-21 00:34:59 ; 27.9463412587; 27.8219512381; 27.8219511451; 27.729268609; 27.6439025228; 27.678048948; 27.6609757586; 27.6609757586; 27.7121954662; 88.2390237203; 87.6560975982; 83.0975611617; 80.5658539563; 79.1073174826; 81.9463413518; 87.8902439024; 80.358536697; 85.7414636379; 0 
2017-12-21 00:40:17 ; 28.2148937063; 28.0234043446; 27.9765956554; 27.9127656653; 27.7893614668; 27.8212763604; 27.8063827677; 27.842552875; 27.8638293084; 84.0021279518; 83.0276591524; 78.5936175407; 76.3617024523; 75.2276598342; 77.8446804615; 83.3127660548; 76.3425533214; 81.4510644142; 0
2017-12-21 00:45:13 ; 27.977777693; 27.8622216966; 27.8466660817; 27.7577778286; 27.6577782101; 27.6755559285; 27.6622227139; 27.7000002119; 27.7733330197; 88.5533335368; 88.0222222222; 83.3088890923; 80.8355555216; 79.3599999322; 82.1999998305; 88.0511111789; 80.5111111111; 85.9311109755; 0 
2017-12-21 00:50:15 ; 28.1720936797; 28.0418606248; 27.9953488195; 27.930232292; 27.8069760966; 27.8558134478; 27.83720877; 27.8604646727; 27.8697669451; 84.4046510208; 83.3767444699; 79.0046516241; 76.9000004613; 75.7581391445; 78.2651159597; 83.7418603232; 76.7813954908; 81.8279074735; 0 
2017-12-21 00:55:21 ; 27.9895832936; 27.8520829678; 27.8354162772; 27.7687501113; 27.6479170322; 27.6687502861; 27.6520836751; 27.6854168971; 27.7437500954; 87.7500001589; 87.1645835241; 82.3312501907; 79.8875001272; 78.4916669528; 81.3708329201; 87.2604166667; 79.754166921; 85.2020832698; 0 
2017-12-21 01:00:25 ; 28.1404762722; 28.0142857688; 27.9571426937; 27.899999891; 27.778571038; 27.8238093058; 27.7999997366; 27.8309521902; 27.8499997003; 85.5452381316; 84.7380952381; 80.4880952381; 78.2214288257; 76.9000002543; 79.6904761905; 85.1119045076; 78.0595238095; 83.2619053069; 0 
2017-12-21 01:05:26 ; 28.0630437188; 27.9065213825; 27.8891300118; 27.8086954614; 27.6956523398; 27.7043479007; 27.6934784599; 27.7326087537; 27.7760868487; 86.4760871555; 85.7695652506; 80.9391307002; 78.5521734486; 77.2717392963; 80.0652173913; 85.9326083971; 78.4478255562; 83.8347829736; 0 
2017-12-21 01:10:31 ; 28.0860463076; 27.9837208681; 27.9348834725; 27.8697674773; 27.7558137317; 27.8023254927; 27.7883719511; 27.793023176; 27.8186044915; 86.7744184982; 86.1162792472; 81.6395352386; 79.3232560269; 77.9465115569; 80.6813954198; 86.3627903073; 79.1139537013; 84.3930234687; 0 
2017-12-21 01:15:42 ; 28.116666913; 27.9458331267; 27.9145830075; 27.8395831982; 27.7249999841; 27.7520833015; 27.7208333015; 27.7687499126; 27.8062497377; 85.6541666985; 84.8604164124; 80.1229171753; 77.7749999364; 76.5499998728; 79.3208332062; 85.0312498411; 77.7541664441; 83.0354166031; 0 
2017-12-21 01:20:43 ; 28.0274999619; 27.9324997425; 27.8999996185; 27.8275002003; 27.7200000763; 27.7475000858; 27.7400000572; 27.7425001621; 27.7875000477; 87.807500267; 87.2700004578; 82.6150007248; 80.3550004959; 78.8674999237; 81.6300001144; 87.5549995422; 80.0875; 85.492499733; 0 
2017-12-21 01:25:45 ; 28.1782611764; 28.006521764; 27.9652172586; 27.9043475027; 27.7695650432; 27.80869542; 27.7760867243; 27.8239127449; 27.8369560242; 84.3891301362; 83.5173917024; 78.9586959507; 76.7086959507; 75.5369564554; 78.2369565549; 83.7608693994; 76.7239132757; 81.9565224026; 0 
2017-12-21 01:30:50 ; 27.9749998613; 27.8749995232; 27.8613631075; 27.777272918; 27.6704548055; 27.6886366931; 27.6704548489; 27.6840912646; 27.7431820956; 88.7522721724; 88.1704543721; 83.4340905276; 81.0999996879; 79.6136360168; 82.4249999306; 88.4772727273; 80.8386360515; 86.2568184246; 0 
2017-12-21 01:35:54 ; 28.1809529804; 28.030952499; 27.9809523083; 27.9190473102; 27.802380471; 27.8333329246; 27.8095233554; 27.8380947113; 27.8476184663; 84.1999998547; 83.1904756455; 78.7476192656; 76.4880954197; 75.399999891; 78.0238097055; 83.649999891; 76.5309528169; 81.5738096691; 0 
2017-12-21 01:41:03 ; 27.9819999313; 27.8639994812; 27.8419994736; 27.7640000916; 27.6460004044; 27.6740003586; 27.6600003815; 27.6860002136; 27.7480000687; 87.846000061; 87.2759999084; 82.5360002136; 80.0799995422; 78.6900001526; 81.57; 87.3180000305; 79.8780000305; 85.276000061; 0 
2017-12-21 01:46:08 ; 28.0571429389; 27.9404759634; 27.9119044258; 27.8238095783; 27.7190474556; 27.7547618321; 27.7214284624; 27.7714286078; 27.8166665123; 87.0357141041; 86.4714288257; 81.9857139587; 79.4476191203; 78.3047621591; 81.0404768444; 86.7238097418; 79.3690479824; 84.6309525626; 0 
2017-12-21 01:51:23 ; 28.1511631899; 27.9813952779; 27.9488370141; 27.8813950738; 27.7674417274; 27.7906975857; 27.7581394107; 27.811627765; 27.8441856296; 84.6441865078; 83.8255812179; 79.3604649389; 77.0418607135; 75.8488375642; 78.5720926329; 84.1325580686; 76.9465115569; 82.0000003549; 0
2017-12-21 01:56:12 ; 28.006521764; 27.8826082478; 27.8608690345; 27.7782608115; 27.6760874209; 27.7173916361; 27.6804351392; 27.7152176733; 27.7826082395; 88.3260872882; 87.7978256889; 83.0739130766; 80.541304381; 79.1347827082; 82.015217325; 87.8130435114; 80.3086952541; 85.6608697642; 0 
2017-12-21 02:01:19 ; 28.0720932096; 27.9558137849; 27.9255811115; 27.8418604385; 27.7279067372; 27.7581394107; 27.7302323275; 27.7651161815; 27.8046510386; 87.0093025385; 86.3000002129; 81.8069770281; 79.4976742767; 78.1651160662; 80.9255812889; 86.5325579976; 79.2093023256; 84.3093022191; 0 
2017-12-21 02:06:23 ; 28.1444447411; 27.9844443851; 27.9466664632; 27.8777774811; 27.7466665056; 27.7777776506; 27.7533332401; 27.8088887109; 27.8377773285; 85.2666670058; 84.4111106025; 79.813333469; 77.6066665649; 76.3199996948; 79.0488886515; 84.724444241; 77.4266671075; 82.4311109755; 0 
2017-12-21 02:11:29 ; 28.1408168637; 28.0040816482; 27.9653059901; 27.4591832453; 27.7816321704; 27.8122441817; 27.7673466741; 27.8122441817; 27.8061217094; 84.4897963855; 83.5285709926; 78.9551021031; 75.5530610766; 75.5428572674; 78.2224491664; 83.6734690764; 76.7142855586; 81.7244897959; 0 
2017-12-21 02:16:35 ; 28.185417374; 28.0270834366; 28.0; 27.9083329837; 27.8124992847; 27.8687494993; 27.8062492609; 27.8124992847; 27.7937493722; 80.7458333969; 79.3270835876; 75.3187500636; 73.2708334923; 72.3249994914; 74.7812501589; 79.7562503815; 73.5062500636; 78.2937501272; 0 
2017-12-21 02:21:36 ; 28.0875003338; 27.9187496901; 27.9041663011; 27.8208326499; 27.7250003815; 27.7583332062; 27.7145838737; 27.7062506676; 27.6979174217; 79.352083683; 77.710416317; 73.9249997139; 71.9520832698; 71.0520833333; 73.3583335876; 78.2354165713; 72.2729167938; 77.0458331108; 0 
2017-12-21 02:26:43 ; 28.0220000839; 27.8979996109; 27.8359993744; 27.7979992676; 27.6840007019; 27.7000007629; 27.6960007477; 27.678000679; 27.6300004959; 79.4579998779; 77.8780000305; 74.0460005188; 72.1060002136; 71.1879998779; 73.456000061; 78.3819992065; 72.3740002441; 77.0259997559; 0 
2017-12-21 02:31:46 ; 28.0957450461; 27.8999996185; 27.8957442831; 27.7999992371; 27.7000007629; 27.7127665256; 27.7085112714; 27.70212839; 27.6978730952; 77.8574467111; 76.119149066; 72.6042555139; 70.7042556113; 69.8553189217; 72.0106379732; 76.7446811757; 70.9914891669; 75.591489589; 0 
2017-12-21 02:36:51 ; 28.0170213415; 27.8680846032; 27.8191482463; 27.7702124575; 27.6702134153; 27.7000007629; 27.6978730952; 27.6914900922; 27.6510644061; 78.0957445185; 76.3744680526; 72.7659576091; 70.9191487089; 70.0319148936; 72.1723403931; 76.9000000649; 71.1595747927; 75.7212772775; 0 
2017-12-21 02:41:59 ; 28.0632655475; 27.8999996185; 27.8551014881; 27.7959176667; 27.6857149942; 27.7000007629; 27.7000007629; 27.7000007629; 27.6775516977; 77.4489799032; 75.7265307368; 72.2224480765; 70.4265312662; 69.5632643408; 71.6387737041; 76.3469389312; 70.6448969938; 75.2081625802; 0 
2017-12-21 02:47:06 ; 28.0755104921; 27.8999996185; 27.8857138497; 27.7999992371; 27.7000007629; 27.7000007629; 27.7000007629; 27.7000007629; 27.6979599388; 76.9469391181; 75.1469380904; 71.7571420475; 69.9306129923; 69.116326624; 71.144897928; 75.7816322482; 70.1897961364; 74.6714290697; 0 
2017-12-21 02:52:12 ; 28.0212766769; 27.8999996185; 27.8085099078; 27.7765953389; 27.6829794214; 27.7000007629; 27.7000007629; 27.6957454276; 27.6276600615; 76.3723401009; 74.5553194411; 71.1829783663; 69.4468083483; 68.6468085431; 70.6446810783; 75.1702130906; 69.7234044176; 74.1127656977; 0 
2017-12-21 02:57:20 ; 28.0446810215; 27.8978719508; 27.8063822401; 27.7723400846; 27.6829794214; 27.7000007629; 27.7000007629; 27.6978730952; 27.6063833845; 75.3531909699; 73.427659542; 70.2255322071; 68.5531916517; 67.789361832; 69.7276598342; 74.1148933248; 68.842553159; 73.1085107682; 0 
2017-12-21 03:02:27 ; 28.0875003338; 27.8999996185; 27.8541661104; 27.7999992371; 27.7000007629; 27.7000007629; 27.7000007629; 27.7000007629; 27.6541672548; 74.5145840645; 72.4812499682; 69.4416664441; 67.8541665077; 67.1083332698; 68.9791674614; 73.2687498728; 68.1229165395; 72.3208328883; 0 
2017-12-21 03:07:28 ; 28.0714288439; 27.8999996185; 27.8224483023; 27.7999992371; 27.7000007629; 27.7020415481; 27.7000007629; 27.7000007629; 27.6061228538; 74.0489793116; 71.9897959184; 69.0102039259; 67.4163268732; 66.7040811655; 68.5122443997; 72.736734507; 67.7081635144; 71.789796946; 0 
2017-12-21 03:12:32 ; 28.0739133254; 27.8999996185; 27.8239123718; 27.7999992371; 27.6934789989; 27.7000007629; 27.7000007629; 27.7000007629; 27.6086960668; 73.4478257221; 71.3456515437; 68.5369571188; 66.9021735813; 66.2195648525; 67.9804345836; 72.152173913; 67.2021734818; 71.2369565549; 0 
2017-12-21 03:17:39 ; 28.03260882; 27.8999996185; 27.8043470797; 27.7782604383; 27.6891311563; 27.7000007629; 27.7000007629; 27.7000007629; 27.6021743028; 73.0130429475; 70.8913045137; 68.1021725198; 66.5695639901; 65.9065221704; 67.6521720886; 71.7326094586; 66.8652176235; 70.8869569198; 0 
2017-12-21 03:22:40 ; 28.013043528; 27.8695647198; 27.8021731584; 27.7521738799; 27.6782615496; 27.7000007629; 27.6913050776; 27.6782615496; 27.6000003815; 73.2326082976; 71.1434788911; 68.3086949224; 66.8065220377; 66.119564554; 67.8608698638; 71.9739126123; 67.043478095; 71.0717393626; 0 
2017-12-21 03:27:46 ; 28.0166667302; 27.8312493563; 27.7999992371; 27.7229170799; 27.6416672071; 27.7000007629; 27.6395838658; 27.6375005245; 27.6000003815; 73.3854169846; 71.2833326658; 68.508333683; 66.8770834605; 66.2291668256; 68.0250000954; 72.1145833333; 67.1624997457; 71.21875; 0 
2017-12-21 03:32:49 ; 28.0770836274; 27.8999996185; 27.8520827691; 27.7979159355; 27.6916673978; 27.7000007629; 27.7000007629; 27.7000007629; 27.6000003815; 72.3562491735; 70.191666921; 67.5416666667; 66.0062502225; 65.3645825386; 67.0833336512; 71.0916674932; 66.3083327611; 70.2354164124; 0 
2017-12-21 03:37:56 ; 28.0297873477; 27.8765952739; 27.8127652432; 27.759574322; 27.6808517537; 27.7000007629; 27.6893624245; 27.6595750768; 27.6000003815; 71.755318662; 69.5553186295; 66.9553195061; 65.4851066102; 64.8765966537; 66.5255315253; 70.4765957771; 65.8340428129; 69.7234032814; 0 
2017-12-21 03:43:01 ; 28.0354168018; 27.8604161342; 27.8020825783; 27.75; 27.6791673501; 27.7000007629; 27.670833985; 27.6500005722; 27.6000003815; 71.3499995867; 69.1520827611; 66.5895827611; 65.135415554; 64.5791657766; 66.21875; 70.0833326976; 65.4979166985; 69.3687496185; 0 
2017-12-21 03:48:02 ; 28.0395834843; 27.8937495947; 27.8166659673; 27.7624998093; 27.6770840089; 27.7000007629; 27.6937507391; 27.6666673024; 27.6000003815; 70.9750003815; 68.7458333969; 66.2750004133; 64.8375015259; 64.266667525; 65.872918129; 69.7083325386; 65.1687485377; 69.022916317; 0 
2017-12-21 03:53:07 ; 28.0; 27.8083326022; 27.7999992371; 27.7104172707; 27.6625006199; 27.7000007629; 27.6437505484; 27.6062504053; 27.6000003815; 70.8354190191; 68.6041650772; 66.1562477748; 64.7166654269; 64.1666649183; 65.7812517484; 69.545832634; 65.0479159355; 68.9437508583; 0 
2017-12-21 03:58:10 ; 28.0510640246; 27.8851059447; 27.8127652432; 27.7765953389; 27.6851070891; 27.7000007629; 27.6978730952; 27.678724086; 27.6000003815; 70.5234038982; 68.3276605809; 65.8595759615; 64.4872342373; 63.9425532564; 65.4893618645; 69.2574466137; 64.7723400035; 68.5808498301; 0 
2017-12-21 04:03:18 ; 28.0104167064; 27.8895829121; 27.7999992371; 27.7645831108; 27.6791673501; 27.7000007629; 27.6937507391; 27.6437505484; 27.6000003815; 70.4770835241; 68.2666664124; 65.8187502225; 64.4437506994; 63.9104164441; 65.4583339691; 69.2312501272; 64.7500001589; 68.6187496185; 0 
2017-12-21 04:08:22 ; 28.0122449447; 27.889795498; 27.7999992371; 27.7489796074; 27.68367417; 27.7000007629; 27.7000007629; 27.6428576878; 27.6000003815; 70.3877555691; 68.2326530924; 65.7857149085; 64.3795925841; 63.8755103131; 65.4102051404; 69.1693878174; 64.7020402247; 68.5387749185; 0 
2017-12-21 04:13:24 ; 28.0458335082; 27.8999996185; 27.8020825783; 27.7937493324; 27.685417374; 27.7000007629; 27.7000007629; 27.6875007153; 27.6000003815; 70.1104152997; 67.931251049; 65.5187497139; 64.149998188; 63.6249991258; 65.177081267; 68.858335336; 64.454167366; 68.2833347321; 0 
2017-12-21 04:18:28 ; 28.0208334128; 27.8916662534; 27.7999992371; 27.7604165077; 27.685417374; 27.7000007629; 27.7000007629; 27.6625006199; 27.6000003815; 70.0333328247; 67.8875017166; 65.4687504768; 64.0895819664; 63.5916656653; 65.1229147911; 68.7937515577; 64.3937516212; 68.2124977112; 0 
2017-12-21 04:23:52 ; 28.0571430751; 27.8999996185; 27.8265299505; 27.7897953111; 27.6897966424; 27.7000007629; 27.7000007629; 27.68367417; 27.6020412056; 70.0040815704; 67.8204101251; 65.4408172296; 64.0428564111; 63.569386852; 65.0734682667; 68.7551015737; 64.3693895924; 68.1224472669; 0 
2017-12-21 04:28:58 ; 28.0; 27.8142850058; 27.7999992371; 27.7061231185; 27.665306753; 27.7000007629; 27.6428576878; 27.6122453261; 27.6000003815; 69.9265317333; 67.6530595118; 65.330614051; 63.891836906; 63.4224498515; 64.9816329333; 68.6530593561; 64.275511294; 68.1061208297; 0 
2017-12-21 04:33:59 ; 28.018367417; 27.8510198399; 27.7999992371; 27.7346941111; 27.6795925218; 27.7000007629; 27.6795925218; 27.6489801601; 27.6000003815; 69.7857147528; 67.5999987855; 65.2551023522; 63.8775515654; 63.3224495868; 64.8979602736; 68.569386852; 64.2102036768; 68.0244894222; 0 
2017-12-21 04:39:08 ; 28.0100000381; 27.8479994202; 27.8019992447; 27.7340002441; 27.6660006332; 27.7000007629; 27.6760006714; 27.6420005417; 27.6000003815; 69.4140011597; 67.1919996643; 64.9060011292; 63.6699998474; 63.0119999695; 64.6019987488; 68.1719995117; 63.8680001068; 67.6219984436; 0 
2017-12-21 04:44:10 ; 28.0; 27.8042545724; 27.7999992371; 27.7063836443; 27.6085110522; 27.7000007629; 27.617021723; 27.6085110522; 27.5957450461; 69.2170200754; 66.980851356; 64.7297866497; 63.4702131393; 62.8212767256; 64.4106393368; 67.9553198307; 63.6936172323; 67.461702712; 0 
2017-12-21 04:49:13 ; 28.0; 27.8041659196; 27.7999992371; 27.7020840645; 27.6312505007; 27.7000007629; 27.6500005722; 27.6208337943; 27.6000003815; 69.181248347; 66.9479174614; 64.7062490781; 63.4562504292; 62.8250002861; 64.3937514623; 67.9645840327; 63.6479162375; 67.4375009537; 0 
2017-12-21 04:54:18 ; 28.02765968; 27.8893612801; 27.8021269048; 27.7319151696; 27.6808517537; 27.7000007629; 27.6978730952; 27.6531920737; 27.6000003815; 69.3446828964; 67.2148926106; 64.8957462717; 63.6765956473; 62.9978722917; 64.5659564404; 68.1744663969; 63.8255319798; 67.6340405079; 0 
2017-12-21 04:59:25 ; 28.0872343753; 27.8999996185; 27.8297865847; 27.7936163557; 27.678724086; 27.7000007629; 27.7000007629; 27.6978730952; 27.6000003815; 69.2680855609; 67.10425454; 64.8063838228; 63.6063824917; 62.9234047748; 64.4638303391; 68.0659569274; 63.7787236153; 67.5021276271; 0 
2017-12-21 05:04:29 ; 28.0208334128; 27.8770828644; 27.8062492609; 27.75; 27.6791673501; 27.7000007629; 27.6791673501; 27.6500005722; 27.6000003815; 69.1708308856; 66.9854168892; 64.6895815531; 63.4750003815; 62.8291669687; 64.3479186694; 67.9166679382; 63.6562496821; 67.3979180654; 0 
2017-12-21 05:09:32 ; 28.0; 27.8021269048; 27.7999992371; 27.70212839; 27.6085110522; 27.7000007629; 27.6255323938; 27.6042557169; 27.5957450461; 69.3893629034; 67.2106384927; 64.9723408476; 63.7361697745; 63.036169742; 64.6446797797; 68.1999997078; 63.9170214876; 67.7765960693; 0 
2017-12-21 05:14:38 ; 28.0020408241; 27.8367340711; 27.8020400612; 27.7163270444; 27.6530618084; 27.7000007629; 27.6571434566; 27.6244902708; 27.5979595574; 69.4122459256; 67.293878205; 65.0163262815; 63.7755098927; 63.0959181494; 64.6816319057; 68.2571431374; 63.910204284; 67.7673464405; 0 
2017-12-21 05:19:42 ; 28.0446810215; 27.8978719508; 27.8234035817; 27.7765953389; 27.6829794214; 27.7000007629; 27.7000007629; 27.672341083; 27.6021280492; 69.3063844721; 67.2170194261; 64.9085120343; 63.7127657951; 62.9914894916; 64.5425525422; 68.1510618494; 63.8063826865; 67.6446786434; 0 
2017-12-21 05:24:47 ; 28.0595746953; 27.8999996185; 27.8191482463; 27.7872334744; 27.6851070891; 27.7000007629; 27.7000007629; 27.6957454276; 27.6021280492; 69.0255320123; 66.8808510963; 64.5999994481; 63.3936171836; 62.7361702615; 64.2468083158; 67.7936172485; 63.5212769204; 67.2723396788; 0 
2017-12-21 05:29:53 ; 28.0102041206; 27.871428081; 27.8020400612; 27.7285717555; 27.68367417; 27.7000007629; 27.6979599388; 27.6367352155; 27.5979595574; 68.8530631552; 66.6959169349; 64.4632658666; 63.2306120736; 62.6285711794; 64.153058889; 67.6530598232; 63.3775518768; 67.1795892521; 0 
2017-12-21 05:34:53 ; 28.0106383385; 27.8872336124; 27.8021269048; 27.7553190678; 27.6851070891; 27.7000007629; 27.6914900922; 27.6531920737; 27.6000003815; 68.5425527045; 66.4212776346; 64.1999997078; 62.9872342373; 62.3744684585; 63.8851063505; 67.3765969784; 63.1382973854; 66.8744698382; 0 
2017-12-21 05:39:56 ; 28.0040816482; 27.8877546739; 27.8020400612; 27.7428572518; 27.6755108736; 27.7000007629; 27.7000007629; 27.6591842807; 27.6000003815; 68.3244910727; 66.1673453195; 63.9510206884; 62.7816329489; 62.1816322949; 63.6693875838; 67.1204069488; 62.9387757438; 66.6244885192; 0 
2017-12-21 05:45:00 ; 28.0; 27.8755097292; 27.7999992371; 27.7204086148; 27.6755108736; 27.7000007629; 27.6897966424; 27.6204086226; 27.5979595574; 68.0632644965; 65.9000009031; 63.7204082255; 62.5428571117; 61.9836735628; 63.4755103442; 66.8612259845; 62.7204079141; 66.3918382294; 0 
2017-12-21 05:50:08 ; 28.0; 27.8224483023; 27.7999992371; 27.7142862592; 27.6530618084; 27.7000007629; 27.6448985119; 27.6000003815; 27.6000003815; 67.7857149085; 65.6040806673; 63.5244896558; 62.3448985353; 61.7714282445; 63.248979841; 66.5959172152; 62.4979592148; 66.1714268898; 0 
2017-12-21 05:55:09 ; 28.0; 27.8229159911; 27.8020825783; 27.7145838737; 27.656250596; 27.7000007629; 27.6541672548; 27.6125004292; 27.6000003815; 67.649998347; 65.5083332062; 63.4437506199; 62.2770834764; 61.6999997298; 63.1562495232; 66.4958333969; 62.4166673024; 66.0583326022; 0 
2017-12-21 06:00:20 ; 28.0; 27.7999992371; 27.7999992371; 27.7061231185; 27.6244902708; 27.7000007629; 27.6163269744; 27.6142861503; 27.5979595574; 68.0877543858; 65.9040818506; 63.7897963232; 62.6061223088; 62.0040814147; 63.534693971; 66.9061221687; 62.7693876928; 66.4938774887; 0 
2017-12-21 06:05:21 ; 28.0173913707; 27.8717386412; 27.8043470797; 27.7413044805; 27.6673919429; 27.7000007629; 27.6739137069; 27.6152178308; 27.6000003815; 68.1847819453; 66.0521731169; 63.8630437436; 62.7391302689; 62.1152167942; 63.6000002985; 67.0347822438; 62.8391305675; 66.5891295723; 13.6505584502
2017-12-21 06:10:26 ; 28.1000003815; 27.9638296493; 27.8936166155; 27.7957439828; 27.7000007224; 27.8425527532; 27.7042560172; 27.6702134153; 27.5978727138; 67.7978716911; 65.4808516807; 63.6808509015; 62.5191487251; 61.8574467111; 63.0170212604; 66.6872331335; 62.6808510638; 66.3893633903; 13.6505584502
2017-12-21 06:15:27 ; 28.1833340327; 28.0958336989; 27.9062496424; 27.8041659196; 27.7895827293; 28.0020833413; 27.7666664124; 27.6729173263; 27.5979170402; 67.5166667302; 65.0145832698; 63.3666666349; 62.3145834605; 61.5312497616; 62.34166646; 66.3729173342; 62.6020828883; 66.2729175886; 13.6505584502
2017-12-21 06:20:31 ; 28.1940007401; 28.1000003815; 27.9639998627; 27.8079992676; 27.7999992371; 28.0940003586; 27.7999992371; 27.662000618; 27.5980003738; 66.9600003052; 64.3299995422; 62.8840002441; 61.8440000153; 61.0100003052; 61.7419998932; 65.8520001221; 62.2440000916; 65.8560009766; 13.6505584502
2017-12-21 06:25:37 ; 28.1729173263; 28.1000003815; 27.8999996185; 27.7999992371; 27.7999992371; 28.0479168495; 27.7291669846; 27.6020837228; 27.5104167064; 66.8958346049; 64.2479157448; 62.8270834287; 61.839583238; 60.9708337784; 61.6291660468; 65.8062497775; 62.2541664441; 65.8541658719; 13.6505584502
2017-12-21 06:30:40 ; 28.1959191147; 28.1020412056; 27.926530332; 27.8040808853; 27.81632583; 28.0836737886; 27.7693874593; 27.6081636779; 27.5653063716; 66.865306465; 64.2489795296; 62.8612248168; 61.8632653684; 60.9836735628; 61.640816202; 65.8571430128; 62.2714287894; 65.9204090663; 13.6505584502
2017-12-21 06:35:49 ; 28.2000007629; 28.1808517537; 27.9914893292; 27.8297865847; 27.8744676062; 28.1000003815; 27.7999992371; 27.6510644061; 27.6000003815; 66.5489354235; 64.023403817; 62.6148931625; 61.5957444374; 60.7510639759; 61.3404258566; 65.5617011862; 62.0319144066; 65.5914879657; 14.579699642
2017-12-21 06:40:48 ; 28.2000007629; 28.1977785322; 27.9955555386; 27.8266660055; 27.866666158; 28.1000003815; 27.7999992371; 27.6755562252; 27.5977781508; 66.4533340454; 63.8911114163; 62.5133331299; 61.4977777269; 60.6399993896; 61.2177778456; 65.4022237142; 61.9111121284; 65.4911112467; 14.579699642
2017-12-21 06:45:54 ; 28.2000007629; 28.1520839135; 27.9729165634; 27.8083326022; 27.8541661104; 28.1000003815; 27.7979159355; 27.6166671117; 27.552083532; 66.2812506358; 63.6187491417; 62.277083238; 61.2958332698; 60.4479171435; 61.0499994755; 65.2895855904; 61.7416671117; 65.2979172071; 14.579699642
2017-12-21 06:50:59 ; 28.2000007629; 28.1145837704; 27.9541664918; 27.8062492609; 27.8354160388; 28.0958336989; 27.7854161263; 27.6145837704; 27.5125000477; 66.1791652044; 63.5249996185; 62.1895836194; 61.2354168097; 60.356250604; 60.9604170322; 65.2145833969; 61.6583329837; 65.2083311081; 14.579699642
2017-12-21 06:56:03 ; 28.2000007629; 28.1959191147; 27.9979591759; 27.8224483023; 27.8693872569; 28.1000003815; 27.7999992371; 27.6306127431; 27.5938779091; 65.9265317333; 63.3448982239; 62.0346936596; 61.0755098304; 60.2061220286; 60.7755104376; 64.9734697926; 61.4959184296; 65.0448974298; 14.579699642
2017-12-21 07:01:08 ; 28.2000007629; 28.1340430645; 27.9851063262; 27.8063822401; 27.8510632616; 28.1000003815; 27.79787161; 27.6127663876; 27.5489363569; 65.8617042379; 63.2276598342; 61.9531922036; 60.9957447458; 60.1468081373; 60.6893618969; 64.8468106858; 61.4340433973; 64.9744684747; 14.579699642
2017-12-21 07:06:12 ; 28.2000007629; 28.1617027445; 27.9936169969; 27.8106375755; 27.855318597; 28.1000003815; 27.79787161; 27.6063833845; 27.55531936; 65.7319141144; 63.1531909374; 61.8617026958; 60.9042560496; 60.0829779442; 60.6127652107; 64.7893631306; 61.338297986; 64.8531930802; 14.579699642
2017-12-21 07:11:18 ; 28.2000007629; 28.2000007629; 27.9958333174; 27.8562494516; 27.8541661104; 28.1000003815; 27.7999992371; 27.6500005722; 27.6000003815; 65.5854153633; 62.9812503656; 61.6874999205; 60.7916664282; 59.9666670958; 60.4750003815; 64.5645826658; 61.1979169846; 64.7020812035; 15.5062178143
2017-12-21 07:16:21 ; 28.2000007629; 28.1897966424; 27.9959183518; 27.8244891264; 27.853060664; 28.1000003815; 27.7999992371; 27.6224494467; 27.5510206028; 65.4795921481; 62.8591842651; 61.5714277151; 60.646938324; 59.8448985353; 60.3469391648; 64.467347437; 61.0857134449; 64.5571419852; 14.579699642
2017-12-21 07:21:27 ; 28.2000007629; 28.1958340804; 27.9937499762; 27.8124992847; 27.8583327929; 28.1000003815; 27.795832634; 27.6145837704; 27.5375001431; 65.6208318075; 63.0500005086; 61.754166921; 60.8312503497; 60.0; 60.5104165077; 64.6854165395; 61.2520832221; 64.777083079; 18.5320616217
2017-12-21 07:26:27 ; 27.826530729; 27.8673470556; 27.6938776678; 27.5673467675; 27.5857141845; 27.8408164978; 27.5408162487; 27.3897956926; 27.3306122215; 60.0102041595; 57.3224488862; 56.3163266863; 55.8428571273; 54.7469385887; 55.3285712417; 58.4428570027; 56.1224489796; 58.8163266085; 15.9822759261
2017-12-21 07:31:30 ; 27.6979166667; 27.7583333254; 27.5541664759; 27.4125001828; 27.3729167779; 27.6270831426; 27.3395833969; 27.2791667382; 27.2645834684; 64.3687498569; 61.4437499046; 60.1458332539; 59.5458333492; 58.5270833969; 59.0104168256; 62.6104168097; 58.9374999205; 61.814583381; 16.4304326721
2017-12-21 07:36:36 ; 28.0520833731; 28.0208334525; 27.7895833254; 27.6541666587; 27.566666762; 27.7833333015; 27.5250001351; 27.6500000159; 27.7354166508; 88.0562499364; 86.8020830154; 82.7999997139; 80.5291663806; 78.9312500954; 80.5166665713; 87.4520831108; 79.5958333015; 84.8770834605; 17.2050402647
2017-12-21 07:41:39 ; 29.3022217221; 29.2111110687; 28.9311111026; 28.7888885922; 28.6777778625; 28.9377778371; 28.7555553012; 28.9266666836; 28.9555556403; 87.9888888889; 87.3266662598; 83.3844440036; 81.0200005425; 79.6022223579; 81.2844440036; 88.03777771; 79.8799997965; 85.2511110094; 14.3737807906
2017-12-21 07:46:47 ; 29.4687498808; 29.4499998093; 29.2125002543; 29.0604168971; 28.9645831982; 29.2395834923; 29.0270834366; 29.0958336989; 29.1104170879; 86.7479159037; 85.7145833969; 81.7833333015; 79.625; 78.1562503179; 79.8062499364; 86.6583334605; 79.0083340009; 83.7333331108; 18.142609647
2017-12-21 07:51:49 ; 29.2957448351; 29.3170213091; 29.091489589; 28.9574466462; 28.8765952739; 29.1553193356; 28.8765952739; 28.8234043527; 28.8085107195; 86.355319084; 85.0574462566; 81.1170216013; 79.0085105084; 77.5468087704; 79.1638297223; 86.0872333608; 78.8659577065; 83.9340425857; 17.2050402647
2017-12-21 07:56:55 ; 29.0333333413; 29.0708334843; 28.8624994755; 28.7395836512; 28.6687501669; 28.9374997616; 28.6541668574; 28.5604168971; 28.5458335082; 86.3770831426; 84.9812498093; 80.9708329837; 78.8395838737; 77.3354167938; 79.0437501272; 86.0729165077; 79.0583338737; 84.2562497457; 16.2646141679
2017-12-21 08:02:00 ; 28.8333330552; 28.8687494993; 28.6708336274; 28.552083532; 28.5229167541; 28.7520836194; 28.4458331267; 28.343749404; 28.329166015; 86.3062497775; 84.9312499364; 80.8916670481; 78.7104167938; 77.1458331744; 78.8458333015; 85.9270830154; 79.0208331744; 84.3083337148; 17.2050402647
2017-12-21 08:07:02 ; 28.710638655; 28.7489365111; 28.5425533538; 28.4021272862; 28.3957442831; 28.6276600615; 28.3255313305; 28.2148939092; 28.1914896864; 86.4595744356; 85.1106385576; 81.1127658601; 78.8957444861; 77.348935878; 79.0148940391; 86.1446807537; 79.1744680202; 84.5808514534; 14.3737807906
2017-12-21 08:12:06 ; 28.6040816794; 28.591837085; 28.4040812668; 28.2877550709; 28.2693879653; 28.5408164822; 28.1979592771; 28.1040820297; 28.1040820297; 86.4040818506; 85.0816331202; 81.077550927; 78.8857141612; 77.3081632342; 78.9877554446; 86.0673471568; 79.128571958; 84.6755107957; 14.579699642
2017-12-21 08:17:16 ; 28.5833336512; 28.5770836274; 28.3770828644; 28.2520830631; 28.2374998728; 28.5062500238; 28.1708339453; 28.0729169448; 28.0687502623; 85.9312502543; 84.691666921; 80.8416670163; 78.6145830154; 77.0437501272; 78.7437502543; 85.7083330154; 78.8499999046; 84.4979166985; 14.579699642
2017-12-21 08:22:14 ; 28.5770836274; 28.552083532; 28.3458327452; 28.2291668653; 28.1979171832; 28.4749999046; 28.1520839135; 28.0562502146; 28.0041666826; 83.4374998411; 81.9645835559; 78.3375000954; 76.241666317; 74.7333334287; 76.3833328883; 83.0916665395; 76.6666666667; 82.0958336194; 14.579699642
2017-12-21 08:27:18 ; 28.3979587944; 28.3857138497; 28.2285716777; 28.0775512384; 28.0714288439; 28.3632647845; 28.0244898893; 27.9122445632; 27.9204078596; 86.8816322794; 85.6714282912; 81.6285713352; 79.4061223244; 77.6816328399; 79.4122448357; 86.5755102975; 79.6795920547; 85.4469388067; 14.579699642
2017-12-21 08:32:21 ; 28.4979591759; 28.4510202213; 28.255101963; 28.1183677985; 28.1061228538; 28.389795498; 28.0714288439; 27.9673468142; 27.9469385731; 82.679591899; 81.1326524384; 77.6224494467; 75.5673474682; 74.08775532; 75.6653060913; 82.2816327153; 76.0428572674; 81.4428577034; 14.579699642
2017-12-21 08:37:32 ; 28.3145833413; 28.3166666031; 28.1312505007; 28.0104167064; 28.0166667302; 28.2895832062; 27.9583331744; 27.8229165872; 27.8062498172; 85.2104164759; 83.816666921; 80.0020831426; 77.8729162216; 76.2416675886; 77.808333238; 84.7916661898; 78.1770833333; 83.7895830472; 14.579699642
2017-12-21 08:42:32 ; 28.3624997934; 28.2833332618; 28.1083337466; 27.9791665872; 27.9624998569; 28.2229166826; 27.9041663011; 27.8166664839; 27.8229163885; 83.6291662852; 82.2249999046; 78.5750001272; 76.4354170163; 74.8666667938; 76.4916666349; 83.25; 76.8020834923; 82.2104167938; 14.579699642
2017-12-21 08:47:37 ; 28.3195653998; 28.2869566627; 28.1000003815; 27.9847825506; 27.9652172586; 28.2500000415; 27.9260866746; 27.8282605461; 27.8434776638; 86.210869333; 84.9543480251; 80.9999996683; 78.7891303353; 77.1173910058; 78.7130437105; 85.7782609359; 78.960869333; 84.5978262528; 15.5062178143
2017-12-21 08:52:40 ; 28.433333079; 28.3399995592; 28.1666673024; 28.0355556912; 28.0088889228; 28.2955551995; 27.9733332316; 27.888888465; 27.8866662343; 82.8733332316; 81.4; 77.8888882107; 75.7933332655; 74.2399993896; 75.8244445801; 82.3911109077; 76.0644446479; 81.4088890923; 15.5062178143
2017-12-21 08:57:47 ; 28.3270831903; 28.3124997616; 28.1479172309; 28.0020833413; 28.0062500238; 28.2812496424; 27.9583331744; 27.8458330234; 27.8416662614; 84.2812495232; 82.8854171435; 79.2166665395; 77.0979166031; 75.5187497139; 76.9416662852; 83.7312502861; 77.3124995232; 82.9041673342; 14.579699642
2017-12-21 09:02:55 ; 28.3416665395; 28.2624999682; 28.0916670163; 27.9562498331; 27.9458331267; 28.2187500397; 27.9166663488; 27.8229165077; 27.8374997775; 85.3479166031; 84.1625000636; 80.2833333015; 78.0374999046; 76.3437503179; 77.9979165395; 84.9708329837; 78.2250000636; 83.9625004133; 14.579699642
2017-12-21 09:08:00 ; 28.4574466462; 28.3936166155; 28.2000007629; 28.0808513723; 28.0851067076; 28.3808506093; 28.061702363; 27.9468083077; 27.9319146339; 82.0042552542; 80.374468215; 76.9936169563; 74.9978728599; 73.4893613775; 74.9638300145; 81.3978727625; 75.3148938443; 80.7021273349; 14.3737807906
2017-12-21 09:13:02 ; 28.3255312494; 28.2659572033; 28.1148940553; 27.9914893292; 27.97234032; 28.2638295762; 27.9340423016; 27.79999944; 27.7702124575; 81.2446802018; 79.3978724378; 76.1638297223; 74.1978714314; 72.7085105409; 74.1404248501; 80.4893617021; 74.7085095669; 79.9787234043; 15.3209934849
2017-12-21 09:18:10 ; 28.175000151; 28.1562505166; 27.9687498808; 27.8624994755; 27.8729161819; 28.133333842; 27.8229160309; 27.6979169051; 27.7291669846; 87.3062499364; 86.1812500954; 82.0604168574; 79.7312496503; 77.8770833015; 79.5499998728; 86.7833336194; 79.8812502225; 85.7791668574; 15.3209934849
2017-12-21 09:23:13 ; 28.4088885413; 28.3599994659; 28.184445148; 28.0133333842; 28.0200000763; 28.3088882022; 27.9955555386; 27.9022218492; 27.8999996185; 81.8488889906; 80.2533326891; 76.9200002035; 74.8555557251; 73.4111109416; 74.8177778456; 81.2311109755; 75.1111112807; 80.4111114502; 15.3209934849
2017-12-21 09:28:16 ; 28.2702128634; 28.2340427967; 28.0489363569; 27.9340423016; 27.9234039631; 28.1914897269; 27.8851059447; 27.7893615073; 27.8297865847; 86.9617019004; 85.8872339776; 81.8234043527; 79.5446809809; 77.7531913595; 79.3723402632; 86.553191327; 79.6063833034; 85.3148938443; 15.3209934849
2017-12-21 09:33:19 ; 28.4374998411; 28.3666662772; 28.1812506914; 28.066666921; 28.0687502623; 28.3541661501; 28.0479168495; 27.9645831982; 27.9749999046; 84.4187491735; 83.0333336194; 79.3729165395; 77.2166665395; 75.6124998728; 77.1124997139; 83.8395835559; 77.3125001589; 82.6583340963; 16.2646141679
2017-12-21 09:38:26 ; 28.4191487495; 28.3510635457; 28.1744685477; 28.061702363; 28.0404256861; 28.3234039469; 28.0170213415; 27.9319146339; 27.9553189785; 84.0234042229; 82.6574470033; 78.9702127335; 76.829787234; 75.1893617346; 76.7723401658; 83.4680852687; 76.9723401983; 82.3085108006; 15.3209934849
2017-12-21 09:43:31 ; 28.39999966; 28.3869560905; 28.200000058; 28.0869568535; 28.0760872468; 28.3739125625; 28.0543480334; 27.9413041239; 27.9521737306; 85.734782675; 84.460869333; 80.5521736145; 78.358695818; 76.6869561569; 78.1739130435; 85.1478258216; 78.4347824428; 83.9391303684; 15.3209934849
2017-12-21 09:48:35 ; 28.4826086293; 28.4195649106; 28.2260872385; 28.1000003815; 28.0978264601; 28.3782604052; 28.0673915614; 27.9717390226; 27.973912944; 82.2999997346; 80.7326082976; 77.2869564554; 75.2369567208; 73.7413046464; 75.1956521739; 81.723912944; 75.5543478261; 80.7217388982; 19.0776116945
2017-12-21 09:53:39 ; 28.358695279; 28.3326080986; 28.1543484149; 28.0304348987; 28.0347827414; 28.3282602144; 28.0239131347; 27.9282605959; 27.9369562812; 86.8956521076; 85.7673913707; 81.723912944; 79.4326087288; 77.6347825424; 79.2608693994; 86.3543480583; 79.443478294; 85.143477896; 15.3209934849
2017-12-21 09:58:42 ; 28.4687499603; 28.447916468; 28.2499999205; 28.1354171832; 28.1354171832; 28.4208330313; 28.0937503576; 27.985416611; 27.9874999523; 83.808333079; 82.4041666985; 78.8291662534; 76.71875; 75.1374996503; 76.5937504768; 83.3083333969; 76.8812503815; 82.1875001589; 14.3737807906
2017-12-21 10:03:46 ; 28.3958330949; 28.3249997298; 28.1583339373; 28.0500001907; 28.0395834843; 28.3312494755; 28.0041666826; 27.9062496424; 27.9499998093; 84.9250000318; 83.5708332062; 79.7666667302; 77.5708335241; 75.8770834605; 77.5000004768; 84.3895835876; 77.7354167302; 83.1479169528; 14.3737807906
2017-12-21 10:08:50 ; 28.3913039746; 28.3760866082; 28.1869566544; 28.0630437188; 28.0543480334; 28.3434778711; 28.0391305841; 27.9260866746; 27.9521737306; 85.8369565217; 84.5543476602; 80.6543476271; 78.4717388982; 76.769565914; 78.3478259211; 85.2956524725; 78.5869563559; 84.0500000663; 16.2646141679
2017-12-21 10:13:57 ; 28.4829786585; 28.4127656247; 28.2297875425; 28.0957450461; 28.0978727138; 28.3744676062; 28.0680853661; 27.9744679877; 27.9872339939; 82.3638295924; 80.814893682; 77.3957448107; 75.3106384277; 73.8340423259; 75.3340429752; 81.7787235341; 75.5787235017; 80.7978723404; 15.0188836076
2017-12-21 10:19:04 ; 28.3458331426; 28.3062496583; 28.1479172309; 28.0270834366; 28.0187500715; 28.3104161024; 27.9874999523; 27.8895829121; 27.9312497377; 86.5687503815; 85.3770833015; 81.4166663488; 79.1104160945; 77.3729166985; 78.9791665077; 86.0062500636; 79.1750003497; 84.7458333969; 15.3209934849
2017-12-21 10:24:09 ; 28.4291665157; 28.383332928; 28.1916671991; 28.0770836274; 28.0708336035; 28.3708328803; 28.0687502623; 27.9583331744; 27.9729165634; 84.7062497139; 83.3187500636; 79.6270833015; 77.4833335876; 75.8770836194; 77.3624997139; 84.2125000954; 77.6750000318; 83.0604162216; 14.3737807906
2017-12-21 10:29:16 ; 28.4478258879; 28.3760865253; 28.1934787501; 28.0717394041; 28.0652176401; 28.3521733906; 28.0282609774; 27.9413041239; 27.9652172586; 83.3956519417; 81.9478258879; 78.3717392631; 76.2260869897; 74.6391311314; 76.2152170928; 82.8413047791; 76.4717388982; 81.669564952; 18.142609647
2017-12-21 10:34:14 ; 28.3499996766; 28.3282604218; 28.1500004478; 28.0369566627; 28.019565292; 28.3282602144; 28.0217392134; 27.9217388319; 27.9282605959; 86.621739429; 85.3499999668; 81.3869560905; 79.1108698638; 77.3413044473; 78.9152171923; 85.9543478593; 79.0782606705; 84.2586956853; 16.2646141679
2017-12-21 10:39:22 ; 28.4152172337; 28.3717386412; 28.1782615081; 28.0717394041; 27.1521741618; 28.3652169186; 28.0608697974; 27.96739118; 27.9630433373; 84.9456516763; 83.5521741121; 79.8391307333; 77.6608695984; 75.7869563725; 77.5065216396; 84.3434778296; 77.7717391304; 83.1913042483; 16.2646141679
2017-12-21 10:44:23 ; 28.4622220781; 28.3955551571; 28.211111323; 28.0866669973; 28.0844447666; 28.3666662004; 28.0555557675; 27.9688887702; 27.9733332316; 83.4177776761; 81.9555557251; 78.3799997965; 76.2444442749; 74.6666664971; 76.1866667006; 82.8044445462; 76.4400000678; 81.7711113824; 16.2646141679
2017-12-21 10:49:28 ; 28.3812495867; 28.3624994755; 28.18958354; 28.0625002384; 28.0625002384; 28.3583327929; 28.0375001431; 27.9416664441; 27.9437497854; 86.3625000318; 85.1249996821; 81.1854163806; 78.9791666667; 77.2645831108; 78.8625005086; 85.8833328883; 79.0499998728; 84.5708330472; 14.3737807906
2017-12-21 10:54:33 ; 28.5234043446; 28.4595743139; 28.259574322; 28.1595750768; 28.1361707322; 28.4276592985; 28.1042557169; 28.0170213415; 28.0148936738; 83.0574465813; 81.5382980996; 78.065957739; 76.0021277894; 74.4787235666; 75.9319149585; 82.5021279518; 76.2000001948; 81.3531914569; 14.3737807906
2017-12-21 10:59:37 ; 28.3879995728; 28.3419993973; 28.1700006485; 28.0420001602; 28.0400001526; 28.3319993973; 28.0200000763; 27.9319997406; 27.9519998169; 85.4239997864; 84.1080000305; 80.2719998169; 78.0320001221; 76.3119999695; 77.9259997559; 84.8139997864; 78.1480001831; 83.546000061; 15.3209934849
2017-12-21 11:04:39 ; 28.3804345338; 28.373912604; 28.1847827331; 28.0673915614; 28.0608697974; 28.3456516266; 28.0347827414; 27.9282605959; 27.9478258879; 85.8804347826; 84.5826089279; 80.6978253904; 78.5282607701; 76.806521706; 78.33695619; 85.2978263523; 78.5586950883; 84.0434782609; 16.2646141679
2017-12-21 11:09:47 ; 28.4791665872; 28.3999996185; 28.2125005325; 28.0937503576; 28.0895836751; 28.3729161819; 28.0604168971; 27.9687498808; 27.9770832459; 82.429166317; 80.8187499046; 77.4208335876; 75.3375000954; 73.8104170163; 75.3208332062; 81.8062496185; 75.6791669528; 80.8270835876; 18.8484840044
2017-12-21 11:14:52 ; 28.3521735979; 28.3195647364; 28.1500005722; 28.03260882; 28.019565292; 28.3065212499; 27.9782607866; 27.8782604052; 27.9260866746; 86.4478258879; 85.1869569861; 81.2130435446; 78.9543478593; 77.1956521739; 78.8347828077; 85.9021740789; 79.0869565217; 84.6173911717; 16.2646141679
2017-12-21 11:19:57 ; 28.4404253452; 28.4148932924; 28.2255319636; 28.1106387199; 28.0936173784; 28.382978277; 28.0744683692; 27.9744679877; 27.9829786585; 84.6957442913; 83.3340423259; 79.6957442913; 77.5319153806; 75.8936170213; 77.368085009; 84.1872344321; 77.6127660224; 82.9425532564; 15.3209934849
2017-12-21 11:25:02 ; 28.4531913108; 28.3957442831; 28.2106385738; 28.089362043; 28.0851067076; 28.3638292678; 28.0659576984; 27.97234032; 27.9914893292; 83.4489363001; 81.9617020627; 78.4255317526; 76.2914894591; 74.7085105409; 76.2361703426; 82.8404256942; 76.4489363001; 81.7553193113; 15.3209934849
2017-12-21 11:30:05 ; 28.3916663329; 28.3854162296; 28.202083389; 28.0833336512; 28.0791669687; 28.3770828644; 28.066666921; 27.9708332221; 27.9791665872; 86.1604170799; 84.8625001907; 80.9979165395; 78.7604168256; 77.0666661263; 78.6000006994; 85.5437502861; 78.785416762; 84.2979168892; 15.3209934849
2017-12-21 11:35:09 ; 28.5021739213; 28.4499998093; 28.2521738799; 28.1369570442; 28.1217395948; 28.3978256972; 28.0826090108; 27.986956472; 28.006521764; 82.2826088615; 80.7043476934; 77.3108696316; 75.25; 73.7369568866; 75.2217393958; 81.6826092264; 75.526087056; 80.7239136074; 19.0776116945
2017-12-21 11:40:12 ; 28.3276592417; 28.3191484086; 28.1489366572; 28.0212766769; 28.0106383385; 28.3042547754; 27.9787233231; 27.8765952739; 27.9255316308; 86.8127657302; 85.6510639596; 81.6425531266; 79.3914890695; 77.6085107682; 79.2361703426; 86.30212727; 79.4702127335; 85.0297872665; 15.3209934849
2017-12-21 11:45:23 ; 28.4755101107; 28.3938771462; 28.2000007629; 28.0938779091; 28.0938779091; 28.389795498; 28.0714288439; 27.963265166; 27.9836734071; 82.7346940333; 81.0795918679; 77.6571435734; 75.6081634833; 74.102040972; 75.5448980526; 82.0877548529; 75.8693880354; 81.1000001868; 15.3209934849
2017-12-21 11:50:26 ; 28.323404231; 28.274468077; 28.1234047261; 27.9851063262; 27.9744679877; 28.2638297385; 27.9404253047; 27.8468079263; 27.8914889478; 85.7255315578; 84.4063826216; 80.5765957122; 78.2893615073; 76.546808608; 78.1680853012; 85.1042553516; 78.4212764983; 84.0234042229; 15.3209934849
2017-12-21 11:55:26 ; 28.439130327; 28.3804343265; 28.1847833136; 28.0782611681; 28.0826090108; 28.3804343265; 28.0782611681; 27.973912944; 27.9760868653; 84.0260867243; 82.5130436109; 78.9913046464; 76.9043481246; 75.2956523066; 76.7369567208; 83.4565215733; 77.0673906078; 82.4500004312; 16.9413947703
2017-12-21 12:00:33 ; 28.4108692667; 28.3304344675; 28.1652180216; 28.0478262694; 28.026087056; 28.3217387821; 28.006521764; 27.9086953039; 27.9434780453; 84.376086857; 82.9673913043; 79.3021744438; 77.1260870229; 75.4413042483; 77.0173913707; 83.7804344841; 77.2978256889; 82.7891305011; 16.2646141679
2017-12-21 12:05:39 ; 28.3854167461; 28.3687499364; 28.1875003974; 28.0750002861; 28.0708336035; 28.349999706; 28.0395834843; 27.9354164203; 27.9583331744; 85.1249996821; 83.7374997139; 80.0229164759; 77.8166672389; 76.1958333651; 77.6395829519; 84.4854162534; 77.9479171435; 83.4312504133; 15.3209934849
2017-12-21 12:10:43 ; 28.433333079; 28.3520828883; 28.1729173263; 28.0562502146; 28.052083532; 28.3374995391; 28.0250000954; 27.9291663965; 27.9541664918; 82.8604165713; 81.2958331108; 77.847916762; 75.7520829837; 74.1895836194; 75.7041664124; 82.2187496821; 75.9958333969; 81.1270831426; 17.2050402647
2017-12-21 12:16:00 ; 28.3255317769; 28.2957443887; 28.144681403; 28.0255320123; 28.0063830031; 28.2914890533; 27.9914893292; 27.882978277; 27.9276592985; 86.6510637973; 85.3978722755; 81.4851062856; 79.2106380057; 77.4829796324; 78.9957445835; 86.0191488063; 79.244681338; 84.7872333932; 15.9822759261
2017-12-21 12:21:06 ; 28.4583332936; 28.4229163726; 28.2291669051; 28.1250004768; 28.104167064; 28.3895829121; 28.0833336512; 27.985416611; 27.9937499762; 83.9125000636; 82.5000001589; 78.9666668574; 76.8541668256; 75.3062502543; 76.7000001272; 83.34375; 76.9937499364; 82.2791663806; 17.8966730353
2017-12-21 12:26:12 ; 28.3999997919; 28.3522722071; 28.1659095504; 28.0431819829; 28.0454547188; 28.3340903195; 28.0136364157; 27.9249997139; 27.961363489; 84.9295454892; 83.5454547188; 79.8045454892; 77.5931821303; 75.9113636017; 77.5159093683; 84.3045456626; 77.7340906317; 83.1613636017; 16.9413947703
2017-12-21 12:31:19 ; 28.4199998644; 28.4199996948; 28.2311109331; 28.1244449192; 28.1066670736; 28.4044440799; 28.0755558438; 27.9688887702; 28.0022222307; 84.9711101956; 83.5666668362; 79.8733328925; 77.6866667006; 76.0288887872; 77.5177776761; 84.3266669379; 77.7866667006; 83.2444444444; 17.8966730353
2017-12-21 12:36:22 ; 28.47234032; 28.4127656247; 28.2234044582; 28.1106387199; 28.1000003815; 28.3893612801; 28.0659576984; 27.9680849846; 28.0021276677; 83.2510638947; 81.7276593472; 78.2212764659; 76.1000000974; 74.5212769204; 76.0361703102; 82.6021275622; 76.3170214714; 81.6106383953; 16.5904232145
2017-12-21 12:41:23 ; 28.3816322794; 28.3632647845; 28.1877552733; 28.0673471957; 28.0653063716; 28.3653056086; 28.0591838992; 27.9489793972; 27.9591835178; 86.7020408475; 85.4183673469; 81.4979593705; 79.2265305811; 77.4693879108; 79.0081634521; 86.0367346005; 79.2612239293; 84.8489801835; 16.5904232145
2017-12-21 12:46:32 ; 28.5020408241; 28.4510202213; 28.255101963; 28.1448985119; 28.1224494467; 28.4020404426; 28.091837085; 27.9877550553; 27.9979591759; 82.2959180559; 80.6489796541; 77.3020405672; 75.2367348184; 73.7306124629; 75.1551016983; 81.58775532; 75.5040817261; 80.6612237424; 17.8966730353
2017-12-21 12:51:33 ; 28.3714281977; 28.3428565434; 28.1693884013; 28.0428573063; 28.0469389546; 28.3387748952; 28.0285715376; 27.9326528043; 27.9530610454; 86.7734695746; 85.5836732825; 81.616326624; 79.2877553823; 77.520408319; 79.112244898; 86.1897959806; 79.3530609754; 85.0877548529; 16.2646141679
2017-12-21 12:56:42 ; 28.5812503099; 28.4979166587; 28.2979159355; 28.1979174217; 28.1937507391; 28.485416611; 28.1750006676; 28.0750002861; 28.0875003338; 81.8020831744; 80.1020833651; 76.8374997775; 74.8145834605; 73.3666667938; 74.7333327929; 81.0999999046; 75.1541662216; 80.3333334923; 18.8484840044
2017-12-21 13:01:46 ; 28.371428081; 28.3469381916; 28.181633307; 28.0510206028; 28.0489797787; 28.3448973675; 28.0346940099; 27.926530332; 27.9489793972; 86.8734692943; 85.65918358; 81.6979591214; 79.3775510204; 77.5755101418; 79.191836143; 86.2367346627; 79.4469388067; 85.2612243964; 16.2646141679
2017-12-21 13:06:49 ; 28.5; 28.4645831982; 28.2666664124; 28.1520839135; 28.1541672548; 28.4104163249; 28.1000003815; 28.0; 28.0; 81.8229166667; 80.1270831426; 76.8208335241; 74.8062500954; 73.3020831744; 74.7145833969; 81.0770829519; 75.1583333015; 80.5062499046; 17.2050402647
2017-12-21 13:11:52 ; 28.3208335241; 28.2937501272; 28.1500004927; 28.0125000477; 28.0250000954; 28.295833389; 27.9895832936; 27.8729161819; 27.881249547; 86.2895832062; 84.9187499682; 81.058333238; 78.8145833015; 77.0770840645; 78.5958325068; 85.6437503497; 79.035416921; 84.7291665077; 15.9822759261
2017-12-21 13:16:57 ; 28.4062496424; 28.3520827691; 28.1729173263; 28.0479168495; 28.0458335082; 28.3312494357; 28.0; 27.8833328883; 27.9166663488; 83.0770832698; 81.5229167938; 78.0291666985; 75.9229164124; 74.3291662534; 75.8520835241; 82.4020835559; 76.2208336194; 81.6333333651; 15.9822759261
2017-12-21 13:22:02 ; 28.3673912546; 28.3478258382; 28.1652180216; 28.0521741121; 28.0521741121; 28.349999718; 28.0173913707; 27.8673909643; 27.8782604052; 84.0847833053; 82.5239125127; 78.9804347494; 76.8391305675; 75.2347825092; 76.6608692667; 83.3869565881; 77.1043475607; 82.5282612676; 16.2646141679
2017-12-21 13:27:07 ; 28.3521737223; 28.2847825755; 28.1130439095; 27.9891303933; 27.9760868653; 28.2652174079; 27.9434780453; 27.830434426; 27.8760864838; 84.5108692335; 83.0565220377; 79.3847825424; 77.1934784599; 75.4999995024; 77.0869563559; 83.8565217723; 77.4086958844; 82.943478294; 16.2646141679
2017-12-21 13:32:15 ; 28.4249999921; 28.3624997139; 28.1812506914; 28.0729169448; 28.0729169448; 28.3687496185; 28.0625002384; 27.9583331744; 27.9604165157; 83.8854163488; 82.3270832698; 78.8208333651; 76.6874996821; 75.125; 76.5208334923; 83.1229170163; 76.847916762; 82.3041666349; 17.2050402647
2017-12-21 13:37:17 ; 28.3795916888; 28.3122446878; 28.1510209843; 28.0204082411; 28.018367417; 28.2979590358; 27.981632583; 27.8918363221; 27.9183670355; 84.5857143791; 83.1959181805; 79.5; 77.2959183673; 75.6326525941; 77.1918367658; 83.9489797475; 77.4857145037; 83.0448980526; 16.2646141679
2017-12-21 13:42:21 ; 28.0510638217; 28.1425531671; 27.9617023468; 27.8382980266; 27.8489362838; 28.1319147881; 27.8212766444; 27.7127657951; 27.7595744032; 82.3765958421; 80.2148937469; 76.9191488712; 74.8617024523; 73.512765925; 74.7297874613; 81.0531911647; 74.8382979048; 79.4893620268; 16.9413947703
2017-12-21 13:47:26 ; 28.3127659331; 28.191489524; 27.9851064479; 27.8787233474; 27.8382978236; 28.0808510476; 27.8212765227; 27.8404254102; 27.9340425451; 87.157446841; 86.2744674683; 82.3404250449; 79.9978725352; 78.2787232095; 80.0255316876; 87.1085102812; 79.7829784637; 85.1212768555; 16.2646141679
2017-12-21 13:52:32 ; 29.0750002861; 28.9354164203; 28.7000002464; 28.604167064; 28.5458335082; 28.8333330949; 28.5958336989; 28.5750002861; 28.5625002384; 81.9875005086; 80.5937496821; 77.3500000636; 75.299999555; 73.852083683; 75.2875000636; 81.5395833651; 75.2479165395; 80.3854169846; 16.2646141679
2017-12-21 13:57:34 ; 28.9148936576; 28.8872338559; 28.6829790968; 28.5829790399; 28.5638300307; 28.861701803; 28.5680853661; 28.4553190191; 28.421276336; 83.651063148; 82.1085106058; 78.6234048072; 76.5978724703; 75.0446808186; 76.3595741759; 82.9510634402; 76.738298619; 82.1340409948; 15.3209934849
2017-12-21 14:02:41 ; 28.5217392134; 28.5304348987; 28.3456515851; 28.2456522817; 28.2565218055; 28.5456523481; 28.1978263026; 28.0630437188; 28.0500001907; 85.5; 83.9282609691; 80.0739127449; 77.9021742448; 76.1456521076; 77.7260873214; 84.6326084966; 78.2391304348; 83.9021737472; 15.3209934849
2017-12-21 14:07:41 ; 28.4260866746; 28.3999996185; 28.2195656818; 28.1152178308; 28.1217395948; 28.4065213825; 28.0543480334; 27.9086953039; 27.8782604052; 82.1565215069; 80.3282606705; 76.9630433787; 74.9652175903; 73.3804347826; 74.817391437; 81.306521706; 75.4826087952; 80.8739133088; 15.3209934849
2017-12-21 14:12:48 ; 28.3244891264; 28.2734690296; 28.1326535673; 28.0; 28.0081632964; 28.2897953111; 27.9571426937; 27.8040808853; 27.7734690296; 81.1040822243; 79.1367347873; 75.9816334004; 73.9714283846; 72.4571431997; 73.7979588411; 80.1469391803; 74.5183681566; 79.8102035522; 15.3209934849
2017-12-21 14:17:50 ; 28.0595744113; 28.0659576984; 27.8893612801; 27.7744683611; 27.7978722998; 28.0723407015; 27.751064057; 27.5936173378; 27.6234047261; 86.7382973204; 85.3914890695; 81.3914893942; 79.1127656977; 77.3425533214; 78.782978626; 85.9446803965; 79.2872338802; 85.0489367221; 15.3209934849
2017-12-21 14:22:58 ; 28.0957450461; 28.0787237046; 27.8914889478; 27.7744677118; 27.7936163557; 28.0085106708; 27.70212839; 27.5978727138; 27.5978727138; 83.0914894266; 81.4531918789; 77.9702130581; 75.8106376161; 74.2234039307; 75.6765956473; 82.3042558711; 76.2361698556; 81.6872342698; 15.3209934849
2017-12-21 14:28:03 ; 28.1000003815; 28.0957450461; 27.8936166155; 27.7617019491; 27.7957439828; 28.0085106708; 27.7063836443; 27.6000003815; 27.5957450461; 81.4829780092; 79.6680851388; 76.4191483843; 74.3787234692; 72.8297870717; 74.1723402307; 80.5468084457; 74.802127757; 80.1021278868; 15.3209934849
2017-12-21 14:33:12 ; 28.0673915614; 28.0521741121; 27.873912604; 27.7521738384; 27.7804342767; 28.0021739213; 27.6913050361; 27.5847829321; 27.5913046961; 82.900000199; 81.2173914702; 77.8434781614; 75.7478261201; 74.1695651179; 75.4934781945; 82.0586957517; 76.0086958512; 81.3673913375; 16.2646141679
2017-12-21 14:38:14 ; 28.1369564222; 28.0586958761; 27.8717390558; 27.7673913707; 27.7739130518; 28.0391305841; 27.7239131513; 27.6434782692; 27.6717391636; 85.2586958512; 83.9326082313; 80.1608694325; 77.8826088283; 76.1152171259; 77.6999997678; 84.5652175572; 77.9739132757; 83.4652172586; 15.3209934849
2017-12-21 14:43:15 ; 28.34166646; 28.2770829201; 28.1083337466; 27.985416611; 27.9833332698; 28.2791662216; 27.9749999046; 27.881249547; 27.8833328883; 83.910416762; 82.4166663488; 78.9083336194; 76.7312499682; 75.15625; 76.5166668892; 83.1645835241; 76.7916666667; 82.0562502543; 15.3209934849
2017-12-21 14:48:20 ; 28.3106382248; 28.2553191895; 28.0936173784; 27.9702126523; 27.97234032; 28.2382979292; 27.9170209601; 27.8382975802; 27.8617016001; 84.6127660224; 83.170212766; 79.4808511937; 77.2489361053; 75.559574533; 77.097872308; 83.8723405879; 77.4085112227; 82.8340423259; 15.3209934849
2017-12-21 14:53:27 ; 28.4000000649; 28.3446806644; 28.1702134153; 28.0489363569; 28.0531916923; 28.3531912134; 28.0468086892; 27.938297637; 27.938297637; 84.7042552867; 83.2404255968; 79.6021277245; 77.3914889072; 75.7617021926; 77.229786812; 84.0212767581; 77.5617023225; 82.9702125712; 15.3209934849
2017-12-21 14:58:30 ; 28.4166664282; 28.3354163965; 28.1729171673; 28.0604168971; 28.0500001907; 28.320833087; 28.0062500238; 27.9166663488; 27.9291663965; 83.7354165713; 82.2145835559; 78.6541666985; 76.4895833333; 74.8833333651; 76.4104166031; 83.0500001907; 76.7437500954; 82.1291664441; 15.3209934849
2017-12-21 15:03:32 ; 28.393617143; 28.3893616859; 28.2170211711; 28.1127663876; 28.0978727138; 28.3808508528; 28.0446810215; 27.9361699693; 27.9489359754; 85.1957449406; 83.7744679552; 80.0255316876; 77.8638294301; 76.2085110279; 77.6936166642; 84.4872342373; 77.9851061233; 83.4744683124; 15.3209934849
2017-12-21 15:08:37 ; 28.4282606374; 28.3565213162; 28.1804353465; 28.0652176401; 28.0521741121; 28.3347821858; 28.0217392134; 27.9195649106; 27.9304345172; 83.6478261533; 82.1043482241; 78.5521736145; 76.4086955527; 74.7739128445; 76.3456520412; 82.9717393958; 76.7043480251; 82.1108696979; 15.3209934849
2017-12-21 15:13:42 ; 28.3851065128; 28.3574466705; 28.2085106626; 28.0957450461; 28.0914897107; 28.3553187999; 28.0468086892; 27.9361699693; 27.9297869662; 84.9382973529; 83.3659568949; 79.6914891994; 77.5255315253; 75.8510635051; 77.3063825242; 84.0851062207; 77.7148935846; 83.2617026796; 15.3209934849
2017-12-21 15:18:46 ; 28.379999627; 28.3222219255; 28.1622228411; 28.0377779219; 28.0333334605; 28.302221934; 27.9733332316; 27.8755550808; 27.8711106194; 84.0666663276; 82.5155556573; 78.9044445462; 76.7266667684; 75.0844443427; 76.6622221205; 83.3644444784; 77.0288889567; 82.4777779473; 15.3209934849
2017-12-21 15:23:57 ; 28.4437498252; 28.3874995708; 28.1958340804; 28.0916670163; 28.0937503576; 28.3895829121; 28.0750002861; 27.9291663965; 27.8979162772; 82.3541665077; 80.5791659355; 77.2312501272; 75.2374998728; 73.7395830154; 75.1104160945; 81.5833331744; 75.5833333333; 80.8166666031; 16.2646141679
2017-12-21 15:28:55 ; 28.2891303353; 28.2413044805; 28.0782611681; 27.9630433373; 27.9456519666; 28.2347828409; 27.9217388319; 27.8108690925; 27.8195645706; 86.0282607701; 84.6608695984; 80.7739131762; 78.5130437768; 76.7565218055; 78.3673911717; 85.3565217723; 78.7434783604; 84.4173915697; 15.3209934849
2017-12-21 15:34:02 ; 28.4244441562; 28.3977773878; 28.2000007629; 28.1000003815; 28.088889228; 28.3777773115; 28.0355556912; 27.9044440799; 27.8999996185; 80.6577765571; 78.788889228; 75.6399990506; 73.6844431559; 72.2577772352; 73.6688878377; 79.8355556912; 74.0888882107; 79.2622229682; 17.2050402647
2017-12-21 15:39:05 ; 28.2755555895; 28.2511112213; 28.0977781508; 27.9666665395; 27.9533331553; 28.2377779643; 27.9355553097; 27.8311104669; 27.8555550045; 86.7733332316; 85.3577779134; 81.4377783881; 79.2155554877; 77.5044447157; 79.0177778456; 86.06222229; 79.3199998644; 85.0022220188; 15.3209934849
2017-12-21 15:44:14 ; 28.5265307135; 28.463265166; 28.2653058889; 28.1673475772; 28.1510209843; 28.4306119802; 28.1265310949; 28.036734834; 28.0204082411; 81.8632655241; 80.1959184919; 76.9122449914; 74.8816329022; 73.391836361; 74.8408165757; 81.1224488239; 75.1591834243; 80.4244900139; 14.3737807906
2017-12-21 15:49:16 ; 28.4260870063; 28.4217390392; 28.2434780701; 28.1391309655; 28.1217395948; 28.4173910307; 28.1217395948; 27.9630433373; 27.9695651013; 83.4413047459; 81.7173914702; 78.3217393626; 76.2086954531; 74.6499997015; 76.0565213742; 82.5543478261; 76.4673914702; 81.8065220377; 14.3737807906
2017-12-21 15:54:23 ; 28.3666664759; 28.3083331585; 28.1541672548; 28.0375001431; 28.0166667302; 28.2958330711; 27.9937499762; 27.8895829121; 27.9041663011; 84.2916666667; 82.7354165713; 79.1416665713; 76.9666663806; 75.3187495867; 76.8375000954; 83.4604166349; 77.1770833333; 82.7062500318; 14.3737807906
2017-12-21 15:59:26 ; 28.4933333079; 28.3999996185; 28.2000007629; 28.1022226122; 28.1000003815; 28.3999996185; 28.1000003815; 27.9955555386; 27.9822221544; 81.224444241; 79.3177775065; 76.1511110094; 74.1666663276; 72.7222222222; 74.1044436985; 80.2822221544; 74.5533333672; 79.8066667345; 14.579699642
2017-12-21 16:04:33 ; 28.3913039746; 28.3499994278; 28.1913050776; 28.0586958761; 28.0565219547; 28.3434776638; 28.03260882; 27.8956517759; 27.8847821692; 81.0326090274; 78.9826081317; 75.8652171259; 73.9717390641; 72.5369566213; 73.8260867907; 80.015217325; 74.3586959839; 79.4782610354; 14.579699642
2017-12-21 16:09:34 ; 28.222222307; 28.188889228; 28.0311112298; 27.9022218492; 27.9133330027; 28.1622226291; 27.8688883887; 27.7600001865; 27.7999997457; 86.557778083; 85.2466666328; 81.3111112807; 79.0333336724; 77.2266669379; 78.8355553521; 85.8044442071; 79.1400000678; 84.8466668023; 14.579699642
2017-12-21 16:14:37 ; 28.4914893292; 28.3914889478; 28.2000007629; 28.1021280492; 28.0829790399; 28.3787229416; 28.0829790399; 27.9893616615; 27.9851063262; 81.6872342698; 79.959574111; 76.6978724054; 74.6851066427; 73.2191488388; 74.6234039956; 80.8638299171; 74.9765954525; 80.22340458; 14.579699642
2017-12-21 16:19:45 ; 28.3326530067; 28.3285713196; 28.1448985119; 28.0346940099; 28.0285715376; 28.3326529289; 28.0346940099; 27.9061221687; 27.9040812668; 84.120407883; 82.4632652438; 78.848979405; 76.8061221376; 75.1591837358; 76.5530611933; 83.165306247; 76.9387756659; 82.3306123383; 13.6505584502
2017-12-21 16:24:49 ; 28.3916664918; 28.3166664839; 28.1437505484; 28.0312501192; 28.0020833413; 28.2958331505; 27.9958333174; 27.9124996662; 27.9166663488; 83.4000000954; 81.7979164124; 78.3104165395; 76.1770834923; 74.5791670481; 76.0958331426; 82.5583333969; 76.3854168256; 81.7624999682; 13.6505584502
2017-12-21 16:29:51 ; 28.4063830274; 28.3553188811; 28.1765964183; 28.0808513723; 28.0680853661; 28.3659570572; 28.0680853661; 27.9574466462; 27.9617019816; 83.7127657951; 82.0106384602; 78.5276596394; 76.4510636025; 74.8744678903; 76.2510637324; 82.7936172485; 76.5723406203; 81.9382980022; 13.6505584502
2017-12-21 16:34:59 ; 28.4104164839; 28.3312497139; 28.154167215; 28.0604168971; 28.0437501669; 28.3229163488; 28.0229167541; 27.9208330313; 27.9499998093; 83.6062498093; 82.0499998728; 78.5166667302; 76.3916668892; 74.7979168892; 76.2916671435; 82.8333334923; 76.597916921; 82.0104165077; 13.6505584502
2017-12-21 16:39:59 ; 28.4702127335; 28.4319146339; 28.2659571222; 28.1553197414; 28.1127663876; 28.3936166155; 28.0957450461; 27.9936169969; 27.9851063262; 82.2425533863; 80.4851056363; 77.1999998701; 75.1553192139; 73.6234043203; 74.9531917166; 81.3127654055; 75.4021278544; 80.5808508041; 13.6505584502
2017-12-21 16:45:08 ; 28.3571428571; 28.2999999377; 28.144898473; 28.0428573063; 28.0142857688; 28.3040813913; 28.0020408241; 27.8999996185; 27.944897749; 85.1367347873; 83.679591899; 79.9387753545; 77.71428587; 76.0346941267; 77.5693874748; 84.3000002491; 77.8244896714; 83.4102040505; 13.6505584502
2017-12-21 16:50:10 ; 28.5416668256; 28.4979166587; 28.2999992371; 28.2000007629; 28.1812506914; 28.4770832459; 28.185417374; 28.0875003338; 28.0687502623; 80.9479166667; 79.1437501907; 75.9854165713; 74.0020836194; 72.5687497457; 73.9208332698; 80.0333336194; 74.3249998093; 79.4979170163; 13.6505584502
2017-12-21 16:55:21 ; 28.3416665792; 28.3354165554; 28.1791667938; 28.0750002861; 28.0625002384; 28.3583328724; 28.0500001907; 27.9083329837; 27.9374997616; 85.5145834287; 83.9687498411; 80.1812497775; 78.0312496821; 76.3104165395; 77.8124995232; 84.6770833333; 78.2124997775; 83.7895830472; 13.6505584502
2017-12-21 17:00:20 ; 28.4829786585; 28.4127656247; 28.240425678; 28.1319153968; 28.1021280492; 28.3744676062; 28.0744683692; 27.9702126523; 27.9787233231; 82.776595907; 81.1468082184; 77.7489362676; 75.651063635; 74.1170211143; 75.5851065453; 81.9936171187; 75.9361703751; 81.308510476; 13.6505584502
2017-12-21 17:05:25 ; 28.5; 28.4499998093; 28.2695649188; 28.1695658642; 28.1478266509; 28.4043474612; 28.1065221455; 28.0021739213; 27.9891303933; 80.734782675; 78.810870295; 75.6869564886; 73.7413049781; 72.3000002322; 73.6195647198; 79.7500001659; 74.1500005307; 79.332608762; 13.6505584502
2017-12-21 17:10:27 ; 28.3108695901; 28.3021739462; 28.1456527295; 28.019565292; 28.013043528; 28.3086956273; 28.0021739213; 27.8760864838; 27.8586951131; 84.9652167611; 83.2869561237; 79.5804345504; 77.4478258879; 75.7913042151; 77.2456515768; 84.0282609359; 77.6999996019; 83.1782613008; 13.6505584502
2017-12-21 17:15:37 ; 28.4359997559; 28.3519995499; 28.1760006714; 28.0660002518; 28.0500001907; 28.331999588; 28.0280001068; 27.9439997864; 27.9559998322; 83.1379998779; 81.5419998169; 78.0800001526; 75.9540002441; 74.3899996948; 75.8940000916; 82.3640002441; 76.25; 81.6219998169; 13.6505584502
2017-12-21 17:20:39 ; 28.4956521573; 28.3999996185; 28.2043485227; 28.1173917522; 28.1130439095; 28.3999996185; 28.1000003815; 28.0; 27.9913043147; 80.9673908068; 79.0195649188; 75.8891306338; 73.9326080654; 72.4999995024; 73.8217390309; 79.960869333; 74.3304348821; 79.541304381; 13.6505584502
2017-12-21 17:25:42 ; 28.4083329837; 28.3854162296; 28.2000007629; 28.0958336989; 28.0979170402; 28.3895829121; 28.0708336035; 27.9208330313; 27.9041663011; 80.427084446; 78.4187510808; 75.3458350499; 73.4354176521; 71.9979166985; 73.2895833651; 79.4000015259; 73.8520855904; 79.0354161263; 13.6505584502
2017-12-21 17:30:58 ; 28.3760864838; 28.2999992371; 28.1630441002; 28.0086956853; 28.0108696067; 28.2999992371; 28.0021739213; 27.8760864838; 27.8478255065; 80.397827646; 78.3065240279; 75.3108721194; 73.380436607; 71.9391313636; 73.2478259543; 79.3695670418; 73.8456545291; 79.0152171591; 13.6505584502
2017-12-21 17:35:55 ; 28.3061217094; 28.2653058889; 28.1000003815; 28.0; 27.9734692865; 28.2734690296; 27.9510202213; 27.8040808853; 27.7999992371; 80.412246237; 78.3734699171; 75.3612262959; 73.4571435111; 71.977551363; 73.3061233832; 79.3795922727; 73.8673484958; 79.0795906223; 13.6505584502
2017-12-21 17:40:56 ; 28.2829782202; 28.2000007629; 28.0638300307; 27.9468083077; 27.9170209601; 28.2000007629; 27.9021272862; 27.7999992371; 27.7723400846; 80.2085097293; 78.1127642368; 75.1446792927; 73.2446802018; 71.7659571222; 73.0148933898; 79.110636772; 73.6702104934; 78.7978734767; 13.6505584502
2017-12-21 17:45:59 ; 28.1500000763; 28.1340005112; 27.9579998398; 27.8359998322; 27.8599995422; 28.1340005112; 27.8359997559; 27.6960002518; 27.6980007172; 84.423999176; 82.7599998474; 79.153999939; 77.0839985657; 75.4059989929; 76.7260006714; 83.4399998474; 77.2579995728; 82.7559992981; 13.6505584502
2017-12-21 17:51:00 ; 28.27916646; 28.2041668097; 28.0354168018; 27.9249997536; 27.9041663011; 28.1729169289; 27.881249706; 27.7999997934; 27.8124998013; 82.9395834605; 81.3749998411; 77.9000005722; 75.7708334923; 74.1999999682; 75.6500000954; 82.1333332062; 75.9854167302; 81.3499999046; 13.6505584502
2017-12-21 17:55:58 ; 28.4276592985; 28.3765952739; 28.1978730952; 28.0808513723; 28.0702130338; 28.3425525909; 28.0744683692; 27.9787233231; 27.9404253047; 80.6085112551; 78.782978626; 75.6574474903; 73.7212767905; 72.3106379408; 73.6468090301; 79.7148937469; 74.0106381355; 79.1744683448; 13.6505584502
2017-12-21 18:01:03 ; 28.4102037391; 28.3938771462; 28.2000007629; 28.0979595574; 28.0428573063; 28.3224483023; 28.0836737886; 27.9163262114; 27.9020404426; 80.1795909648; 78.2551018851; 75.1734681421; 73.3367362509; 71.8979604293; 73.1897948907; 79.2469385887; 73.6265296158; 78.748978751; 13.6505584502
2017-12-21 18:06:08 ; 28.3877546739; 28.3061217483; 28.1877558183; 28.0224490652; 28.0244898893; 28.2775506; 28.0061224723; 27.8999996185; 27.8999996185; 80.1734675193; 78.2244890174; 75.1510182595; 73.2469382773; 71.8897975999; 73.2530610999; 79.1734673636; 73.6367326075; 78.7673479975; 0 
2017-12-21 18:11:10 ; 28.3021731584; 28.1978268416; 28.1000003815; 28.0; 27.986956472; 28.0978264601; 27.9826086293; 27.8999996185; 27.8999996185; 80.3695665442; 78.7652176567; 75.2673917024; 73.2913060396; 72.0; 73.7739131762; 79.3260884492; 73.6217372728; 78.7478259543; 0 
2017-12-21 18:16:16 ; 28.2727269259; 28.1113640612; 28.0954549096; 28.0; 27.9136360342; 28.0; 27.9318179217; 27.8999996185; 27.8999996185; 80.6772717563; 79.2136362249; 75.4818184593; 73.415910374; 72.2136355313; 74.2863644687; 79.5090907704; 73.6772703691; 78.8000028784; 0 
2017-12-21 18:21:24 ; 28.2063836443; 28.0851067076; 28.0319150154; 27.9978723323; 27.8999996185; 27.9468083077; 27.8999996185; 27.8999996185; 27.8914889478; 80.8106408626; 79.4446816952; 75.6234023723; 73.5765945759; 72.3851079738; 74.5106381355; 79.617019491; 73.7574474254; 78.8808528819; 0 
2017-12-21 18:26:25 ; 28.2000007629; 28.0591838992; 28.0; 28.0; 27.8999996185; 27.8999996185; 27.8999996185; 27.8999996185; 27.8938771462; 80.7653072124; 79.4265309548; 75.5897950153; 73.5469379036; 72.3775513318; 74.4918363921; 79.5673466897; 73.6734698549; 78.8102046422; 0
2017-12-21 18:31:31 ; 28.1083335479; 27.9666665395; 27.9562498331; 27.8916662534; 27.8124996821; 27.8458327452; 27.818749547; 27.8291662931; 27.8583327929; 87.2416667938; 86.6374998093; 81.8583337466; 79.402083238; 77.9500001272; 80.4354166985; 86.3312500318; 79.1916672389; 84.7562499046; 0 
2017-12-21 18:36:37 ; 28.4063826216; 28.1957453464; 28.1808517537; 28.1340430645; 27.9978723323; 28.061702363; 28.0659576984; 28.0808513723; 28.089362043; 82.5574469059; 81.546808608; 77.446808673; 75.1978725677; 74.0148942014; 76.3574468734; 81.5276589901; 75.1425534512; 80.3489360404; 0 
2017-12-21 18:41:41 ; 28.388888465; 28.2000007629; 28.2000007629; 28.155556149; 28.0377779219; 28.1000003815; 28.0977781508; 28.0777780745; 28.0711113824; 81.3555557251; 80.0111112807; 76.0977776421; 73.9599995931; 72.8355555216; 75.0622221205; 80.1111109416; 74.0599994236; 79.1955557929; 0 
2017-12-21 18:46:47 ; 28.3142850058; 28.1714292254; 28.1530618084; 28.0673471957; 27.9693876383; 28.0040816482; 28.0; 27.981632583; 27.9591835178; 81.1469370005; 79.7530609442; 75.8510222143; 73.7204063571; 72.6102025558; 74.81836825; 79.877552266; 73.9061238814; 79.0469380593; 0 
2017-12-21 18:51:52 ; 28.2156867981; 28.1000003815; 28.0862748389; 28.0; 27.8999996185; 27.9647057477; 27.9156859529; 27.8999996185; 27.8941172431; 81.4000010771; 80.0156860352; 76.1078416413; 73.9627455169; 72.8313739253; 75.0823516846; 80.0882342469; 74.1588224523; 79.3705891628; 0 
2017-12-21 18:56:54 ; 28.1913050776; 28.0; 28.0; 27.9543476519; 27.8717386412; 27.8999996185; 27.8673907985; 27.8282602144; 27.8043470797; 81.4826084635; 80.0826074351; 76.1391286435; 74.0130432792; 72.8826096576; 75.119563393; 80.1369559247; 74.1760862599; 79.4000011942; 0 
2017-12-21 19:02:02 ; 28.1553197414; 28.0; 27.9936169969; 27.8999996185; 27.8063822401; 27.8999996185; 27.8021269048; 27.8021269048; 27.7999992371; 81.2425537109; 79.8765958421; 75.9978723729; 73.8361710893; 72.7106383303; 74.9702132205; 79.9085107357; 73.9872337504; 79.210639142; 0 
2017-12-21 19:07:07 ; 28.1632659289; 28.0; 27.9959183518; 27.8999996185; 27.8061217094; 27.8999996185; 27.8020400612; 27.8061217094; 27.8020400612; 80.9551027259; 79.5714274815; 75.7734708202; 73.6102024001; 72.4795921481; 74.7448976478; 79.6224471112; 73.7204063571; 78.8979607407; 0 
2017-12-21 19:12:09 ; 28.0695656901; 27.9434782111; 27.9326086459; 27.8521736394; 27.7608690676; 27.8326083888; 27.7717386329; 27.7608691091; 27.7478256226; 80.8239139059; 79.3739124796; 75.5500008956; 73.471738069; 72.3804347826; 74.7434785262; 79.686955991; 73.708694458; 79.2478269494; 0
2017-12-21 19:17:17 ; 27.766666611; 27.6437498728; 27.6187498569; 27.56041646; 27.46875; 27.5041665236; 27.5020832221; 27.5833330552; 27.6916665634; 89.0604163806; 88.6125001907; 83.8395833969; 81.2374997139; 79.6645835241; 82.3145833015; 88.2874999046; 80.714583238; 86.3708335559; 0 
2017-12-21 19:22:21 ; 28.7895830075; 28.5187501113; 28.4583333333; 28.4020831585; 28.2895831267; 28.3770832618; 28.4208332698; 28.5187501113; 28.552083532; 82.5562500954; 81.8666669528; 77.8645831744; 75.5687500636; 74.4187498093; 76.7125000954; 81.6854166985; 75.0229167938; 80.0104168256; 0 
2017-12-21 19:27:23 ; 28.7799995422; 28.6022226122; 28.5688891517; 28.5; 28.3999996185; 28.5; 28.5155556149; 28.5355556912; 28.5422223833; 81.1222205268; 79.8955568102; 76.0733334012; 73.9533340454; 72.8355560303; 74.9866670397; 79.8577787611; 73.7466664632; 78.7488893297; 0 
2017-12-21 19:32:29 ; 28.6521744935; 28.4913043147; 28.4630433373; 28.3826082478; 28.3304341772; 28.3804343265; 28.3804343265; 28.3608690345; 28.3608690345; 81.1413021917; 79.7913058737; 75.9304358441; 73.8130448383; 72.7043462007; 74.8456541974; 79.7717399597; 73.7913062054; 78.9000008625; 0 
2017-12-21 19:37:33 ; 28.5312501192; 28.3749995232; 28.3520827691; 28.295832634; 28.2166670958; 28.2708330154; 28.2687497139; 28.2333335876; 28.2333335876; 81.1999991735; 79.829167366; 75.9708337784; 73.8770847321; 72.7145822843; 74.8937505086; 79.8312506676; 73.8812511762; 78.9916667938; 0 
2017-12-21 19:42:40 ; 28.4326084386; 28.2695649188; 28.2391306006; 28.2000007629; 28.1086960668; 28.1760876282; 28.1630441002; 28.1369570442; 28.1434788082; 80.8565224357; 79.4499996019; 75.5869563559; 73.5304343182; 72.3739138064; 74.5152169932; 79.4695650184; 73.560869134; 78.6304357777; 0
2017-12-21 19:47:42 ; 28.0693878252; 27.9877550553; 27.9775509348; 27.908162915; 27.840815875; 27.8877546739; 27.8775505533; 27.8693872569; 27.9183670355; 87.6673470322; 86.9204081321; 82.0816328088; 79.6244897648; 78.1326535283; 80.655101854; 86.4387756659; 79.2673467519; 84.8530609754; 0 
2017-12-21 19:52:56 ; 28.0102041206; 27.8979587944; 27.8816322015; 27.7979584519; 27.7122454741; 27.7571427482; 27.7285717555; 27.7020415481; 27.7428572518; 83.2591834555; 82.0795918679; 77.838775012; 75.5448975855; 74.3142860568; 76.6857137875; 81.8979588723; 75.5183670667; 80.8285713974; 0 
2017-12-21 19:57:56 ; 27.986956472; 27.8065210011; 27.7999992371; 27.7195656818; 27.6630441002; 27.7000007629; 27.6913050776; 27.6565223362; 27.7000007629; 82.4673918019; 81.1630413221; 77.0869551949; 74.9500007629; 73.6586938941; 75.9478268831; 81.119563393; 74.8586978083; 80.1239111527; 0 
2017-12-21 20:03:00 ; 27.908162915; 27.7591835333; 27.7244901852; 27.7000007629; 27.5979595574; 27.6306127431; 27.6061228538; 27.6000003815; 27.6061228538; 81.9081632653; 80.6000001868; 76.5816326531; 74.4489797475; 73.1877551955; 75.4428575477; 80.4959182739; 74.3857141612; 79.5265308302; 0 
2017-12-21 20:08:01 ; 27.9326528043; 27.7510203926; 27.7061231185; 27.6979599388; 27.5938779091; 27.6346943914; 27.610204502; 27.6020412056; 27.6591842807; 81.8285713974; 80.4897962298; 76.5265305188; 74.4061224801; 73.2020406918; 75.3591842651; 80.4102040505; 74.2448981149; 79.2530610999; 0 
2017-12-21 20:13:09 ; 27.9148937388; 27.7382979292; 27.7191490011; 27.6638299252; 27.5829788776; 27.6382979941; 27.6531917085; 27.6744681419; 27.7510638947; 86.8446806238; 86.2595742408; 81.5829787559; 79.0829787559; 77.5936172161; 80.085106383; 85.7553189866; 78.6127658601; 84.0893614749; 0 
2017-12-21 20:18:12 ; 28.2851058473; 28.0808513723; 28.0531916923; 27.9829786585; 27.8872336124; 27.9744679877; 27.9744679877; 27.9957446646; 28.0531916923; 81.6085104435; 80.4744679877; 76.5468082834; 74.2978725028; 73.1319146664; 75.3638300794; 80.2489362676; 73.9829788208; 78.9340425857; 0
2017-12-21 20:23:17 ; 28.0956523729; 27.96739118; 27.9565215733; 27.8739125625; 27.7891303353; 27.8521733491; 27.8521733491; 27.8782604052; 27.9413041239; 87.1000006303; 86.4086958844; 81.7195648525; 79.3021737804; 77.9043477929; 80.3043476602; 85.9586957849; 78.7413046464; 84.0869565217; 0 
2017-12-21 20:28:20 ; 28.3711106618; 28.184445148; 28.1533339183; 28.0733336131; 27.9688887702; 28.044444614; 28.0644446903; 28.088889228; 28.1466672262; 82.2822219849; 81.1844441732; 77.1488889906; 74.906666904; 73.7644448174; 75.9955554538; 81.0866663615; 74.6088889228; 79.5000003391; 0 
2017-12-21 20:33:28 ; 28.2297872584; 28.0829790399; 28.061702363; 27.9808509908; 27.8808506093; 27.9468083077; 27.9489359754; 27.97234032; 28.0446810215; 86.1531912621; 85.3829783987; 80.8297870717; 78.3510636675; 76.9574466462; 79.4787230796; 84.940425467; 77.921276336; 83.27659542; 0 
2017-12-21 20:38:31 ; 28.3978257387; 28.2108701623; 28.1956529203; 28.1521744935; 28.0173913707; 28.0956525388; 28.0978264601; 28.1391309655; 28.1782615496; 82.1347822106; 80.943478294; 76.9543478593; 74.8108697974; 73.6565221704; 75.8695652174; 80.9413047459; 74.5695648193; 79.4695650184; 0 
2017-12-21 20:43:36 ; 28.2104166746; 28.0833336512; 28.0604168971; 27.9770832459; 27.8937495947; 27.947916468; 27.9416664441; 27.9604165157; 28.0354168018; 86.6812500954; 85.9645833969; 81.3083338737; 78.8312498728; 77.4312499364; 79.96875; 85.5562499364; 78.4562498728; 83.9041665395; 0 
2017-12-21 20:48:44 ; 28.3999996185; 28.2000007629; 28.1978730952; 28.1085110522; 28.0085106708; 28.0936173784; 28.0978727138; 28.1000003815; 28.1340430645; 81.946808673; 80.7638296574; 76.7765957447; 74.5617024848; 73.4191490336; 75.736170505; 80.6999998701; 74.3957451354; 79.4702135451; 0 
2017-12-21 20:53:45 ; 28.2624995708; 28.1500005722; 28.1229171356; 28.0395834843; 27.9437497854; 27.9958333174; 27.9958333174; 27.9874999523; 28.0062500238; 83.0458332698; 81.8437498411; 77.7687501907; 75.5291663806; 74.3374997775; 76.5916670163; 81.7833333015; 75.3958334923; 80.6104167302; 0 
2017-12-21 20:58:52 ; 28.1510638785; 27.9957446646; 27.9851063262; 27.9063826216; 27.8297867471; 27.8659569355; 27.8617016001; 27.8808506093; 27.9404253047; 85.5829784312; 84.7808513236; 80.2127661198; 77.7744682799; 76.4468085106; 78.9659574793; 84.4170210818; 77.5255323369; 82.914893617; 0 
2017-12-21 21:03:55 ; 28.3234035817; 28.1978730952; 28.1148940553; 28.0531916923; 27.9361699693; 28.0; 28.0; 28.0085106708; 28.0659576984; 81.5148940391; 80.2936169239; 76.3170211467; 74.1340429428; 72.9851061233; 75.2659572845; 80.1531910998; 73.9553198307; 78.9851064479; 0 
2017-12-21 21:09:04 ; 28.0844444699; 27.9666665395; 27.9577776167; 27.866666158; 26.8577778286; 27.8577772352; 27.8377773285; 27.8488883124; 27.9155552334; 85.7666666667; 84.9022221883; 80.3666666667; 77.7222223918; 76.3; 79.0288887872; 84.5022220188; 77.5333336724; 82.7155554877; 0
2017-12-21 21:14:04 ; 28.0999998424; 27.9499998093; 27.9195649106; 27.8282609608; 27.7195653501; 27.7586958097; 27.7760870975; 27.8304348407; 27.9282605959; 86.6000001327; 85.9282603057; 81.3565217723; 78.8239130766; 77.4804345836; 80.0260867243; 85.5543474944; 78.3478262528; 83.4782610354; 0 
2017-12-21 21:19:12 ; 28.4583331744; 28.2687497139; 28.2000007629; 28.1604172786; 27.9937499762; 28.0729169448; 28.0791669687; 28.1020837228; 28.1583339373; 81.1854168574; 79.9833332698; 76.0645836194; 74.0145829519; 72.9374996821; 75.2520834605; 80.1541668574; 73.8687493006; 78.6750006676; 0
2017-12-21 21:24:19 ; 28.1688892365; 28.0622224596; 28.044444614; 27.9577776167; 27.8511105431; 27.8977773878; 27.8733328501; 27.8977773878; 27.9577776167; 86.8555555556; 86.0111111111; 81.3711113824; 78.9399995592; 77.5555552165; 80.0644443088; 85.6777776082; 78.5555557251; 83.831111145; 0 
2017-12-21 21:29:20 ; 28.2979159355; 28.1395838658; 28.1000003815; 28.0; 27.8999996185; 27.933333079; 27.9062496424; 27.9020829598; 27.9624998569; 81.6104165713; 80.3208328883; 76.3562496503; 74.2208336194; 73.1395831108; 75.4854168892; 80.4541664124; 74.2166668574; 79.1708334287; 0 
2017-12-21 21:34:29 ; 28.0489795841; 27.9306119802; 27.9142853873; 27.8326530067; 27.7387756815; 27.7755103987; 27.7530613335; 27.7591838837; 27.7897957782; 86.0224487927; 85.0510205639; 80.4897957627; 78.1224486682; 76.7979591525; 79.2204088484; 84.7938772708; 77.859183798; 83.1183670978; 0 
2017-12-21 21:39:30 ; 28.2244899905; 28.0571430751; 28.018367417; 27.9469385731; 27.8183668876; 27.8530607418; 27.842856738; 27.8693872569; 27.8918363221; 82.1122447423; 80.9571427326; 76.9346937841; 74.7551018851; 73.6489798098; 76.0367349119; 81.0714288828; 74.6999997509; 79.5959183051; 0 
2017-12-21 21:44:36 ; 28.0458334684; 27.9458331267; 27.9104163249; 27.8270835082; 27.7229166826; 27.7666666905; 27.7562499841; 27.7833334208; 27.8124998411; 85.6125005086; 84.6187500954; 80.133333683; 77.8562499682; 76.5645833015; 78.9583333333; 84.4312502543; 77.5000001589; 82.762500604; 0 
2017-12-21 21:49:40 ; 28.2020409253; 28.0306123617; 28.0; 27.9061221298; 27.7816324039; 27.8244895546; 27.8102038247; 27.8448976011; 27.8816322015; 82.6693879731; 81.6081633276; 77.5224492599; 75.3122448045; 74.1755101729; 76.5918367347; 81.6795922104; 75.193877551; 80.1836737808; 0 
2017-12-21 21:54:45 ; 28.0897959884; 27.981632583; 27.9551018695; 27.8714286648; 27.7530611389; 27.8061224101; 27.7857142468; 27.8061224101; 27.8285712417; 84.936734725; 83.9142857766; 79.5530613491; 77.265305811; 76.0142853406; 78.3836732203; 83.7448978035; 76.9673471256; 82.0775515498; 0 
2017-12-21 21:59:50 ; 28.1872341481; 28.0127660061; 27.9765956554; 27.8914891507; 27.7680849522; 27.8063828083; 27.7957445104; 27.8276593229; 27.8723399791; 83.2106384927; 82.2212766282; 78.0297877535; 75.7914892968; 74.6170211143; 77.0680853661; 82.2361706673; 75.657446841; 80.6872344321; 0 
2017-12-21 22:04:53 ; 28.1744683042; 28.0531916923; 28.0170213415; 27.9468083483; 27.821276198; 27.8659570978; 27.8510635051; 27.861701803; 27.8680846437; 83.0212769204; 81.8021275946; 77.704255449; 75.5106378109; 74.3553189217; 76.6659578364; 81.8191487738; 75.3234046774; 80.3446809485; 0 
2017-12-21 22:10:05 ; 28.0938777145; 27.9326528043; 27.8979587944; 27.8183672379; 27.7061224957; 27.7510204704; 27.7265307368; 27.7734694189; 27.8122446878; 84.7122443063; 83.8163265306; 79.393877769; 77.0510200968; 75.8102037079; 78.3040816638; 83.6530610688; 76.8673470945; 82.0591837046; 0 
2017-12-21 22:15:04 ; 28.2586955195; 28.0978264601; 28.0630437188; 27.9891303933; 27.8673907985; 27.8999996185; 27.8913039332; 27.8934778545; 27.9260866746; 81.1282607369; 79.7934782609; 75.9239132093; 73.8326084303; 72.8195646535; 75.0630441749; 79.9521736477; 73.7500001659; 78.6152172918; 0
2017-12-21 22:20:10 ; 28.0270834366; 27.895832936; 27.8729162216; 27.7874999444; 27.6854168971; 27.7312502066; 27.7145835956; 27.7479168574; 27.7916663885; 86.4750002225; 85.6687499682; 80.4937505722; 78.6249998411; 77.2791668574; 79.7875005404; 85.3812500636; 78.2520834605; 83.6479167938; 0 
2017-12-21 22:25:17 ; 28.2959176667; 28.1000003815; 28.0897962609; 27.9979591759; 27.8877546739; 27.8979587944; 27.8918363221; 27.908162915; 27.9714284624; 81.1510201279; 79.87346945; 76.0163264372; 73.9081632653; 72.8673467831; 75.1612243652; 80.0448975855; 73.806122449; 78.7040816327; 0
2017-12-21 22:30:16 ; 28.0456523481; 27.9239127532; 27.8978256972; 27.8130431797; 27.7217394373; 27.7500001659; 27.739130725; 27.756521764; 27.8304341358; 86.7847827414; 85.9695653501; 81.358695818; 78.9956519085; 77.6304351143; 80.1152174576; 85.7434780287; 78.5869566876; 83.8695650515; 0 
2017-12-21 22:35:23 ; 28.2699996948; 28.0940003586; 28.070000267; 27.9859999466; 27.8519994354; 27.8859995651; 27.8739995193; 27.8979996109; 27.9179996872; 81.5299996948; 80.3059999084; 76.376000061; 74.2419999695; 73.1900003052; 75.5259996033; 80.4600001526; 74.1860003662; 79.0940000916; 0 
2017-12-21 22:40:27 ; 28.0375001033; 27.9249997139; 27.8916662534; 27.8104167779; 27.4083334605; 27.7520835797; 27.7291668256; 27.7583336035; 27.7937497695; 85.9979173342; 85.1395831108; 80.5479167302; 78.2374997139; 76.1520829201; 79.3812503815; 84.8187497457; 77.8416671753; 83.1645835241; 0 
2017-12-21 22:45:34 ; 28.2499998341; 28.0673915614; 28.0456523481; 27.9608694159; 27.8239126205; 27.8543473949; 27.8478257138; 27.8739125625; 27.8999996185; 82.0673912712; 80.9630433787; 76.9478260538; 74.7760867243; 73.6847824428; 76.0760876199; 81.0652170596; 74.6847829404; 79.6391309655; 0 
2017-12-21 22:50:40 ; 28.0617021195; 27.9404253047; 27.9255316308; 27.8340427318; 27.7404255968; 27.7765958258; 27.7595745249; 27.7744681987; 27.8063828083; 85.7574469384; 84.8297870717; 80.3127655679; 77.993616794; 76.7148934222; 79.144680916; 84.5829785935; 77.7021276596; 82.8999999026; 0 
2017-12-21 22:55:46 ; 28.2374998728; 28.0458335082; 28.0229167541; 27.933333079; 27.8041664362; 27.8354163567; 27.8270830313; 27.8604162931; 27.9062496424; 82.5666662852; 81.5083335241; 77.4250003497; 75.2291666667; 74.0875000954; 76.504166762; 81.5479162534; 75.1062499682; 80.0749999682; 0 
2017-12-21 23:00:47 ; 28.1088888804; 27.9888888465; 27.9644443088; 27.8844443851; 27.7688888126; 27.8088889228; 27.8022222731; 27.8066667345; 27.8355552673; 85.0022223579; 83.9688893636; 79.5822219849; 77.3066663954; 76.0733335707; 78.4955557929; 83.8911105686; 77.0844443427; 82.2777777778; 0 
2017-12-21 23:05:53 ; 28.21875; 28.0375001431; 28.0166667302; 27.9229163726; 27.7937498093; 27.8291663726; 27.8145831029; 27.8499995867; 27.8874995708; 82.8166662852; 81.7583332062; 77.6666665077; 75.4249998728; 74.272916317; 76.7333329519; 81.8208330472; 75.3437501589; 80.3520833651; 0 
2017-12-21 23:11:00 ; 28.1217388485; 27.9956521573; 27.973912944; 27.8869565881; 27.7826086127; 27.8173912297; 27.8086955858; 27.8195651096; 27.8543475193; 84.9847828409; 83.9173914039; 79.6130439095; 77.3130433456; 76.1086951546; 78.4586959507; 83.8304348821; 77.0434777633; 82.1934781282; 0 
2017-12-21 23:16:05 ; 28.1787234773; 28.0042553354; 27.97234032; 27.8872337747; 27.7638296574; 27.8021274729; 27.7893616291; 27.8191487738; 27.8638293084; 83.6361704076; 82.685106318; 78.4468085106; 76.1936173135; 74.9936171187; 77.4851061233; 82.6723403931; 76.0276594771; 81.1340427805; 0 
2017-12-21 23:21:09 ; 28.2222223494; 28.0822225359; 28.0488890754; 27.9733332316; 27.8599995507; 27.8866662343; 27.8755550808; 27.8844440036; 27.8999996185; 81.964444987; 80.7133332994; 76.8222217136; 74.6777774387; 73.63777771; 75.851111518; 80.8266669379; 74.5133331299; 79.4355546739; 0 
2017-12-21 23:26:10 ; 28.0653062937; 27.9204078596; 27.8938771462; 27.8000000156; 27.6938777456; 27.7367348574; 27.7244899516; 27.7653062782; 27.8122446099; 85.5122450225; 84.6653060913; 80.1530613802; 77.7999999377; 76.5040815704; 79.0408163265; 84.4326533103; 77.5224487927; 82.7857144414; 0 
2017-12-21 23:31:21 ; 28.2874994278; 28.0979170402; 28.0916670163; 27.9979166587; 27.8833328883; 27.8999996185; 27.895832936; 27.8979162772; 27.9499998093; 81.4083331426; 80.0666670799; 76.2541666031; 74.1666665077; 73.1083339055; 75.3979164759; 80.2999998728; 74.0104168256; 78.9479171435; 0 
2017-12-21 23:36:22 ; 28.0500001474; 27.9159087701; 27.8931814107; 27.8045452725; 27.6977274635; 27.7409092296; 27.7340911518; 27.7613637231; 27.8272720684; 86.431817835; 85.6659095071; 81.0522726232; 78.638636329; 77.3090912212; 79.8818179044; 85.4454546842; 78.3068181818; 83.7159090909; 0 
2017-12-21 23:41:23 ; 28.2913037176; 28.1000003815; 28.0978264601; 28.0; 27.8956517759; 27.8999996185; 27.8978256972; 27.9021735399; 27.9521737306; 81.2826081981; 80.0086955195; 76.1326089942; 74.0152176567; 72.9891302689; 75.3108694657; 80.1978262196; 73.9130436441; 78.8913040161; 0 
2017-12-21 23:46:29 ; 27.8931819742; 27.8227274635; 27.7954547622; 27.7409093163; 27.6181817055; 27.661363645; 27.661363645; 27.6659091169; 27.7295455933; 86.6204546148; 85.6681818529; 80.9545449344; 78.6045455933; 77.3295452812; 79.684091568; 85.2522723458; 78.2113631855; 83.5590903542; 0 
2017-12-21 23:51:32 ; 28.3895831903; 28.1687500477; 28.116667072; 28.0416668653; 27.9083332618; 27.9625000556; 27.9770834049; 28.0604169369; 28.1020837228; 82.4895833333; 81.5854166349; 77.5500001907; 75.3312501907; 74.2291661898; 76.6250003179; 81.5812498728; 75.0187497139; 79.9895838102; 0 
2017-12-21 23:56:38 ; 28.2829790318; 28.1744680608; 28.121276612; 28.0574470277; 27.9425529723; 27.9936169969; 28.0021276677; 28.02765968; 28.0787237046; 85.6829790156; 84.7851062531; 80.3468084132; 78.0276594771; 76.7255320448; 79.0680855284; 84.4234047748; 77.4936169563; 82.7936167616; 0 
